# NEST version: 3.6.0-post0.dev0
# RecordingBackendASCII version: 2
sender	time_ms
233	1435.483
7545	1435.483
7769	1435.483
7977	1435.483
13913	1435.483
233	1435.967
6281	1435.934
7545	1435.967
7769	1435.967
7977	1435.967
13913	1435.967
233	1436.451
6281	1436.418
7545	1436.451
7769	1436.451
7977	1436.451
13913	1436.451
233	1436.936
6281	1436.903
7545	1436.935
7769	1436.935
7977	1436.935
13913	1436.935
233	1437.420
5177	1437.483
6281	1437.388
7545	1437.420
7769	1437.420
7977	1437.420
13913	1437.420
233	1437.905
3961	1437.983
4025	1437.983
5385	1437.983
6281	1437.874
7545	1437.905
7769	1437.905
7977	1437.905
12937	1437.983
13913	1437.905
233	1438.390
5177	1438.467
6281	1438.359
7545	1438.390
7769	1438.390
7977	1438.390
13913	1438.390
233	1438.875
4025	1438.967
5081	1438.983
5129	1438.983
5225	1438.983
5241	1438.983
5353	1438.983
6281	1438.845
7545	1438.875
7769	1438.875
7977	1438.875
10521	1438.983
11593	1438.983
12937	1438.967
13913	1438.875
233	1439.361
1561	1439.483
1801	1439.483
2729	1439.483
2761	1439.483
3929	1439.482
5177	1439.452
5385	1439.468
6281	1439.331
7545	1439.361
7769	1439.361
7977	1439.361
13913	1439.361
1849	1439.983
3065	1439.983
3961	1439.968
7977	1439.846
11785	1439.983
2969	1440.483
7769	1440.349
12937	1440.453
13913	1440.851
6281	1441.325
7545	1441.353
233	1441.855
