# NEST version: 3.6.0-post0.dev0
# RecordingBackendASCII version: 2
sender	time_ms
392	1435.483
6632	1435.483
7816	1435.483
7992	1435.483
392	1435.967
6632	1435.967
7816	1435.967
7992	1435.967
392	1436.451
6632	1436.451
7816	1436.451
7992	1436.451
392	1436.936
6632	1436.935
7816	1436.935
7992	1436.935
392	1437.420
6632	1437.420
7816	1437.420
7992	1437.420
392	1437.905
6632	1437.905
7816	1437.905
7992	1437.905
392	1438.390
1512	1438.483
4248	1438.483
5464	1438.483
6632	1438.390
7816	1438.390
7992	1438.390
392	1438.875
4008	1438.983
6632	1438.875
7816	1438.875
7992	1438.875
392	1439.361
3944	1439.483
4056	1439.483
5304	1439.483
6632	1439.361
7816	1439.361
7992	1439.361
8872	1439.483
1512	1439.968
2968	1439.982
4200	1439.983
4248	1439.968
12888	1439.983
13048	1439.983
2856	1440.483
4152	1440.483
4328	1440.483
7992	1440.349
10536	1440.483
11448	1440.481
1416	1440.983
2600	1440.983
7992	1440.835
10344	1440.983
7816	1441.353
392	1441.855
