# NEST version: 3.6.0-post0.dev0
# RecordingBackendASCII version: 2
sender	time_ms
6263	1435.483
6871	1435.483
7959	1435.483
55	1435.933
6263	1435.967
6871	1435.967
7959	1435.967
55	1436.418
6263	1436.451
6871	1436.451
7959	1436.451
55	1436.902
6263	1436.935
6871	1436.935
7959	1436.935
55	1437.387
4087	1437.483
6263	1437.420
6871	1437.420
7959	1437.420
55	1437.873
2743	1437.983
6263	1437.905
6871	1437.905
7959	1437.905
55	1438.358
3991	1438.483
4087	1438.467
4167	1438.483
6263	1438.390
6871	1438.390
7959	1438.390
8871	1438.483
10599	1438.483
55	1438.844
1655	1438.982
2791	1438.983
5495	1438.983
6263	1438.875
6871	1438.875
7959	1438.875
8967	1438.983
12823	1438.983
2535	1439.483
2743	1439.468
3015	1439.483
3959	1439.483
4087	1439.452
5207	1439.482
5239	1439.483
6263	1439.361
6871	1439.361
7959	1439.361
55	1439.833
2775	1439.983
3991	1439.968
6263	1439.846
8871	1439.968
9207	1439.983
10151	1439.983
10599	1439.968
12535	1439.983
2743	1440.452
2791	1440.468
3079	1440.483
3943	1440.483
7959	1440.349
11527	1440.482
6263	1440.835
6871	1440.851
11783	1440.983
55	1441.827
