# NEST version: 3.6.0-post0.dev0
# RecordingBackendASCII version: 2
sender	time_ms
115	1435.483
451	1435.483
6627	1435.483
7699	1435.483
14211	1435.483
14243	1435.483
14355	1435.483
115	1435.967
451	1435.967
6627	1435.967
7699	1435.967
14211	1435.967
14243	1435.967
14355	1435.967
115	1436.451
451	1436.451
6627	1436.451
7699	1436.451
14211	1436.451
14243	1436.451
14355	1436.451
115	1436.936
451	1436.936
6627	1436.935
7699	1436.935
14211	1436.935
14243	1436.935
14355	1436.935
115	1437.420
451	1437.420
6627	1437.420
7699	1437.420
14211	1437.420
14243	1437.420
14355	1437.420
115	1437.905
451	1437.905
6627	1437.905
7699	1437.905
9043	1437.983
9075	1437.983
9171	1437.983
14211	1437.905
14243	1437.905
14355	1437.905
115	1438.390
451	1438.390
5251	1438.483
6627	1438.390
7699	1438.390
11395	1438.483
14211	1438.390
14243	1438.390
14355	1438.390
115	1438.875
451	1438.875
1395	1438.983
3939	1438.983
4211	1438.979
5027	1438.983
5379	1438.982
5619	1438.983
6627	1438.875
7699	1438.875
9043	1438.967
12851	1438.983
14211	1438.875
14243	1438.875
14355	1438.875
115	1439.361
451	1439.361
2995	1439.483
5603	1439.483
6627	1439.361
7699	1439.361
9075	1439.468
9171	1439.468
10051	1439.483
14211	1439.361
14355	1439.361
115	1439.846
1267	1439.983
11395	1439.968
14243	1439.863
115	1440.332
451	1440.349
2787	1440.482
5523	1440.483
9043	1440.453
9075	1440.452
14355	1440.349
115	1440.819
6627	1440.851
10051	1440.968
7699	1441.353
14211	1441.353
