# NEST version: 3.6.0-post0.dev0
# RecordingBackendASCII version: 2
sender	time_ms
113	1435.483
465	1435.483
7729	1435.483
8113	1435.483
113	1435.967
465	1435.967
7729	1435.967
8113	1435.967
113	1436.451
465	1436.451
7729	1436.451
8113	1436.451
113	1436.936
465	1436.936
7729	1436.935
8113	1436.935
113	1437.420
465	1437.420
7729	1437.420
8113	1437.420
113	1437.905
465	1437.905
3953	1437.983
5329	1437.983
7729	1437.905
8113	1437.905
113	1438.390
465	1438.390
5009	1438.483
7729	1438.390
8113	1438.390
10417	1438.483
113	1438.875
465	1438.875
1617	1438.983
7729	1438.875
8113	1438.875
113	1439.361
465	1439.361
5329	1439.468
8113	1439.361
9073	1439.483
10161	1439.483
10417	1439.467
11793	1439.483
1377	1439.983
2625	1439.983
2673	1439.983
3825	1439.983
7729	1439.863
10081	1439.983
11617	1439.983
12961	1439.983
2513	1440.483
2993	1440.483
3761	1440.483
8113	1440.349
8849	1440.483
9217	1440.483
465	1440.851
5137	1440.983
5281	1440.983
113	1441.353
