# NEST version: 3.6.0-post0.dev0
# RecordingBackendASCII version: 2
sender	time_ms
621	1435.483
6461	1435.483
6509	1435.483
7741	1435.483
14157	1435.483
621	1435.967
6461	1435.967
6509	1435.967
7741	1435.967
14157	1435.967
621	1436.451
6461	1436.451
6509	1436.451
7741	1436.451
14157	1436.451
621	1436.936
6461	1436.935
6509	1436.935
7741	1436.935
14157	1436.935
621	1437.420
3821	1437.483
3933	1437.483
6461	1437.420
6509	1437.420
7741	1437.420
10365	1437.483
14157	1437.420
621	1437.905
4013	1437.983
5245	1437.983
6461	1437.905
6509	1437.905
7741	1437.905
14157	1437.905
621	1438.390
3933	1438.467
6461	1438.390
6509	1438.390
7741	1438.390
9037	1438.483
10365	1438.467
12733	1438.483
14157	1438.390
621	1438.875
6461	1438.875
6509	1438.875
7741	1438.875
11581	1438.983
14157	1438.875
621	1439.361
3821	1439.468
3981	1439.483
5245	1439.468
6461	1439.361
6509	1439.361
7741	1439.361
10365	1439.452
12733	1439.467
14157	1439.361
621	1439.846
2685	1439.982
3933	1439.953
4045	1439.983
4141	1439.983
7741	1439.846
11373	1439.983
11469	1439.982
621	1440.332
8989	1440.483
11581	1440.468
14157	1440.349
7741	1440.835
6461	1441.353
6509	1441.353
