# NEST version: 3.6.0-post0.dev0
# RecordingBackendASCII version: 2
sender	time_ms
374	1435.483
6518	1435.483
6598	1435.483
6646	1435.483
7654	1435.483
7846	1435.483
8054	1435.483
14342	1435.483
374	1435.967
6518	1435.967
6598	1435.967
6646	1435.967
7654	1435.967
7846	1435.967
8054	1435.967
14342	1435.967
374	1436.451
6518	1436.451
6598	1436.451
6646	1436.451
7654	1436.451
7846	1436.451
8054	1436.451
14342	1436.451
374	1436.936
6518	1436.935
6598	1436.935
6646	1436.935
7654	1436.935
7846	1436.935
8054	1436.935
14342	1436.935
374	1437.420
1446	1437.483
6518	1437.420
6598	1437.420
6646	1437.420
7654	1437.420
7846	1437.420
8054	1437.420
14342	1437.420
374	1437.905
5078	1437.983
6518	1437.905
6598	1437.905
6646	1437.905
7654	1437.905
7846	1437.905
8054	1437.905
14342	1437.905
374	1438.390
1446	1438.467
5126	1438.483
6518	1438.390
6598	1438.390
6646	1438.390
7654	1438.390
7846	1438.390
8054	1438.390
12694	1438.483
14342	1438.390
374	1438.875
1350	1438.983
5078	1438.967
5174	1438.983
6518	1438.875
6598	1438.875
6646	1438.875
7654	1438.875
7846	1438.875
8054	1438.875
14342	1438.875
374	1439.361
1446	1439.452
1462	1439.483
6518	1439.361
6598	1439.361
6646	1439.360
7654	1439.361
7846	1439.361
8054	1439.361
14342	1439.361
2742	1439.983
6518	1439.846
6598	1439.846
7654	1439.846
8918	1439.983
1638	1440.483
4054	1440.482
6518	1440.332
7654	1440.332
7846	1440.349
8790	1440.483
9062	1440.483
10134	1440.482
11494	1440.483
14342	1440.349
374	1440.851
1446	1440.938
6518	1440.819
8054	1440.851
10262	1440.983
7654	1441.321
14342	1441.337
14342	1441.823
