# NEST version: 3.6.0-post0.dev0
# RecordingBackendASCII version: 2
sender	time_ms
6469	1435.483
13829	1435.483
13877	1435.483
14101	1435.483
14245	1435.483
6469	1435.967
13829	1435.967
13877	1435.967
14101	1435.967
14245	1435.967
6469	1436.451
13829	1436.451
13877	1436.451
14101	1436.451
14245	1436.451
6469	1436.935
13829	1436.935
13877	1436.935
14101	1436.935
14245	1436.935
6469	1437.420
13093	1437.483
13829	1437.420
13877	1437.420
14101	1437.420
14245	1437.420
6469	1437.905
13829	1437.905
13877	1437.905
14101	1437.905
14245	1437.905
3989	1438.483
5253	1438.483
6469	1438.390
8789	1438.483
11637	1438.483
13093	1438.467
13829	1438.390
13877	1438.390
14101	1438.390
14245	1438.390
1461	1438.983
3045	1438.981
6469	1438.875
13829	1438.875
13877	1438.875
14101	1438.875
14245	1438.875
6469	1439.361
8789	1439.467
11493	1439.483
13093	1439.452
13829	1439.361
14101	1439.361
1509	1439.979
1653	1439.983
1845	1439.983
2901	1439.983
3781	1439.983
3973	1439.982
8981	1439.983
10357	1439.983
11637	1439.968
12837	1439.983
13877	1439.863
14245	1439.863
2645	1440.483
8789	1440.452
9141	1440.483
14101	1440.349
6469	1440.851
13093	1440.938
13829	1441.855
14245	1441.855
