# NEST version: 3.6.0-post0.dev0
# RecordingBackendASCII version: 2
sender	time_ms
186	1435.483
6650	1435.483
6682	1435.483
14122	1435.483
186	1435.967
6650	1435.967
6682	1435.967
14122	1435.967
186	1436.451
6650	1436.451
6682	1436.451
14122	1436.451
186	1436.936
6650	1436.935
6682	1436.935
14122	1436.935
186	1437.420
6650	1437.420
6682	1437.420
14122	1437.420
186	1437.905
4058	1437.983
6650	1437.905
6682	1437.905
14122	1437.905
186	1438.390
5114	1438.483
6650	1438.390
6682	1438.390
14122	1438.390
186	1438.875
6650	1438.875
6682	1438.875
9018	1438.983
9194	1438.983
11690	1438.983
14122	1438.875
186	1439.361
1546	1439.483
2682	1439.483
2826	1439.483
4170	1439.483
5482	1439.483
6650	1439.361
6682	1439.361
12634	1439.483
12778	1439.483
14122	1439.361
2666	1439.983
4058	1439.968
10282	1439.983
10410	1439.983
12874	1439.983
13114	1439.983
13130	1439.983
1482	1440.483
1594	1440.483
2746	1440.483
5114	1440.468
8906	1440.483
10586	1440.483
186	1440.851
1722	1440.983
10378	1440.983
11674	1440.983
6682	1441.353
14122	1441.353
