# NEST version: 3.6.0-post0.dev0
# RecordingBackendASCII version: 2
sender	time_ms
95	1435.483
175	1435.483
239	1435.483
6687	1435.483
14111	1435.483
14143	1435.483
14319	1435.483
95	1435.967
175	1435.967
239	1435.967
6687	1435.967
14111	1435.967
14143	1435.967
14319	1435.967
95	1436.451
175	1436.451
239	1436.451
6687	1436.451
14111	1436.451
14143	1436.451
14319	1436.451
95	1436.936
175	1436.936
239	1436.936
6687	1436.935
14111	1436.935
14143	1436.935
14319	1436.935
95	1437.420
175	1437.420
239	1437.420
4063	1437.483
6687	1437.420
14111	1437.420
14143	1437.420
14319	1437.420
95	1437.905
175	1437.905
239	1437.905
3983	1437.983
4063	1437.967
5311	1437.983
6687	1437.905
14111	1437.905
14143	1437.905
14319	1437.905
95	1438.390
175	1438.390
239	1438.390
1599	1438.483
4335	1438.483
6687	1438.390
14111	1438.390
14143	1438.390
14319	1438.390
95	1438.875
175	1438.875
239	1438.875
1359	1438.983
2671	1438.983
4159	1438.983
4255	1438.983
5311	1438.967
6687	1438.875
10079	1438.983
14111	1438.875
14143	1438.875
14319	1438.875
95	1439.361
175	1439.361
239	1439.361
1311	1439.483
2975	1439.483
3935	1439.483
4063	1439.452
5183	1439.482
5343	1439.483
10623	1439.483
14111	1439.361
14143	1439.361
239	1439.846
3023	1439.983
10575	1439.983
11295	1439.983
11807	1439.983
12799	1439.983
14319	1439.863
95	1440.349
239	1440.332
1599	1440.468
2719	1440.483
3887	1440.483
6687	1440.365
2671	1440.968
14143	1440.851
175	1441.353
1855	1441.482
14111	1441.353
