# NEST version: 3.6.0-post0.dev0
# RecordingBackendASCII version: 2
sender	time_ms
220233	126.481
100153	126.983
220233	126.965
100153	127.467
220233	127.449
100153	127.951
220233	127.934
100153	128.436
220233	128.418
100153	128.920
220233	128.903
100153	129.405
200393	129.483
220233	129.388
100153	129.890
200345	129.983
220233	129.873
29737	130.483
100153	130.375
200393	130.467
209593	130.483
220233	130.359
100153	130.861
200489	130.983
220233	130.845
160473	131.483
220233	131.331
40713	131.983
81081	131.983
200345	131.968
100153	132.853
