# NEST version: 3.6.0-post0.dev0
# RecordingBackendASCII version: 2
sender	time_ms
209	1663.483
6385	1663.483
6769	1663.483
7793	1663.483
14353	1663.483
209	1663.967
6385	1663.967
6769	1663.967
7793	1663.967
14353	1663.967
209	1664.451
6385	1664.451
6769	1664.451
7793	1664.451
14353	1664.451
209	1664.936
6385	1664.935
6769	1664.936
7793	1664.936
14353	1664.936
209	1665.420
6385	1665.420
6769	1665.420
7793	1665.420
10177	1665.483
14353	1665.420
209	1665.905
3825	1665.983
3873	1665.983
6385	1665.905
6769	1665.905
7793	1665.905
14353	1665.905
