# NEST version: 3.6.0-post0.dev0
# RecordingBackendASCII version: 2
sender	time_ms
547	948.483
6563	948.483
6643	948.483
7971	948.483
8003	948.483
8051	948.483
13939	948.483
547	948.967
6563	948.967
6643	948.967
7971	948.967
8003	948.967
8051	948.967
13939	948.967
547	949.451
6563	949.451
6643	949.451
7971	949.451
8003	949.451
8051	949.451
13939	949.451
547	949.936
6563	949.936
6643	949.936
7971	949.936
8003	949.936
8051	949.936
13939	949.936
547	950.420
6563	950.420
6643	950.420
7971	950.420
8003	950.420
8051	950.420
11507	950.483
13939	950.420
547	950.905
1555	950.983
5395	950.983
6563	950.905
6643	950.905
7971	950.905
8003	950.905
8051	950.905
11507	950.967
13939	950.905
547	951.390
4323	951.483
5107	951.483
5155	951.483
6563	951.390
6643	951.390
7971	951.390
8003	951.390
8051	951.390
8851	951.482
10163	951.483
13939	951.390
547	951.875
1795	951.983
1875	951.979
2707	951.983
3971	951.983
6563	951.875
6643	951.875
7971	951.875
8003	951.875
8051	951.875
11507	951.952
11811	951.983
13939	951.875
547	952.361
1523	952.483
1555	952.468
1571	952.483
1635	952.483
2771	952.483
2947	952.483
3811	952.483
4115	952.483
4227	952.483
5395	952.468
6563	952.361
6643	952.361
8003	952.361
8051	952.361
9091	952.483
10163	952.467
10355	952.483
11379	952.483
11411	952.483
11619	952.483
11683	952.483
12835	952.483
12995	952.483
13939	952.361
547	952.846
1603	952.983
2579	952.983
2979	952.983
2995	952.983
3795	952.982
3811	952.967
4003	952.983
4035	952.983
4323	952.968
6563	952.846
6643	952.846
7971	952.863
8051	952.846
8851	952.967
10051	952.983
10243	952.983
10275	952.983
10419	952.983
10435	952.983
11395	952.983
11507	952.937
11811	952.967
12883	952.983
13059	952.983
13939	952.846
1795	953.468
2979	953.467
3011	953.479
6643	953.332
8003	953.349
9299	953.483
10067	953.483
10163	953.452
10563	953.483
11379	953.467
11603	953.483
11699	953.483
11875	953.483
547	953.835
1875	953.963
2531	953.983
2563	953.983
3955	953.983
4003	953.967
6643	953.819
8787	953.983
8803	953.983
9187	953.983
9379	953.983
12515	953.983
12803	953.983
12963	953.983
13011	953.983
13059	953.967
13939	953.835
6563	954.337
8003	954.840
14179	996.983
