# NEST version: 3.6.0-post0.dev0
# RecordingBackendASCII version: 2
sender	time_ms
433	126.981
529	126.981
100017	126.983
100097	126.983
100145	126.983
120097	126.981
220289	126.981
433	127.465
529	127.465
100017	127.467
100097	127.467
100145	127.467
120097	127.465
220289	127.465
433	127.949
529	127.949
100017	127.951
100097	127.951
100145	127.951
120097	127.949
220289	127.949
433	128.434
529	128.434
100017	128.436
100097	128.436
100145	128.435
120097	128.433
220289	128.434
433	128.918
529	128.918
100017	128.920
100097	128.920
100145	128.920
120097	128.918
220289	128.918
433	129.403
529	129.403
100017	129.405
100097	129.405
100145	129.405
120097	129.403
220289	129.403
433	129.888
529	129.888
100017	129.890
100097	129.890
100145	129.890
120097	129.888
180097	129.983
220289	129.888
433	130.373
529	130.373
100017	130.375
100097	130.375
100145	130.375
120097	130.373
220289	130.373
433	130.859
529	130.859
100017	130.861
100097	130.861
100145	130.860
120097	130.859
433	131.345
529	131.345
29505	131.483
40657	131.483
100017	131.346
149761	131.483
180097	131.467
201297	131.483
433	131.831
160993	131.983
220289	131.863
120097	132.349
100097	132.853
100145	132.853
