# NEST version: 3.6.0-post0.dev0
# RecordingBackendASCII version: 2
sender	time_ms	V_m	I_tot	I_exc	I_inh	I_noise
14	1662.000	-1.095	-0.964	0.000	-81.544	-14.856
30	1662.000	-0.955	-0.731	0.000	-79.538	6.436
46	1662.000	-0.889	-0.660	0.000	-78.555	12.521
62	1662.000	-0.936	-0.816	0.000	-78.606	-2.992
78	1662.000	-0.946	-0.649	0.000	-79.538	14.668
94	1662.000	-0.913	-0.719	0.000	-78.555	6.675
110	1662.000	-0.765	-0.819	0.000	-79.624	-2.291
126	1662.000	-0.940	-0.689	0.000	-79.322	10.433
142	1662.000	-0.996	-0.740	0.000	-79.219	5.187
158	1662.000	-0.988	-0.810	0.000	-79.607	-1.371
174	1662.000	-1.010	-0.639	0.000	-81.205	17.305
190	1662.000	-0.694	-0.919	0.000	-78.607	-13.275
206	1662.000	-0.958	-0.903	0.000	-78.572	-11.685
222	1662.000	-0.999	-0.871	0.000	-78.920	-8.189
238	1662.000	-0.967	-0.912	0.000	-78.574	-12.611
254	1662.000	-0.901	-0.735	0.000	-78.555	5.101
270	1662.000	-0.969	-1.011	0.000	-79.682	-21.462
286	1662.000	-1.035	-0.997	0.000	-78.555	-21.153
302	1662.000	-0.952	-0.641	0.000	-78.627	14.538
318	1662.000	-0.948	-0.820	0.000	-78.601	-3.380
334	1662.000	-0.945	-0.620	0.000	-79.374	17.413
350	1662.000	-0.915	-1.004	0.000	-78.627	-21.748
366	1662.000	-1.000	-0.603	0.000	-78.981	18.639
382	1662.000	-0.997	-0.794	0.000	-78.555	-0.822
398	1662.000	-1.007	-0.605	0.000	-79.328	18.790
414	1662.000	-1.041	-1.060	0.000	-81.529	-24.513
430	1662.000	-0.984	-0.653	0.000	-80.685	15.420
446	1662.000	-1.044	-0.799	0.000	-80.678	0.784
462	1662.000	-0.968	-0.684	0.000	-78.981	10.612
478	1662.000	-0.866	-0.815	0.000	-80.674	-0.869
494	1662.000	-0.973	-0.610	0.000	-78.945	17.945
510	1662.000	-0.992	-0.934	0.000	-78.572	-14.823
526	1662.000	-0.829	-0.554	0.000	-78.614	23.180
542	1662.000	-0.969	-0.793	0.000	-78.577	-0.711
558	1662.000	-1.002	-0.712	0.000	-79.942	8.752
574	1662.000	-0.944	-0.822	0.000	-78.638	-3.531
590	1662.000	-1.016	-0.814	0.000	-80.344	-1.014
606	1662.000	-1.020	-0.981	0.000	-78.964	-19.114
622	1662.000	-0.967	-0.847	0.000	-78.591	-6.092
1262	1662.000	-0.322	-0.124	0.000	-24.885	12.454
1278	1662.000	-0.275	-0.194	0.000	-24.657	5.296
1294	1662.000	-0.290	-0.057	0.000	-25.122	19.409
1310	1662.000	-0.290	-0.203	0.000	-24.886	4.536
1326	1662.000	-0.302	-0.286	0.000	-24.979	-3.643
1342	1662.000	-0.335	-0.287	0.000	-24.564	-4.112
1358	1662.000	-0.274	-0.251	0.000	-24.570	-0.553
1374	1662.000	-0.353	-0.261	0.000	-24.955	-1.126
1390	1662.000	-0.329	-0.117	0.000	-25.059	13.371
1406	1662.000	-0.332	-0.329	0.000	-24.610	-8.259
1422	1662.000	-0.253	-0.019	0.000	-24.991	23.075
1438	1662.000	-0.294	-0.438	0.000	-25.304	-18.540
1454	1662.000	-0.323	-0.433	0.000	-24.723	-18.532
1470	1662.000	-0.282	-0.048	0.000	-24.561	19.772
1486	1662.000	-0.329	-0.397	0.000	-24.565	-15.092
1502	1662.000	-0.336	-0.433	0.000	-24.761	-18.588
1518	1662.000	-0.267	-0.014	0.000	-24.761	23.407
1534	1662.000	-0.299	-0.470	0.000	-24.569	-22.445
1550	1662.000	-0.361	-0.235	0.000	-25.428	1.896
1566	1662.000	-0.293	-0.116	0.000	-24.647	13.011
1582	1662.000	-0.338	-0.209	0.000	-24.567	3.648
1598	1662.000	-0.308	-0.406	0.000	-24.697	-15.870
1614	1662.000	-0.383	-0.398	0.000	-25.463	-14.315
1630	1662.000	-0.245	-0.028	0.000	-24.570	21.769
1646	1662.000	-0.300	-0.319	0.000	-24.668	-7.254
1662	1662.000	-0.298	-0.006	0.000	-25.238	24.664
1678	1662.000	-0.300	-0.240	0.000	-24.607	0.601
1694	1662.000	-0.282	-0.488	0.000	-24.923	-23.866
1710	1662.000	-0.349	-0.285	0.000	-24.877	-3.659
1726	1662.000	-0.298	-0.204	0.000	-24.833	4.461
1742	1662.000	-0.336	-0.250	0.000	-24.913	-0.078
1758	1662.000	-0.234	-0.138	0.000	-24.561	10.744
1774	1662.000	-0.282	-0.267	0.000	-24.917	-1.793
1790	1662.000	-0.313	-0.067	0.000	-25.254	18.599
1806	1662.000	-0.317	-0.469	0.000	-24.562	-22.381
1822	1662.000	-0.380	-0.460	0.000	-25.107	-20.901
1838	1662.000	-0.221	-0.007	0.000	-24.998	24.282
1854	1662.000	-0.265	-0.012	0.000	-24.606	23.451
1870	1662.000	-0.332	-0.212	0.000	-24.867	3.702
2510	1662.000	-0.387	-0.382	0.000	-33.516	-4.704
2526	1662.000	-0.473	-0.448	0.000	-34.091	-10.680
2542	1662.000	-0.409	-0.520	0.000	-33.744	-18.265
2558	1662.000	-0.473	-0.337	0.000	-32.894	-0.844
2574	1662.000	-0.438	-0.451	0.000	-33.347	-11.750
2590	1662.000	-0.418	-0.198	0.000	-33.194	13.411
2606	1662.000	-0.399	-0.100	0.000	-33.520	23.542
2622	1662.000	-0.454	-0.509	0.000	-33.317	-17.605
2638	1662.000	-0.440	-0.435	0.000	-33.268	-10.257
2654	1662.000	-0.445	-0.539	0.000	-33.418	-20.521
2670	1662.000	-0.442	-0.257	0.000	-33.387	7.659
2686	1662.000	-0.452	-0.382	0.000	-33.140	-5.034
2702	1662.000	-0.382	-0.112	0.000	-33.115	21.898
2718	1662.000	-0.424	-0.135	0.000	-32.980	19.478
2734	1662.000	-0.434	-0.410	0.000	-33.584	-7.389
2750	1662.000	-0.455	-0.535	0.000	-33.203	-20.295
2766	1662.000	-0.440	-0.436	0.000	-32.982	-10.634
2782	1662.000	-0.399	-0.490	0.000	-33.229	-15.790
2798	1662.000	-0.410	-0.444	0.000	-33.525	-10.904
2814	1662.000	-0.438	-0.516	0.000	-32.937	-18.651
2830	1662.000	-0.379	-0.199	0.000	-32.894	12.972
2846	1662.000	-0.470	-0.569	0.000	-33.501	-23.377
2862	1662.000	-0.417	-0.499	0.000	-33.448	-16.489
2878	1662.000	-0.431	-0.160	0.000	-32.896	16.939
2894	1662.000	-0.384	-0.154	0.000	-33.182	17.802
2910	1662.000	-0.476	-0.518	0.000	-33.679	-18.134
2926	1662.000	-0.438	-0.331	0.000	-32.894	-0.172
2942	1662.000	-0.456	-0.580	0.000	-33.233	-24.751
2958	1662.000	-0.454	-0.393	0.000	-33.447	-5.883
2974	1662.000	-0.416	-0.477	0.000	-32.897	-14.802
2990	1662.000	-0.376	-0.269	0.000	-33.264	6.358
3006	1662.000	-0.366	-0.455	0.000	-32.931	-12.554
3022	1662.000	-0.437	-0.407	0.000	-33.023	-7.695
3038	1662.000	-0.410	-0.159	0.000	-33.458	17.578
3054	1662.000	-0.421	-0.502	0.000	-33.356	-16.892
3070	1662.000	-0.400	-0.129	0.000	-33.364	20.457
3086	1662.000	-0.518	-0.197	0.000	-33.941	14.253
3102	1662.000	-0.389	-0.108	0.000	-33.170	22.402
3118	1662.000	-0.386	-0.225	0.000	-33.697	11.223
3758	1662.000	-0.418	-0.177	0.000	-32.986	15.307
3774	1662.000	-0.449	-0.312	0.000	-32.574	1.396
3790	1662.000	-0.413	-0.420	0.000	-32.460	-9.588
3806	1662.000	-0.402	-0.442	0.000	-32.462	-11.756
3822	1662.000	-0.407	-0.101	0.000	-32.673	22.539
3838	1662.000	-0.393	-0.457	0.000	-32.808	-12.931
3854	1662.000	-0.440	-0.456	0.000	-32.954	-12.607
3870	1662.000	-0.480	-0.541	0.000	-33.234	-20.871
3886	1662.000	-0.441	-0.340	0.000	-32.857	-1.141
3902	1662.000	-0.426	-0.172	0.000	-32.561	15.389
3918	1662.000	-0.319	-0.102	0.000	-32.954	22.798
3934	1662.000	-0.418	-0.472	0.000	-32.780	-14.394
3950	1662.000	-0.347	-0.326	0.000	-32.994	0.428
3966	1662.000	-0.456	-0.549	0.000	-33.327	-21.529
3982	1662.000	-0.404	-0.374	0.000	-32.736	-4.640
3998	1662.000	-0.363	-0.220	0.000	-32.651	10.640
4014	1662.000	-0.423	-0.532	0.000	-33.295	-19.859
4030	1662.000	-0.446	-0.393	0.000	-32.674	-6.657
4046	1662.000	-0.445	-0.300	0.000	-33.520	3.529
4062	1662.000	-0.394	-0.538	0.000	-32.975	-20.791
4078	1662.000	-0.380	-0.227	0.000	-32.665	10.007
4094	1662.000	-0.408	-0.251	0.000	-33.280	8.222
4110	1662.000	-0.440	-0.127	0.000	-32.896	20.148
4126	1662.000	-0.499	-0.566	0.000	-32.672	-23.922
4142	1662.000	-0.397	-0.201	0.000	-33.384	13.259
4158	1662.000	-0.414	-0.235	0.000	-32.567	9.080
4174	1662.000	-0.397	-0.186	0.000	-33.385	14.746
4190	1662.000	-0.391	-0.410	0.000	-33.196	-7.774
4206	1662.000	-0.398	-0.106	0.000	-32.958	22.408
4222	1662.000	-0.384	-0.124	0.000	-33.391	20.968
4238	1662.000	-0.379	-0.524	0.000	-32.640	-19.761
4254	1662.000	-0.445	-0.509	0.000	-33.047	-17.814
4270	1662.000	-0.421	-0.192	0.000	-32.667	13.517
4286	1662.000	-0.388	-0.317	0.000	-32.829	1.172
4302	1662.000	-0.430	-0.534	0.000	-32.574	-20.781
4318	1662.000	-0.462	-0.289	0.000	-32.558	3.638
4334	1662.000	-0.443	-0.156	0.000	-33.072	17.476
4350	1662.000	-0.439	-0.476	0.000	-32.574	-15.003
4366	1662.000	-0.405	-0.095	0.000	-32.553	23.024
5006	1662.000	-0.266	-0.117	0.000	-23.514	11.793
5022	1662.000	-0.288	-0.027	0.000	-23.750	21.012
5038	1662.000	-0.326	-0.192	0.000	-23.433	4.243
5054	1662.000	-0.317	-0.048	0.000	-23.436	18.651
5070	1662.000	-0.302	-0.415	0.000	-23.698	-17.830
5086	1662.000	-0.349	-0.425	0.000	-23.614	-18.899
5102	1662.000	-0.278	-0.064	0.000	-23.622	17.241
5118	1662.000	-0.238	-0.005	0.000	-23.777	23.237
5134	1662.000	-0.281	-0.198	0.000	-23.531	3.713
5150	1662.000	-0.261	-0.119	0.000	-23.633	11.726
5166	1662.000	-0.316	-0.057	0.000	-23.849	18.137
5182	1662.000	-0.318	-0.104	0.000	-23.918	13.474
5198	1662.000	-0.341	-0.351	0.000	-24.006	-11.100
5214	1662.000	-0.261	-0.032	0.000	-24.128	20.933
5230	1662.000	-0.262	-0.397	0.000	-23.805	-15.880
5246	1662.000	-0.334	-0.216	0.000	-24.060	2.469
5262	1662.000	-0.298	-0.485	0.000	-24.233	-24.271
5278	1662.000	-0.293	-0.151	0.000	-23.614	8.549
5294	1662.000	-0.275	-0.002	0.000	-23.855	23.699
5310	1662.000	-0.288	-0.280	0.000	-23.536	-4.496
5326	1662.000	-0.304	-0.359	0.000	-24.352	-11.586
5342	1662.000	-0.341	-0.306	0.000	-23.781	-6.856
5358	1662.000	-0.275	-0.465	0.000	-23.429	-23.069
5374	1662.000	-0.345	-0.254	0.000	-24.154	-1.251
5390	1662.000	-0.278	-0.242	0.000	-23.637	-0.572
5406	1662.000	-0.342	-0.292	0.000	-23.819	-5.399
5422	1662.000	-0.280	-0.031	0.000	-23.425	20.289
5438	1662.000	-0.281	-0.350	0.000	-23.639	-11.365
5454	1662.000	-0.297	0.009	0.000	-23.995	24.936
5470	1662.000	-0.267	-0.471	0.000	-23.431	-23.682
5486	1662.000	-0.300	-0.064	0.000	-23.425	16.989
5502	1662.000	-0.301	-0.297	0.000	-23.672	-6.053
5518	1662.000	-0.235	0.006	0.000	-23.471	24.080
5534	1662.000	-0.271	-0.250	0.000	-23.470	-1.554
5550	1662.000	-0.300	-0.235	0.000	-23.824	0.319
5566	1662.000	-0.234	-0.203	0.000	-23.749	3.487
5582	1662.000	-0.332	-0.112	0.000	-23.737	12.579
5598	1662.000	-0.338	-0.426	0.000	-23.637	-18.975
5614	1662.000	-0.298	-0.255	0.000	-23.516	-1.963
5630	1662.000	-0.325	-0.289	0.000	-23.514	-5.389
6270	1662.000	-1.019	-0.644	0.000	-81.762	17.393
6286	1662.000	-0.989	-0.923	0.000	-81.336	-10.928
6302	1662.000	-0.973	-0.604	0.000	-81.317	20.929
6318	1662.000	-1.087	-0.923	0.000	-82.089	-10.175
6334	1662.000	-1.035	-1.061	0.000	-81.316	-24.782
6350	1662.000	-1.057	-0.906	0.000	-81.317	-9.283
6366	1662.000	-0.996	-1.007	0.000	-81.317	-19.408
6382	1662.000	-1.110	-0.944	0.000	-84.235	-10.183
6398	1662.000	-1.046	-0.709	0.000	-82.090	11.200
6414	1662.000	-1.057	-0.959	0.000	-82.080	-13.785
6430	1662.000	-1.082	-0.856	0.000	-82.928	-2.647
6446	1662.000	-0.974	-0.823	0.000	-83.416	1.091
6462	1662.000	-1.052	-0.734	0.000	-83.293	9.893
6478	1662.000	-1.050	-0.818	0.000	-81.383	-0.443
6494	1662.000	-1.044	-0.808	0.000	-83.011	2.185
6510	1662.000	-1.082	-0.760	0.000	-82.526	6.547
6526	1662.000	-0.999	-0.672	0.000	-82.928	15.769
6542	1662.000	-1.036	-1.002	0.000	-81.362	-18.815
6558	1662.000	-1.083	-0.612	0.000	-84.359	23.122
6574	1662.000	-1.107	-1.094	0.000	-85.743	-23.693
6590	1662.000	-1.042	-1.041	0.000	-83.370	-20.704
6606	1662.000	-1.009	-0.833	0.000	-82.993	-0.339
6622	1662.000	-1.037	-0.673	0.000	-83.040	15.705
6638	1662.000	-1.066	-0.862	0.000	-82.113	-4.052
6654	1662.000	-0.703	-0.592	0.000	-83.765	24.598
6670	1662.000	-0.986	-0.867	0.000	-81.383	-5.346
6686	1662.000	-1.071	-0.850	0.000	-82.360	-2.688
6702	1662.000	-1.029	-0.667	0.000	-83.972	17.258
6718	1662.000	-1.002	-0.877	0.000	-81.316	-6.395
6734	1662.000	-0.899	-0.714	0.000	-82.307	10.934
6750	1662.000	-1.044	-1.008	0.000	-82.447	-18.370
6766	1662.000	-0.947	-0.921	0.000	-81.318	-10.820
6782	1662.000	-1.034	-0.900	0.000	-82.188	-7.776
6798	1662.000	-0.987	-1.035	0.000	-82.094	-21.438
6814	1662.000	-1.031	-1.028	0.000	-81.317	-21.509
6830	1662.000	-1.035	-0.585	0.000	-82.433	23.963
6846	1662.000	-1.014	-0.738	0.000	-81.363	7.604
6862	1662.000	-0.944	-0.581	0.000	-81.356	23.277
6878	1662.000	-1.002	-0.655	0.000	-81.318	15.787
7518	1662.000	-1.011	-0.918	0.000	-78.861	-12.951
7534	1662.000	-1.014	-0.686	0.000	-79.193	10.612
7550	1662.000	-1.014	-0.718	0.000	-79.286	7.438
7566	1662.000	-0.952	-0.610	0.000	-78.436	17.396
7582	1662.000	-1.030	-0.816	0.000	-80.029	-1.583
7598	1662.000	-1.024	-0.617	0.000	-79.286	17.541
7614	1662.000	-1.031	-0.724	0.000	-80.806	8.428
7630	1662.000	-1.021	-0.887	0.000	-78.481	-10.171
7646	1662.000	-1.024	-0.562	0.000	-80.533	24.368
7662	1662.000	-0.973	-0.632	0.000	-80.390	17.186
7678	1662.000	-0.986	-0.876	0.000	-78.518	-9.034
7694	1662.000	-0.934	-0.778	0.000	-79.235	1.469
7710	1662.000	-0.961	-0.837	0.000	-78.436	-5.303
7726	1662.000	-0.993	-0.899	0.000	-79.465	-10.393
7742	1662.000	-0.991	-0.679	0.000	-79.300	11.355
7758	1662.000	-0.954	-0.822	0.000	-78.436	-3.788
7774	1662.000	-1.029	-0.810	0.000	-79.425	-1.557
7790	1662.000	-0.996	-0.690	0.000	-79.249	10.261
7806	1662.000	-0.980	-0.708	0.000	-79.418	8.630
7822	1662.000	-1.035	-0.579	0.000	-82.017	24.118
7838	1662.000	-0.904	-0.619	0.000	-78.436	16.488
7854	1662.000	-0.984	-0.974	0.000	-79.418	-17.965
7870	1662.000	-1.085	-0.961	0.000	-82.933	-13.184
7886	1662.000	-0.996	-0.797	0.000	-81.045	1.308
7902	1662.000	-0.950	-0.698	0.000	-78.803	8.966
7918	1662.000	-1.052	-0.985	0.000	-79.372	-19.174
7934	1662.000	-1.019	-0.931	0.000	-79.477	-13.630
7950	1662.000	-1.043	-0.714	0.000	-81.140	9.779
7966	1662.000	-1.007	-0.937	0.000	-78.472	-15.236
7982	1662.000	-0.942	-0.578	0.000	-78.458	20.667
7998	1662.000	-1.005	-0.878	0.000	-78.822	-8.976
8014	1662.000	-0.929	-0.695	0.000	-78.436	8.935
8030	1662.000	-0.998	-0.990	0.000	-78.472	-20.515
8046	1662.000	-0.982	-0.938	0.000	-78.795	-15.004
8062	1662.000	-0.908	-0.777	0.000	-78.453	0.725
8078	1662.000	-0.927	-0.614	0.000	-78.494	17.124
8094	1662.000	-1.006	-0.670	0.000	-78.751	11.714
8110	1662.000	-0.981	-0.664	0.000	-78.436	11.986
8126	1662.000	-1.003	-0.643	0.000	-78.458	14.163
8766	1662.000	-0.334	-0.197	0.000	-27.487	7.814
8782	1662.000	-0.344	-0.129	0.000	-27.496	14.620
8798	1662.000	-0.385	-0.365	0.000	-27.702	-8.829
8814	1662.000	-0.281	-0.042	0.000	-27.392	23.172
8830	1662.000	-0.348	-0.250	0.000	-27.258	2.209
8846	1662.000	-0.347	-0.121	0.000	-27.374	15.244
8862	1662.000	-0.351	-0.290	0.000	-27.210	-1.840
8878	1662.000	-0.344	-0.333	0.000	-27.173	-6.171
8894	1662.000	-0.370	-0.512	0.000	-27.194	-24.019
8910	1662.000	-0.310	-0.040	0.000	-27.725	23.747
8926	1662.000	-0.334	-0.116	0.000	-27.254	15.663
8942	1662.000	-0.334	-0.045	0.000	-27.375	22.857
8958	1662.000	-0.385	-0.405	0.000	-27.592	-12.916
8974	1662.000	-0.397	-0.499	0.000	-28.195	-21.661
8990	1662.000	-0.356	-0.314	0.000	-27.833	-3.568
9006	1662.000	-0.357	-0.093	0.000	-27.809	18.462
9022	1662.000	-0.370	-0.286	0.000	-28.470	-0.147
9038	1662.000	-0.335	-0.512	0.000	-27.387	-23.789
9054	1662.000	-0.369	-0.475	0.000	-27.371	-20.175
9070	1662.000	-0.338	-0.121	0.000	-27.387	15.304
9086	1662.000	-0.360	-0.486	0.000	-27.183	-21.403
9102	1662.000	-0.335	-0.295	0.000	-27.179	-2.290
9118	1662.000	-0.319	-0.481	0.000	-27.528	-20.527
9134	1662.000	-0.337	-0.176	0.000	-27.178	9.573
9150	1662.000	-0.358	-0.426	0.000	-27.829	-14.734
9166	1662.000	-0.277	-0.084	0.000	-27.181	18.794
9182	1662.000	-0.383	-0.312	0.000	-27.261	-3.913
9198	1662.000	-0.373	-0.248	0.000	-27.825	3.045
9214	1662.000	-0.335	-0.048	0.000	-27.173	22.339
9230	1662.000	-0.302	-0.491	0.000	-27.258	-21.869
9246	1662.000	-0.276	-0.047	0.000	-27.682	22.944
9262	1662.000	-0.366	-0.417	0.000	-27.274	-14.437
9278	1662.000	-0.312	-0.031	0.000	-27.769	24.665
9294	1662.000	-0.330	-0.080	0.000	-27.569	19.523
9310	1662.000	-0.353	-0.129	0.000	-27.522	14.622
9326	1662.000	-0.363	-0.493	0.000	-27.540	-21.754
9342	1662.000	-0.299	-0.071	0.000	-27.603	20.544
9358	1662.000	-0.388	-0.261	0.000	-27.790	1.688
9374	1662.000	-0.340	-0.163	0.000	-27.541	11.209
10014	1662.000	-0.374	-0.168	0.000	-32.636	15.814
10030	1662.000	-0.355	-0.105	0.000	-32.650	22.116
10046	1662.000	-0.420	-0.246	0.000	-32.724	8.092
10062	1662.000	-0.401	-0.234	0.000	-33.193	9.792
10078	1662.000	-0.360	-0.176	0.000	-32.564	14.941
10094	1662.000	-0.416	-0.477	0.000	-33.046	-14.643
10110	1662.000	-0.441	-0.335	0.000	-32.997	-0.495
10126	1662.000	-0.405	-0.569	0.000	-32.981	-23.912
10142	1662.000	-0.324	-0.159	0.000	-32.741	16.825
10158	1662.000	-0.392	-0.366	0.000	-32.771	-3.845
10174	1662.000	-0.444	-0.423	0.000	-32.561	-9.741
10190	1662.000	-0.435	-0.155	0.000	-33.114	17.573
10206	1662.000	-0.370	-0.224	0.000	-32.671	10.259
10222	1662.000	-0.452	-0.395	0.000	-32.838	-6.709
10238	1662.000	-0.338	-0.123	0.000	-32.813	20.486
10254	1662.000	-0.395	-0.554	0.000	-33.695	-21.658
10270	1662.000	-0.371	-0.146	0.000	-32.657	18.059
10286	1662.000	-0.428	-0.332	0.000	-32.657	-0.577
10302	1662.000	-0.421	-0.390	0.000	-34.082	-4.895
10318	1662.000	-0.462	-0.177	0.000	-33.272	15.571
10334	1662.000	-0.419	-0.225	0.000	-33.748	11.204
10350	1662.000	-0.386	-0.199	0.000	-33.517	13.579
10366	1662.000	-0.419	-0.392	0.000	-32.851	-6.327
10382	1662.000	-0.448	-0.350	0.000	-33.497	-1.544
10398	1662.000	-0.446	-0.416	0.000	-33.234	-8.323
10414	1662.000	-0.396	-0.457	0.000	-32.670	-12.992
10430	1662.000	-0.416	-0.547	0.000	-33.416	-21.265
10446	1662.000	-0.378	-0.151	0.000	-33.273	18.202
10462	1662.000	-0.451	-0.416	0.000	-33.184	-8.388
10478	1662.000	-0.428	-0.505	0.000	-33.189	-17.348
10494	1662.000	-0.371	-0.106	0.000	-33.756	23.148
10510	1662.000	-0.444	-0.485	0.000	-33.495	-15.050
10526	1662.000	-0.363	-0.101	0.000	-32.634	22.501
10542	1662.000	-0.390	-0.286	0.000	-32.849	4.258
10558	1662.000	-0.429	-0.520	0.000	-32.643	-19.386
10574	1662.000	-0.384	-0.496	0.000	-32.568	-17.024
10590	1662.000	-0.363	-0.208	0.000	-32.558	11.724
10606	1662.000	-0.425	-0.468	0.000	-32.741	-14.090
10622	1662.000	-0.401	-0.303	0.000	-32.565	2.259
11278	1662.000	-0.453	-0.284	0.000	-33.123	4.761
11294	1662.000	-0.367	-0.094	0.000	-32.788	23.401
11310	1662.000	-0.423	-0.381	0.000	-31.979	-6.131
11326	1662.000	-0.398	-0.157	0.000	-32.762	17.013
11342	1662.000	-0.416	-0.502	0.000	-32.444	-17.753
11358	1662.000	-0.430	-0.418	0.000	-31.817	-10.021
11374	1662.000	-0.449	-0.523	0.000	-32.392	-19.935
11390	1662.000	-0.401	-0.549	0.000	-32.330	-22.530
11406	1662.000	-0.371	-0.437	0.000	-31.902	-11.782
11422	1662.000	-0.428	-0.484	0.000	-31.993	-16.418
11438	1662.000	-0.428	-0.254	0.000	-32.379	6.939
11454	1662.000	-0.438	-0.500	0.000	-32.742	-17.281
11470	1662.000	-0.394	-0.231	0.000	-32.121	8.975
11486	1662.000	-0.361	-0.395	0.000	-32.035	-7.453
11502	1662.000	-0.408	-0.108	0.000	-32.075	21.314
11518	1662.000	-0.415	-0.120	0.000	-32.180	20.189
11534	1662.000	-0.368	-0.554	0.000	-31.996	-23.445
11550	1662.000	-0.411	-0.439	0.000	-32.472	-11.436
11566	1662.000	-0.353	-0.197	0.000	-32.355	12.607
11582	1662.000	-0.393	-0.528	0.000	-31.828	-20.951
11598	1662.000	-0.397	-0.242	0.000	-33.296	9.146
11614	1662.000	-0.430	-0.558	0.000	-31.942	-23.816
11630	1662.000	-0.422	-0.240	0.000	-32.092	8.093
11646	1662.000	-0.454	-0.474	0.000	-32.548	-14.813
11662	1662.000	-0.382	-0.365	0.000	-31.931	-4.532
11678	1662.000	-0.396	-0.414	0.000	-32.297	-9.109
11694	1662.000	-0.364	-0.177	0.000	-32.059	14.370
11710	1662.000	-0.448	-0.143	0.000	-31.920	17.580
11726	1662.000	-0.383	-0.175	0.000	-32.020	14.489
11742	1662.000	-0.348	-0.088	0.000	-32.395	23.591
11758	1662.000	-0.405	-0.107	0.000	-31.836	21.145
11774	1662.000	-0.381	-0.087	0.000	-31.842	23.100
11790	1662.000	-0.442	-0.534	0.000	-32.296	-21.095
11806	1662.000	-0.416	-0.516	0.000	-31.913	-19.649
11822	1662.000	-0.372	-0.351	0.000	-32.191	-2.885
11838	1662.000	-0.436	-0.202	0.000	-32.301	12.139
11854	1662.000	-0.384	-0.102	0.000	-32.609	22.449
11870	1662.000	-0.390	-0.306	0.000	-32.688	2.091
11886	1662.000	-0.354	-0.217	0.000	-32.199	10.523
12526	1662.000	-0.365	-0.272	0.000	-26.509	-0.715
12542	1662.000	-0.299	-0.092	0.000	-25.634	16.433
12558	1662.000	-0.302	-0.220	0.000	-25.583	3.607
12574	1662.000	-0.326	-0.416	0.000	-25.821	-15.819
12590	1662.000	-0.350	-0.338	0.000	-25.963	-7.850
12606	1662.000	-0.277	-0.352	0.000	-25.621	-9.619
12622	1662.000	-0.399	-0.443	0.000	-26.262	-18.060
12638	1662.000	-0.296	-0.178	0.000	-25.961	8.167
12654	1662.000	-0.245	-0.028	0.000	-25.623	22.801
12670	1662.000	-0.336	-0.134	0.000	-26.408	12.982
12686	1662.000	-0.310	-0.451	0.000	-25.540	-19.596
12702	1662.000	-0.376	-0.138	0.000	-25.542	11.768
12718	1662.000	-0.327	-0.047	0.000	-25.556	20.826
12734	1662.000	-0.309	-0.449	0.000	-25.556	-19.305
12750	1662.000	-0.274	-0.042	0.000	-25.540	21.381
12766	1662.000	-0.312	-0.149	0.000	-25.543	10.644
12782	1662.000	-0.318	-0.268	0.000	-25.913	-0.903
12798	1662.000	-0.339	-0.133	0.000	-25.551	12.299
12814	1662.000	-0.327	-0.201	0.000	-26.094	5.957
12830	1662.000	-0.366	-0.334	0.000	-25.881	-7.532
12846	1662.000	-0.378	-0.333	0.000	-25.544	-7.769
12862	1662.000	-0.315	-0.249	0.000	-25.828	0.958
12878	1662.000	-0.287	-0.502	0.000	-25.542	-24.638
12894	1662.000	-0.378	-0.303	0.000	-25.540	-4.736
12910	1662.000	-0.305	-0.278	0.000	-25.548	-2.289
12926	1662.000	-0.347	-0.369	0.000	-25.675	-11.270
12942	1662.000	-0.345	-0.366	0.000	-25.909	-10.676
12958	1662.000	-0.336	-0.413	0.000	-25.540	-15.795
12974	1662.000	-0.310	-0.372	0.000	-25.953	-11.234
12990	1662.000	-0.271	-0.032	0.000	-26.357	23.185
13006	1662.000	-0.282	-0.201	0.000	-25.781	5.715
13022	1662.000	-0.354	-0.133	0.000	-25.585	12.310
13038	1662.000	-0.361	-0.367	0.000	-25.548	-11.168
13054	1662.000	-0.258	-0.021	0.000	-26.303	24.182
13070	1662.000	-0.298	-0.121	0.000	-26.409	14.280
13086	1662.000	-0.263	-0.027	0.000	-25.723	23.068
13102	1662.000	-0.378	-0.315	0.000	-26.898	-4.589
13118	1662.000	-0.342	-0.289	0.000	-25.890	-3.021
13134	1662.000	-0.344	-0.268	0.000	-25.583	-1.216
13774	1662.000	-0.988	-0.764	0.000	-82.621	6.248
13790	1662.000	-0.938	-0.652	0.000	-80.561	15.323
13806	1662.000	-0.976	-0.893	0.000	-80.579	-8.673
13822	1662.000	-0.790	-0.862	0.000	-83.473	-2.771
13838	1662.000	-1.020	-0.605	0.000	-80.561	20.056
13854	1662.000	-1.038	-1.026	0.000	-80.630	-22.015
13870	1662.000	-0.971	-0.684	0.000	-81.411	13.015
13886	1662.000	-0.986	-1.034	0.000	-80.578	-22.809
13902	1662.000	-1.005	-0.777	0.000	-81.502	3.840
13918	1662.000	-1.008	-0.820	0.000	-81.411	-0.617
13934	1662.000	-0.979	-0.899	0.000	-80.561	-9.383
13950	1662.000	-1.018	-0.872	0.000	-81.426	-5.762
13966	1662.000	-0.996	-0.765	0.000	-80.561	4.052
13982	1662.000	-1.054	-0.706	0.000	-83.010	12.437
13998	1662.000	-1.011	-0.768	0.000	-80.561	3.736
14014	1662.000	-0.877	-0.959	0.000	-81.687	-14.198
14030	1662.000	-0.982	-0.926	0.000	-81.225	-11.350
14046	1662.000	-1.056	-0.953	0.000	-81.417	-13.860
14062	1662.000	-1.031	-0.634	0.000	-80.579	17.228
14078	1662.000	-0.978	-0.800	0.000	-80.578	0.565
14094	1662.000	-1.025	-0.861	0.000	-82.221	-3.846
14110	1662.000	-1.047	-0.938	0.000	-83.264	-10.566
14126	1662.000	-0.954	-0.581	0.000	-80.607	22.485
14142	1662.000	-0.958	-0.783	0.000	-82.201	3.872
14158	1662.000	-1.006	-0.656	0.000	-82.131	16.516
14174	1662.000	-1.036	-0.842	0.000	-80.569	-3.679
14190	1662.000	-1.110	-0.781	0.000	-83.768	5.636
14206	1662.000	-0.993	-0.879	0.000	-80.578	-7.278
14222	1662.000	-0.874	-1.031	0.000	-82.377	-20.748
14238	1662.000	-1.101	-1.037	0.000	-83.419	-20.238
14254	1662.000	-1.057	-0.758	0.000	-80.561	4.779
14270	1662.000	-1.039	-0.639	0.000	-82.419	18.480
14286	1662.000	-0.807	-0.963	0.000	-82.644	-13.665
14302	1662.000	-0.998	-0.607	0.000	-80.561	19.846
14318	1662.000	-1.034	-1.053	0.000	-81.325	-24.011
14334	1662.000	-0.934	-1.009	0.000	-80.561	-20.314
14350	1662.000	-0.915	-0.944	0.000	-80.921	-13.528
14366	1662.000	-1.024	-0.825	0.000	-80.606	-1.890
14382	1662.000	-1.003	-0.875	0.000	-80.578	-6.943
14	1663.000	-1.038	-0.875	0.000	-78.054	-9.482
30	1663.000	-0.023	3.989	0.000	-76.239	-24.879
46	1663.000	-0.859	-0.701	0.000	-75.349	5.248
62	1663.000	-0.903	-0.857	0.000	-75.395	-10.320
78	1663.000	-0.927	-0.771	0.000	-76.239	-0.813
94	1663.000	-0.857	-0.614	0.000	-75.349	13.996
110	1663.000	-0.764	-0.728	0.000	-76.316	3.518
126	1663.000	-0.914	-0.881	0.000	-76.043	-12.100
142	1663.000	-0.957	-0.693	0.000	-75.950	6.647
158	1663.000	-0.978	-0.944	0.000	-76.301	-18.132
174	1663.000	-0.969	-0.941	0.000	-77.747	-16.368
190	1663.000	-0.687	-0.618	0.000	-75.396	13.577
206	1663.000	-0.934	-0.812	0.000	-75.365	-5.834
222	1663.000	-0.970	-0.804	0.000	-75.679	-4.677
238	1663.000	-0.954	-0.949	0.000	-75.367	-19.547
254	1663.000	-0.891	-0.963	0.000	-75.349	-20.923
270	1663.000	-0.927	-0.627	0.000	-76.369	13.671
286	1663.000	-1.001	-0.840	0.000	-75.349	-8.618
302	1663.000	-0.906	-0.533	0.000	-75.414	22.079
318	1663.000	-0.910	-0.666	0.000	-75.391	8.743
334	1663.000	-0.916	-0.789	0.000	-76.090	-2.806
350	1663.000	-0.883	-0.725	0.000	-75.414	2.951
366	1663.000	-0.974	-0.820	0.000	-75.735	-6.231
382	1663.000	-0.928	-0.534	0.000	-75.349	21.966
398	1663.000	-0.979	-0.782	0.000	-76.048	-2.131
414	1663.000	-1.020	-0.954	0.000	-78.041	-17.388
430	1663.000	-0.939	-0.649	0.000	-77.277	12.363
446	1663.000	-0.981	-0.760	0.000	-77.271	1.261
462	1663.000	-0.961	-0.901	0.000	-75.735	-14.348
478	1663.000	-0.818	-0.629	0.000	-77.267	14.410
494	1663.000	-0.952	-0.929	0.000	-75.702	-17.229
510	1663.000	-0.935	-0.755	0.000	-75.365	-0.178
526	1663.000	-0.800	-0.727	0.000	-75.402	2.672
542	1663.000	-0.931	-0.576	0.000	-75.369	17.754
558	1663.000	-0.970	-0.644	0.000	-76.604	12.231
574	1663.000	-0.898	-0.630	0.000	-75.424	12.405
590	1663.000	-0.982	-0.906	0.000	-76.968	-13.590
606	1663.000	-0.978	-0.843	0.000	-75.720	-8.626
622	1663.000	-0.947	-0.896	0.000	-75.382	-14.244
1262	1663.000	-0.299	-0.210	0.000	-23.851	2.828
1278	1663.000	-0.266	-0.065	0.000	-23.645	17.120
1294	1663.000	-0.314	-0.416	0.000	-24.066	-17.486
1310	1663.000	-0.263	0.007	0.000	-23.852	24.527
1326	1663.000	-0.265	-0.189	0.000	-23.937	5.084
1342	1663.000	-0.326	-0.447	0.000	-23.561	-21.106
1358	1663.000	-0.268	-0.360	0.000	-23.567	-12.447
1374	1663.000	-0.335	-0.269	0.000	-23.915	-2.968
1390	1663.000	-0.279	-0.087	0.000	-24.009	15.301
1406	1663.000	-0.291	-0.115	0.000	-23.603	12.056
1422	1663.000	-0.255	-0.469	0.000	-23.948	-22.910
1438	1663.000	-0.300	-0.212	0.000	-24.231	3.040
1454	1663.000	-0.299	-0.260	0.000	-23.705	-2.282
1470	1663.000	-0.265	-0.277	0.000	-23.559	-4.164
1486	1663.000	-0.335	-0.345	0.000	-23.562	-10.928
1502	1663.000	-0.327	-0.280	0.000	-23.740	-4.240
1518	1663.000	-0.288	-0.482	0.000	-23.740	-24.476
1534	1663.000	-0.256	-0.089	0.000	-23.566	14.639
1550	1663.000	-0.332	-0.198	0.000	-24.343	4.558
1566	1663.000	-0.280	-0.053	0.000	-23.636	18.308
1582	1663.000	-0.330	-0.287	0.000	-23.564	-5.162
1598	1663.000	-0.310	-0.298	0.000	-23.681	-6.135
1614	1663.000	-0.343	-0.169	0.000	-24.375	7.506
1630	1663.000	-0.257	-0.195	0.000	-23.566	4.060
1646	1663.000	-0.302	-0.201	0.000	-23.655	3.547
1662	1663.000	-0.259	-0.077	0.000	-24.171	16.477
1678	1663.000	-0.281	-0.144	0.000	-23.600	9.217
1694	1663.000	-0.300	-0.313	0.000	-23.887	-7.393
1710	1663.000	-0.336	-0.443	0.000	-23.844	-20.472
1726	1663.000	-0.288	-0.300	0.000	-23.805	-6.213
1742	1663.000	-0.299	-0.117	0.000	-23.877	12.174
1758	1663.000	-0.235	-0.048	0.000	-23.559	18.794
1774	1663.000	-0.239	-0.082	0.000	-23.881	15.684
1790	1663.000	-0.324	-0.375	0.000	-24.186	-13.279
1806	1663.000	-0.305	-0.035	0.000	-23.559	20.094
1822	1663.000	-0.335	-0.136	0.000	-24.053	10.466
1838	1663.000	-0.255	-0.333	0.000	-23.954	-9.390
1854	1663.000	-0.279	-0.284	0.000	-23.599	-4.773
1870	1663.000	-0.302	-0.196	0.000	-23.835	4.269
2510	1663.000	-0.360	-0.347	0.000	-32.114	-2.579
2526	1663.000	-0.453	-0.377	0.000	-32.634	-5.095
2542	1663.000	-0.408	-0.373	0.000	-32.320	-4.993
2558	1663.000	-0.439	-0.323	0.000	-31.551	-0.752
2574	1663.000	-0.428	-0.284	0.000	-31.961	3.535
2590	1663.000	-0.400	-0.366	0.000	-31.823	-4.779
2606	1663.000	-0.414	-0.455	0.000	-32.117	-13.422
2622	1663.000	-0.450	-0.345	0.000	-31.934	-2.608
2638	1663.000	-0.379	-0.090	0.000	-31.890	22.917
2654	1663.000	-0.416	-0.403	0.000	-32.026	-8.248
2670	1663.000	-0.421	-0.194	0.000	-31.997	12.566
2686	1663.000	-0.426	-0.421	0.000	-31.774	-10.336
2702	1663.000	-0.361	-0.424	0.000	-31.751	-10.614
2718	1663.000	-0.401	-0.308	0.000	-31.629	0.814
2734	1663.000	-0.431	-0.434	0.000	-32.176	-11.198
2750	1663.000	-0.456	-0.521	0.000	-31.831	-20.278
2766	1663.000	-0.419	-0.254	0.000	-31.631	6.225
2782	1663.000	-0.347	-0.102	0.000	-31.854	21.681
2798	1663.000	-0.389	-0.335	0.000	-32.122	-1.369
2814	1663.000	-0.417	-0.192	0.000	-31.590	12.410
2830	1663.000	-0.367	-0.106	0.000	-31.552	20.919
2846	1663.000	-0.443	-0.537	0.000	-32.101	-21.579
2862	1663.000	-0.437	-0.551	0.000	-32.053	-23.080
2878	1663.000	-0.433	-0.489	0.000	-31.553	-17.376
2894	1663.000	-0.378	-0.467	0.000	-31.812	-14.879
2910	1663.000	-0.463	-0.325	0.000	-32.262	-0.203
2926	1663.000	-0.414	-0.421	0.000	-31.552	-10.527
2942	1663.000	-0.438	-0.555	0.000	-31.858	-23.649
2958	1663.000	-0.435	-0.317	0.000	-32.051	0.334
2974	1663.000	-0.370	-0.207	0.000	-31.554	10.838
2990	1663.000	-0.352	-0.250	0.000	-31.886	6.909
3006	1663.000	-0.378	-0.349	0.000	-31.585	-3.325
3022	1663.000	-0.403	-0.075	0.000	-31.668	24.142
3038	1663.000	-0.371	-0.248	0.000	-32.062	7.305
3054	1663.000	-0.429	-0.468	0.000	-31.969	-14.840
3070	1663.000	-0.409	-0.455	0.000	-31.976	-13.562
3086	1663.000	-0.479	-0.274	0.000	-32.499	5.143
3102	1663.000	-0.354	-0.180	0.000	-31.801	13.842
3118	1663.000	-0.380	-0.532	0.000	-32.278	-20.910
3758	1663.000	-0.400	-0.528	0.000	-31.611	-21.197
3774	1663.000	-0.409	-0.359	0.000	-31.238	-4.681
3790	1663.000	-0.381	-0.275	0.000	-31.136	3.599
3806	1663.000	-0.367	-0.268	0.000	-31.137	4.334
3822	1663.000	-0.388	-0.355	0.000	-31.328	-4.183
3838	1663.000	-0.386	-0.553	0.000	-31.450	-23.808
3854	1663.000	-0.402	-0.171	0.000	-31.582	14.447
3870	1663.000	-0.465	-0.247	0.000	-31.835	7.095
3886	1663.000	-0.419	-0.254	0.000	-31.494	6.128
3902	1663.000	-0.382	-0.278	0.000	-31.226	3.399
3918	1663.000	-0.306	-0.277	0.000	-31.582	3.932
3934	1663.000	-0.424	-0.539	0.000	-31.425	-22.519
3950	1663.000	-0.343	-0.269	0.000	-31.619	4.734
3966	1663.000	-0.410	-0.308	0.000	-31.920	1.164
3982	1663.000	-0.406	-0.387	0.000	-31.385	-7.278
3998	1663.000	-0.351	-0.157	0.000	-31.308	15.626
4014	1663.000	-0.404	-0.509	0.000	-31.891	-19.017
4030	1663.000	-0.421	-0.382	0.000	-31.329	-6.906
4046	1663.000	-0.421	-0.094	0.000	-32.094	22.679
4062	1663.000	-0.377	-0.228	0.000	-31.601	8.796
4078	1663.000	-0.369	-0.211	0.000	-31.321	10.183
4094	1663.000	-0.367	-0.252	0.000	-31.877	6.689
4110	1663.000	-0.390	-0.083	0.000	-31.530	23.222
4126	1663.000	-0.481	-0.264	0.000	-31.327	4.949
4142	1663.000	-0.377	-0.123	0.000	-31.972	19.637
4158	1663.000	-0.369	-0.129	0.000	-31.232	18.305
4174	1663.000	-0.385	-0.465	0.000	-31.972	-14.526
4190	1663.000	-0.369	-0.209	0.000	-31.801	10.871
4206	1663.000	-0.396	-0.278	0.000	-31.586	3.760
4222	1663.000	-0.386	-0.499	0.000	-31.978	-17.948
4238	1663.000	-0.387	-0.560	0.000	-31.298	-24.707
4254	1663.000	-0.412	-0.383	0.000	-31.666	-6.604
4270	1663.000	-0.378	-0.261	0.000	-31.323	5.245
4286	1663.000	-0.389	-0.442	0.000	-31.469	-12.727
4302	1663.000	-0.418	-0.529	0.000	-31.238	-21.702
4318	1663.000	-0.402	-0.172	0.000	-31.224	14.049
4334	1663.000	-0.414	-0.142	0.000	-31.689	17.443
4350	1663.000	-0.437	-0.379	0.000	-31.238	-6.709
4366	1663.000	-0.427	-0.555	0.000	-31.220	-24.326
5006	1663.000	-0.242	-0.251	0.000	-22.550	-2.521
5022	1663.000	-0.276	-0.041	0.000	-22.763	18.616
5038	1663.000	-0.294	-0.277	0.000	-22.476	-5.178
5054	1663.000	-0.314	-0.323	0.000	-22.479	-9.847
5070	1663.000	-0.282	-0.164	0.000	-22.716	6.352
5086	1663.000	-0.330	-0.123	0.000	-22.640	10.369
5102	1663.000	-0.263	-0.084	0.000	-22.647	14.255
5118	1663.000	-0.207	-0.090	0.000	-22.787	13.818
5134	1663.000	-0.253	-0.009	0.000	-22.565	21.625
5150	1663.000	-0.246	-0.171	0.000	-22.657	5.523
5166	1663.000	-0.293	-0.222	0.000	-22.852	0.616
5182	1663.000	-0.322	-0.396	0.000	-22.915	-16.697
5198	1663.000	-0.303	-0.188	0.000	-22.995	4.209
5214	1663.000	-0.280	-0.454	0.000	-23.105	-22.314
5230	1663.000	-0.284	-0.411	0.000	-22.813	-18.332
5246	1663.000	-0.358	-0.446	0.000	-23.044	-21.527
5262	1663.000	-0.299	-0.404	0.000	-23.200	-17.212
5278	1663.000	-0.296	-0.263	0.000	-22.640	-3.648
5294	1663.000	-0.297	-0.401	0.000	-22.858	-17.211
5310	1663.000	-0.264	-0.233	0.000	-22.569	-0.721
5326	1663.000	-0.278	-0.258	0.000	-23.308	-2.515
5342	1663.000	-0.336	-0.344	0.000	-22.791	-11.629
5358	1663.000	-0.276	-0.140	0.000	-22.472	8.477
5374	1663.000	-0.347	-0.336	0.000	-23.128	-10.508
5390	1663.000	-0.297	-0.441	0.000	-22.661	-21.419
5406	1663.000	-0.325	-0.125	0.000	-22.826	10.281
5422	1663.000	-0.313	-0.465	0.000	-22.469	-23.991
5438	1663.000	-0.277	-0.102	0.000	-22.662	12.508
5454	1663.000	-0.285	-0.208	0.000	-22.985	2.200
5470	1663.000	-0.275	-0.346	0.000	-22.475	-12.083
5486	1663.000	-0.274	-0.145	0.000	-22.469	7.989
5502	1663.000	-0.267	-0.203	0.000	-22.693	2.400
5518	1663.000	-0.240	-0.210	0.000	-22.511	1.491
5534	1663.000	-0.241	-0.134	0.000	-22.510	9.128
5550	1663.000	-0.281	-0.312	0.000	-22.830	-8.382
5566	1663.000	-0.206	0.011	0.000	-22.762	23.829
5582	1663.000	-0.324	-0.435	0.000	-22.751	-20.712
5598	1663.000	-0.341	-0.284	0.000	-22.661	-5.764
5614	1663.000	-0.302	-0.357	0.000	-22.551	-13.153
5630	1663.000	-0.288	-0.069	0.000	-22.550	15.672
6270	1663.000	-0.955	-0.578	0.000	-78.401	20.592
6286	1663.000	-0.970	-0.859	0.000	-78.016	-7.884
6302	1663.000	-0.923	-0.689	0.000	-77.998	9.056
6318	1663.000	-1.030	-0.576	0.000	-78.697	21.070
6334	1663.000	-1.004	-1.013	0.000	-77.998	-23.331
6350	1663.000	-1.005	-0.579	0.000	-77.998	20.135
6366	1663.000	-0.964	-0.777	0.000	-77.998	0.327
6382	1663.000	-1.063	-0.775	0.000	-80.639	3.149
6398	1663.000	-0.989	-0.584	0.000	-78.698	20.348
6414	1663.000	-0.976	-0.559	0.000	-78.688	22.816
6430	1663.000	-1.007	-0.690	0.000	-79.456	10.503
6446	1663.000	-0.962	-0.894	0.000	-79.897	-9.542
6462	1663.000	-0.971	-0.589	0.000	-79.786	20.847
6478	1663.000	-1.017	-0.993	0.000	-78.058	-21.211
6494	1663.000	-0.986	-0.873	0.000	-79.531	-7.748
6510	1663.000	-1.040	-0.751	0.000	-79.093	3.984
6526	1663.000	-0.942	-0.550	0.000	-79.456	24.493
6542	1663.000	-0.956	-0.573	0.000	-78.039	20.778
6558	1663.000	-1.036	-0.907	0.000	-80.751	-9.913
6574	1663.000	-1.026	-0.661	0.000	-82.003	15.856
6590	1663.000	-1.005	-0.721	0.000	-79.856	7.797
6606	1663.000	-0.985	-0.850	0.000	-79.515	-5.453
6622	1663.000	-0.995	-0.948	0.000	-79.557	-15.198
6638	1663.000	-1.018	-0.633	0.000	-78.719	15.459
6654	1663.000	-0.729	-0.731	0.000	-80.213	7.107
6670	1663.000	-0.930	-0.656	0.000	-78.058	12.482
6686	1663.000	-1.035	-0.879	0.000	-78.942	-8.991
6702	1663.000	-0.998	-0.962	0.000	-80.401	-15.798
6718	1663.000	-0.979	-0.980	0.000	-77.998	-20.026
6734	1663.000	-0.899	-0.908	0.000	-78.894	-11.872
6750	1663.000	-1.000	-0.810	0.000	-79.021	-1.935
6766	1663.000	-0.929	-0.943	0.000	-77.999	-16.308
6782	1663.000	-1.006	-0.770	0.000	-78.786	1.800
6798	1663.000	-0.976	-1.030	0.000	-78.701	-24.315
6814	1663.000	-1.001	-0.717	0.000	-77.999	6.299
6830	1663.000	-0.987	-0.544	0.000	-79.008	24.627
6846	1663.000	-0.935	-0.577	0.000	-78.040	20.304
6862	1663.000	-0.922	-0.865	0.000	-78.034	-8.493
6878	1663.000	-0.950	-0.749	0.000	-77.999	3.149
7518	1663.000	-0.947	-0.552	0.000	-75.620	20.384
7534	1663.000	-0.990	-0.896	0.000	-75.920	-13.668
7550	1663.000	-0.936	-0.510	0.000	-76.004	24.959
7566	1663.000	-0.875	-0.527	0.000	-75.235	22.531
7582	1663.000	-1.004	-0.788	0.000	-76.676	-2.167
7598	1663.000	-0.978	-0.969	0.000	-76.004	-20.872
7614	1663.000	-1.009	-0.856	0.000	-77.379	-8.172
7630	1663.000	-0.995	-0.812	0.000	-75.275	-5.902
7646	1663.000	-1.016	-1.016	0.000	-77.132	-24.430
7662	1663.000	-0.948	-0.821	0.000	-77.003	-5.080
7678	1663.000	-0.935	-0.799	0.000	-75.309	-4.555
7694	1663.000	-0.893	-0.701	0.000	-75.958	5.859
7710	1663.000	-0.951	-0.851	0.000	-75.235	-9.881
7726	1663.000	-0.947	-0.652	0.000	-76.166	10.976
7742	1663.000	-0.958	-0.878	0.000	-76.017	-11.778
7758	1663.000	-0.931	-0.977	0.000	-75.235	-22.477
7774	1663.000	-0.954	-0.545	0.000	-76.130	21.631
7790	1663.000	-0.952	-0.665	0.000	-75.971	9.429
7806	1663.000	-0.064	4.019	0.000	-76.124	-21.994
7822	1663.000	-0.976	-0.553	0.000	-78.475	23.216
7838	1663.000	-0.849	-0.507	0.000	-75.235	24.564
7854	1663.000	-0.974	-0.993	0.000	-76.124	-23.163
7870	1663.000	-1.047	-0.967	0.000	-79.304	-17.349
7886	1663.000	-0.971	-0.847	0.000	-77.596	-7.093
7902	1663.000	-0.886	-0.565	0.000	-75.567	19.069
7918	1663.000	-1.029	-0.952	0.000	-76.082	-19.155
7934	1663.000	-0.952	-0.555	0.000	-76.177	20.662
7950	1663.000	-1.000	-0.750	0.000	-77.682	2.716
7966	1663.000	-0.962	-0.910	0.000	-75.268	-15.748
7982	1663.000	-0.910	-0.915	0.000	-75.255	-16.259
7998	1663.000	-0.950	-0.810	0.000	-75.584	-5.419
8014	1663.000	-0.882	-0.660	0.000	-75.235	9.193
8030	1663.000	-0.992	-0.950	0.000	-75.267	-19.773
8046	1663.000	-0.950	-0.626	0.000	-75.560	12.987
8062	1663.000	-0.886	-0.810	0.000	-75.250	-5.775
8078	1663.000	-0.933	-0.951	0.000	-75.287	-19.763
8094	1663.000	-0.947	-0.693	0.000	-75.520	6.218
8110	1663.000	-0.934	-0.860	0.000	-75.235	-10.756
8126	1663.000	-0.959	-0.751	0.000	-75.255	0.192
8766	1663.000	-0.294	-0.190	0.000	-26.348	7.334
8782	1663.000	-0.365	-0.417	0.000	-26.356	-15.317
8798	1663.000	-0.326	-0.088	0.000	-26.543	17.747
8814	1663.000	-0.280	-0.355	0.000	-26.262	-9.267
8830	1663.000	-0.348	-0.291	0.000	-26.141	-3.005
8846	1663.000	-0.335	-0.511	0.000	-26.246	-24.889
8862	1663.000	-0.355	-0.408	0.000	-26.097	-14.676
8878	1663.000	-0.329	-0.436	0.000	-26.064	-17.551
8894	1663.000	-0.360	-0.295	0.000	-26.083	-3.383
8910	1663.000	-0.279	-0.104	0.000	-26.563	16.185
8926	1663.000	-0.327	-0.434	0.000	-26.137	-17.288
8942	1663.000	-0.298	-0.100	0.000	-26.247	16.219
8958	1663.000	-0.377	-0.460	0.000	-26.443	-19.555
8974	1663.000	-0.416	-0.483	0.000	-26.989	-21.341
8990	1663.000	-0.338	-0.408	0.000	-26.661	-14.119
9006	1663.000	-0.335	-0.396	0.000	-26.639	-12.929
9022	1663.000	-0.361	-0.451	0.000	-27.238	-17.871
9038	1663.000	-0.297	-0.219	0.000	-26.258	4.385
9054	1663.000	-0.344	-0.026	0.000	-26.243	23.605
9070	1663.000	-0.319	-0.388	0.000	-26.258	-12.510
9086	1663.000	-0.337	-0.275	0.000	-26.073	-1.466
9102	1663.000	-0.328	-0.124	0.000	-26.069	13.650
9118	1663.000	-0.343	-0.478	0.000	-26.385	-21.382
9134	1663.000	-0.318	-0.139	0.000	-26.069	12.181
9150	1663.000	-0.344	-0.309	0.000	-26.658	-4.214
9166	1663.000	-0.271	-0.295	0.000	-26.071	-3.385
9182	1663.000	-0.345	-0.109	0.000	-26.143	15.228
9198	1663.000	-0.330	-0.146	0.000	-26.654	12.056
9214	1663.000	-0.312	-0.310	0.000	-26.064	-4.900
9230	1663.000	-0.298	-0.139	0.000	-26.141	12.272
9246	1663.000	-0.265	-0.019	0.000	-26.524	24.586
9262	1663.000	-0.344	-0.119	0.000	-26.155	14.213
9278	1663.000	-0.316	-0.467	0.000	-26.604	-20.135
9294	1663.000	-0.318	-0.360	0.000	-26.422	-9.606
9310	1663.000	-0.335	-0.335	0.000	-26.379	-7.093
9326	1663.000	-0.344	-0.139	0.000	-26.396	12.471
9342	1663.000	-0.309	-0.244	0.000	-26.453	2.031
9358	1663.000	-0.399	-0.514	0.000	-26.623	-24.771
9374	1663.000	-0.321	-0.356	0.000	-26.397	-9.251
10014	1663.000	-0.333	-0.095	0.000	-31.299	21.779
10030	1663.000	-0.345	-0.296	0.000	-31.312	1.684
10046	1663.000	-0.362	-0.094	0.000	-31.380	21.933
10062	1663.000	-0.386	-0.142	0.000	-31.804	17.595
10078	1663.000	-0.348	-0.080	0.000	-31.234	23.263
10094	1663.000	-0.419	-0.408	0.000	-31.671	-9.119
10110	1663.000	-0.426	-0.518	0.000	-31.626	-20.170
10126	1663.000	-0.381	-0.452	0.000	-31.612	-13.599
10142	1663.000	-0.292	-0.207	0.000	-31.395	10.662
10158	1663.000	-0.374	-0.307	0.000	-31.422	0.731
10174	1663.000	-0.446	-0.498	0.000	-31.232	-18.557
10190	1663.000	-0.425	-0.379	0.000	-31.732	-6.202
10206	1663.000	-0.342	-0.288	0.000	-31.332	2.529
10222	1663.000	-0.425	-0.293	0.000	-31.482	2.177
10238	1663.000	-0.338	-0.243	0.000	-31.460	7.130
10254	1663.000	-0.360	-0.210	0.000	-32.258	11.268
10270	1663.000	-0.351	-0.304	0.000	-31.319	0.942
10286	1663.000	-0.390	-0.101	0.000	-31.319	21.205
10302	1663.000	-0.411	-0.289	0.000	-32.608	3.752
10318	1663.000	-0.416	-0.290	0.000	-31.875	2.842
10334	1663.000	-0.398	-0.487	0.000	-32.306	-16.363
10350	1663.000	-0.379	-0.546	0.000	-32.097	-22.495
10366	1663.000	-0.395	-0.300	0.000	-31.494	1.539
10382	1663.000	-0.406	-0.109	0.000	-32.079	21.138
10398	1663.000	-0.457	-0.498	0.000	-31.841	-17.940
10414	1663.000	-0.416	-0.553	0.000	-31.330	-23.926
10430	1663.000	-0.371	-0.239	0.000	-32.005	8.131
10446	1663.000	-0.390	-0.409	0.000	-31.876	-8.995
10462	1663.000	-0.461	-0.477	0.000	-31.795	-15.953
10478	1663.000	-0.369	-0.119	0.000	-31.800	19.947
10494	1663.000	-0.358	-0.131	0.000	-32.313	19.232
10510	1663.000	-0.428	-0.257	0.000	-32.077	6.420
10526	1663.000	-0.322	-0.173	0.000	-31.298	14.011
10542	1663.000	-0.378	-0.242	0.000	-31.492	7.298
10558	1663.000	-0.428	-0.472	0.000	-31.306	-15.868
10574	1663.000	-0.372	-0.539	0.000	-31.238	-22.667
10590	1663.000	-0.365	-0.311	0.000	-31.229	0.099
10606	1663.000	-0.382	-0.142	0.000	-31.395	17.171
10622	1663.000	-0.409	-0.415	0.000	-31.235	-10.311
11278	1663.000	-0.463	-0.541	0.000	-31.701	-22.398
11294	1663.000	-0.369	-0.331	0.000	-31.397	-1.700
11310	1663.000	-0.437	-0.526	0.000	-30.665	-21.944
11326	1663.000	-0.382	-0.406	0.000	-31.374	-9.214
11342	1663.000	-0.373	-0.186	0.000	-31.086	12.456
11358	1663.000	-0.423	-0.289	0.000	-30.518	1.627
11374	1663.000	-0.417	-0.167	0.000	-31.039	14.342
11390	1663.000	-0.379	-0.399	0.000	-30.982	-8.914
11406	1663.000	-0.359	-0.500	0.000	-30.595	-19.386
11422	1663.000	-0.412	-0.533	0.000	-30.678	-22.591
11438	1663.000	-0.407	-0.366	0.000	-31.027	-5.538
11454	1663.000	-0.441	-0.439	0.000	-31.355	-12.570
11470	1663.000	-0.358	-0.307	0.000	-30.794	0.064
11486	1663.000	-0.338	-0.267	0.000	-30.716	4.063
11502	1663.000	-0.382	-0.334	0.000	-30.752	-2.630
11518	1663.000	-0.411	-0.438	0.000	-30.847	-12.929
11534	1663.000	-0.318	-0.119	0.000	-30.680	18.734
11550	1663.000	-0.362	-0.067	0.000	-31.111	24.395
11566	1663.000	-0.336	-0.403	0.000	-31.005	-9.314
11582	1663.000	-0.370	-0.161	0.000	-30.528	14.403
11598	1663.000	-0.373	-0.193	0.000	-31.857	12.569
11614	1663.000	-0.436	-0.388	0.000	-30.632	-8.145
11630	1663.000	-0.393	-0.099	0.000	-30.768	20.854
11646	1663.000	-0.449	-0.371	0.000	-31.180	-5.967
11662	1663.000	-0.368	-0.341	0.000	-30.621	-3.461
11678	1663.000	-0.390	-0.268	0.000	-30.953	4.161
11694	1663.000	-0.363	-0.320	0.000	-30.737	-1.247
11710	1663.000	-0.448	-0.404	0.000	-30.612	-9.741
11726	1663.000	-0.326	-0.078	0.000	-30.702	22.940
11742	1663.000	-0.371	-0.392	0.000	-31.042	-8.129
11758	1663.000	-0.380	-0.345	0.000	-30.536	-4.000
11774	1663.000	-0.405	-0.511	0.000	-30.541	-20.595
11790	1663.000	-0.395	-0.068	0.000	-30.952	24.112
11806	1663.000	-0.423	-0.437	0.000	-30.606	-13.083
11822	1663.000	-0.394	-0.449	0.000	-30.857	-14.057
11838	1663.000	-0.402	-0.340	0.000	-30.957	-3.011
11854	1663.000	-0.367	-0.297	0.000	-31.235	1.510
11870	1663.000	-0.402	-0.366	0.000	-31.306	-5.312
11886	1663.000	-0.320	-0.194	0.000	-30.864	11.480
12526	1663.000	-0.330	-0.288	0.000	-25.374	-3.420
12542	1663.000	-0.252	-0.000	0.000	-24.583	24.537
12558	1663.000	-0.270	-0.078	0.000	-24.536	16.745
12574	1663.000	-0.303	-0.276	0.000	-24.752	-2.825
12590	1663.000	-0.348	-0.196	0.000	-24.881	5.248
12606	1663.000	-0.282	-0.493	0.000	-24.571	-24.759
12622	1663.000	-0.365	-0.007	0.000	-25.151	24.495
12638	1663.000	-0.271	-0.136	0.000	-24.879	11.257
12654	1663.000	-0.237	-0.348	0.000	-24.573	-10.227
12670	1663.000	-0.333	-0.424	0.000	-25.283	-17.072
12686	1663.000	-0.302	-0.362	0.000	-24.498	-11.662
12702	1663.000	-0.355	-0.408	0.000	-24.500	-16.269
12718	1663.000	-0.330	-0.486	0.000	-24.512	-24.055
12734	1663.000	-0.269	-0.090	0.000	-24.512	15.521
12750	1663.000	-0.267	-0.070	0.000	-24.498	17.492
12766	1663.000	-0.296	-0.410	0.000	-24.500	-16.452
12782	1663.000	-0.327	-0.313	0.000	-24.836	-6.448
12798	1663.000	-0.323	-0.346	0.000	-24.508	-10.071
12814	1663.000	-0.311	-0.012	0.000	-24.999	23.812
12830	1663.000	-0.367	-0.340	0.000	-24.806	-9.166
12846	1663.000	-0.341	-0.235	0.000	-24.502	0.973
12862	1663.000	-0.310	-0.353	0.000	-24.758	-10.542
12878	1663.000	-0.288	-0.157	0.000	-24.500	8.780
12894	1663.000	-0.340	-0.119	0.000	-24.498	12.560
12910	1663.000	-0.267	-0.182	0.000	-24.505	6.297
12926	1663.000	-0.328	-0.057	0.000	-24.620	18.954
12942	1663.000	-0.311	-0.182	0.000	-24.831	6.623
12958	1663.000	-0.330	-0.383	0.000	-24.498	-13.829
12974	1663.000	-0.310	-0.193	0.000	-24.871	5.538
12990	1663.000	-0.247	-0.205	0.000	-25.237	4.694
13006	1663.000	-0.266	-0.003	0.000	-24.716	24.463
13022	1663.000	-0.326	-0.198	0.000	-24.538	4.743
13038	1663.000	-0.338	-0.105	0.000	-24.505	14.037
13054	1663.000	-0.247	-0.308	0.000	-25.188	-5.649
13070	1663.000	-0.288	-0.401	0.000	-25.284	-14.831
13086	1663.000	-0.256	-0.180	0.000	-24.663	6.674
13102	1663.000	-0.354	-0.010	0.000	-25.726	24.704
13118	1663.000	-0.331	-0.281	0.000	-24.815	-3.293
13134	1663.000	-0.324	-0.314	0.000	-24.537	-6.847
13774	1663.000	-0.976	-0.820	0.000	-79.138	-2.856
13790	1663.000	-0.874	-0.624	0.000	-77.274	14.863
13806	1663.000	-0.963	-0.861	0.000	-77.289	-8.838
13822	1663.000	-0.802	-0.770	0.000	-79.908	2.957
13838	1663.000	-0.972	-0.764	0.000	-77.274	0.914
13854	1663.000	-1.009	-0.967	0.000	-77.335	-19.341
13870	1663.000	-0.952	-1.021	0.000	-78.043	-24.095
13886	1663.000	-0.981	-0.889	0.000	-77.289	-11.637
13902	1663.000	-0.930	-0.582	0.000	-78.125	19.880
13918	1663.000	-0.978	-0.973	0.000	-78.043	-19.287
13934	1663.000	-0.954	-0.798	0.000	-77.274	-2.558
13950	1663.000	-0.977	-0.753	0.000	-78.056	2.771
13966	1663.000	-0.947	-0.569	0.000	-77.274	20.357
13982	1663.000	-1.004	-0.657	0.000	-79.489	13.749
13998	1663.000	-0.942	-0.607	0.000	-77.274	16.532
14014	1663.000	-0.867	-0.909	0.000	-78.292	-12.628
14030	1663.000	-0.035	4.206	0.000	-77.874	-1.506
14046	1663.000	-0.979	-0.566	0.000	-78.048	21.415
14062	1663.000	-0.987	-0.589	0.000	-77.289	18.437
14078	1663.000	-0.966	-0.979	0.000	-77.289	-20.629
14094	1663.000	-0.982	-0.686	0.000	-78.775	10.132
14110	1663.000	-1.014	-0.946	0.000	-79.719	-14.915
14126	1663.000	-0.961	-1.004	0.000	-77.315	-23.095
14142	1663.000	-0.949	-0.987	0.000	-78.757	-19.964
14158	1663.000	-0.983	-1.033	0.000	-78.693	-24.598
14174	1663.000	-0.991	-0.818	0.000	-77.281	-4.495
14190	1663.000	-1.050	-0.952	0.000	-80.175	-14.995
14206	1663.000	-0.961	-0.875	0.000	-77.289	-10.161
14222	1663.000	-0.871	-0.680	0.000	-78.916	10.879
14238	1663.000	-1.046	-0.830	0.000	-79.859	-3.184
14254	1663.000	-1.022	-0.859	0.000	-77.274	-8.578
14270	1663.000	-1.037	-1.003	0.000	-78.954	-21.389
14286	1663.000	-0.845	-0.984	0.000	-79.158	-19.258
14302	1663.000	-0.987	-0.894	0.000	-77.274	-12.164
14318	1663.000	-0.977	-0.815	0.000	-77.964	-3.514
14334	1663.000	-0.907	-0.672	0.000	-77.274	10.113
14350	1663.000	-0.875	-0.530	0.000	-77.599	24.619
14366	1663.000	-0.986	-0.968	0.000	-77.314	-19.453
14382	1663.000	-0.960	-0.894	0.000	-77.289	-12.159
14	1664.000	-0.955	-0.549	0.000	-76.062	21.202
30	1664.000	0.749	4.329	0.000	-74.419	7.273
46	1664.000	-0.830	-0.700	0.000	-73.615	3.662
62	1664.000	-0.911	-0.981	0.000	-73.656	-24.430
78	1664.000	-0.884	-0.800	0.000	-74.419	-5.616
94	1664.000	-0.820	-0.667	0.000	-73.615	6.891
110	1664.000	-0.751	-0.764	0.000	-74.489	-1.909
126	1664.000	-0.863	-0.606	0.000	-74.243	13.635
142	1664.000	-0.937	-0.862	0.000	-74.158	-12.070
158	1664.000	-0.928	-0.701	0.000	-74.475	4.404
174	1664.000	-0.925	-0.657	0.000	-75.784	10.036
190	1664.000	-0.714	-0.719	0.000	-73.657	1.744
206	1664.000	-0.896	-0.907	0.000	-73.628	-17.028
222	1664.000	-0.911	-0.515	0.000	-73.913	22.386
238	1664.000	-0.905	-0.567	0.000	-73.630	16.972
254	1664.000	-0.831	-0.601	0.000	-73.615	13.497
270	1664.000	-0.859	-0.499	0.000	-74.537	24.659
286	1664.000	-0.946	-0.490	0.000	-73.615	24.657
302	1664.000	-0.897	-0.959	0.000	-73.673	-22.242
318	1664.000	-0.888	-0.720	0.000	-73.652	1.702
334	1664.000	-0.892	-0.659	0.000	-74.285	8.405
350	1664.000	-0.837	-0.518	0.000	-73.673	21.859
366	1664.000	-0.921	-0.711	0.000	-73.963	2.869
382	1664.000	-0.915	-0.938	0.000	-73.615	-20.167
398	1664.000	-0.925	-0.617	0.000	-74.247	12.540
414	1664.000	-0.960	-0.661	0.000	-76.050	9.976
430	1664.000	-0.902	-0.896	0.000	-75.358	-14.214
446	1664.000	-0.926	-0.553	0.000	-75.353	20.060
462	1664.000	-0.907	-0.688	0.000	-73.963	5.145
478	1664.000	-0.848	-0.992	0.000	-75.349	-23.822
494	1664.000	-0.932	-0.769	0.000	-73.933	-2.953
510	1664.000	-0.922	-0.871	0.000	-73.629	-13.507
526	1664.000	-0.788	-0.873	0.000	-73.662	-13.654
542	1664.000	-0.904	-0.917	0.000	-75.715	-15.976
558	1664.000	-0.908	-0.550	0.000	-74.750	19.702
574	1664.000	-0.866	-0.529	0.000	-73.682	20.733
590	1664.000	-0.501	4.039	1.000	-75.079	-21.023
606	1664.000	-0.937	-0.859	0.000	-73.950	-11.904
622	1664.000	-0.912	-0.970	0.000	-73.644	-23.361
1262	1664.000	-0.261	-0.126	0.000	-22.862	10.301
1278	1664.000	-0.279	-0.295	0.000	-22.676	-6.782
1294	1664.000	-0.316	-0.385	0.000	-23.057	-15.472
1310	1664.000	-0.233	0.010	0.000	-22.863	23.862
1326	1664.000	-0.285	-0.324	0.000	-22.939	-9.478
1342	1664.000	-0.317	-0.359	0.000	-22.599	-13.348
1358	1664.000	-0.236	-0.037	0.000	-22.605	18.895
1374	1664.000	-0.284	0.012	0.000	-22.920	24.148
1390	1664.000	-0.301	-0.352	0.000	-23.005	-12.163
1406	1664.000	-0.301	-0.359	0.000	-22.637	-13.298
1422	1664.000	-0.226	-0.135	0.000	-22.949	9.446
1438	1664.000	-0.270	-0.122	0.000	-23.206	10.957
1454	1664.000	-0.292	-0.327	0.000	-22.729	-9.983
1470	1664.000	-0.257	-0.284	0.000	-22.597	-5.788
1486	1664.000	-0.343	-0.382	0.000	-22.600	-15.554
1502	1664.000	-0.324	-0.219	0.000	-22.761	0.848
1518	1664.000	-0.267	-0.160	0.000	-22.761	6.770
1534	1664.000	-0.237	-0.202	0.000	-22.604	2.428
1550	1664.000	-0.316	-0.314	0.017	-23.307	-16.558
1566	1664.000	-0.275	-0.364	0.000	-22.667	-13.754
1582	1664.000	-0.319	-0.378	0.000	-22.602	-15.180
1598	1664.000	-0.314	-0.393	0.000	-22.708	-16.603
1614	1664.000	-0.329	-0.157	0.000	-23.336	7.664
1630	1664.000	-0.243	-0.055	0.000	-22.604	17.062
1646	1664.000	-0.262	-0.115	0.044	-22.685	-10.965
1662	1664.000	-0.255	-0.411	0.000	-23.151	-17.991
1678	1664.000	-0.252	-0.131	0.000	-22.635	9.576
1694	1664.000	-0.281	-0.371	0.000	-22.894	-14.229
1710	1664.000	-0.254	0.418	0.080	-22.856	24.590
1726	1664.000	-0.276	-0.398	0.001	-22.820	-17.636
1742	1664.000	-0.297	-0.195	0.000	-22.885	3.358
1758	1664.000	-0.224	-0.257	0.000	-22.597	-3.093
1774	1664.000	-0.254	-0.306	0.000	-22.889	-7.746
1790	1664.000	-0.298	-0.027	0.000	-23.165	20.428
1806	1664.000	-0.282	-0.160	0.000	-22.598	6.625
1822	1664.000	-0.328	-0.347	0.000	-23.045	-11.643
1838	1664.000	-0.258	-0.258	0.000	-22.955	-2.859
1854	1664.000	-0.240	-0.090	0.000	-22.634	13.679
1870	1664.000	-0.284	-0.145	0.000	-22.847	8.347
2510	1664.000	-0.365	-0.236	0.000	-30.773	7.162
2526	1664.000	-0.446	-0.480	0.000	-31.243	-16.774
2542	1664.000	-0.373	-0.104	0.011	-30.959	15.203
2558	1664.000	-0.437	-0.374	0.000	-30.263	-7.107
2574	1664.000	-0.383	-0.075	0.000	-30.634	23.100
2590	1664.000	-0.374	-0.123	0.000	-30.509	18.248
2606	1664.000	-0.392	-0.407	0.000	-30.776	-9.960
2622	1664.000	-0.431	-0.484	0.000	-30.610	-17.757
2638	1664.000	-0.349	-0.329	0.000	-30.570	-2.363
2654	1664.000	-0.368	-0.063	0.000	-30.693	24.395
2670	1664.000	-0.396	-0.317	0.000	-30.667	-1.069
2686	1664.000	-0.418	-0.287	0.000	-30.465	1.783
2702	1664.000	-0.385	-0.468	0.000	-30.444	-16.351
2718	1664.000	-0.382	-0.372	0.000	-30.334	-6.884
2734	1664.000	-0.417	-0.368	0.000	-30.828	-5.959
2750	1664.000	-0.431	-0.373	0.000	-30.516	-6.821
2766	1664.000	-0.393	-0.274	0.000	-30.336	2.901
2782	1664.000	-0.335	-0.081	0.000	-30.538	22.456
2798	1664.000	-0.355	-0.211	0.000	-30.780	9.709
2814	1664.000	-0.414	-0.496	0.000	-30.298	-19.348
2830	1664.000	-0.358	-0.536	0.000	-30.264	-23.300
2846	1664.000	-0.399	-0.305	0.000	-30.761	0.285
2862	1664.000	-0.410	-0.346	0.000	-30.717	-3.864
2878	1664.000	-0.429	-0.331	0.000	-30.265	-2.799
2894	1664.000	-0.358	-0.300	0.000	-30.499	0.548
2910	1664.000	-0.409	-0.143	0.000	-30.906	16.610
2926	1664.000	-0.398	-0.148	0.000	-30.264	15.505
2942	1664.000	-0.378	-0.121	0.000	-30.541	18.446
2958	1664.000	-0.421	-0.311	0.000	-30.716	-0.371
2974	1664.000	-0.323	-0.084	0.000	-30.266	21.821
2990	1664.000	-0.389	-0.556	0.000	-30.567	-24.997
3006	1664.000	-0.346	-0.119	0.000	-30.294	18.347
3022	1664.000	-0.380	-0.449	0.000	-30.369	-14.543
3038	1664.000	-0.367	-0.213	0.000	-30.725	9.473
3054	1664.000	-0.409	-0.204	0.000	-30.641	10.248
3070	1664.000	-0.386	-0.224	0.000	-30.648	8.286
3086	1664.000	-0.442	-0.171	0.000	-31.121	13.989
3102	1664.000	-0.365	-0.425	0.000	-30.489	-12.025
3118	1664.000	-0.364	-0.468	0.000	-30.921	-15.868
3758	1664.000	-0.366	-0.279	0.000	-30.295	2.378
3774	1664.000	-0.411	-0.453	0.000	-29.958	-15.331
3790	1664.000	-0.360	-0.419	0.000	-29.865	-12.076
3806	1664.000	-0.394	-0.542	0.000	-29.866	-24.366
3822	1664.000	-0.372	-0.157	0.039	-30.039	-5.106
3838	1664.000	-0.373	-0.500	0.000	-30.150	-19.863
3854	1664.000	-0.402	-0.352	0.000	-30.269	-4.887
3870	1664.000	-0.450	-0.388	0.000	-30.498	-8.344
3886	1664.000	-0.393	-0.287	0.000	-30.190	1.457
3902	1664.000	-0.349	-0.233	0.000	-29.947	6.611
3918	1664.000	-0.316	-0.526	0.000	-30.269	-22.294
3934	1664.000	-0.422	-0.528	0.000	-30.127	-22.628
3950	1664.000	-0.340	-0.310	0.000	-30.302	-0.655
3966	1664.000	-0.427	-0.472	0.000	-30.575	-16.611
3982	1664.000	-0.352	-0.080	0.000	-30.090	22.107
3998	1664.000	-0.337	-0.086	0.000	-30.021	21.403
4014	1664.000	-0.387	-0.233	0.000	-30.548	7.253
4030	1664.000	-0.399	-0.076	0.000	-30.040	22.468
4046	1664.000	-0.391	-0.190	0.000	-30.732	11.746
4062	1664.000	-0.372	-0.461	0.000	-30.286	-15.802
4078	1664.000	-0.366	-0.505	0.000	-30.032	-20.512
4094	1664.000	-0.355	-0.379	0.000	-30.536	-7.400
4110	1664.000	-0.389	-0.486	0.000	-30.222	-18.397
4126	1664.000	-0.474	-0.341	0.000	-30.038	-4.023
4142	1664.000	-0.364	-0.217	0.000	-30.621	8.936
4158	1664.000	-0.350	-0.210	0.000	-29.952	8.921
4174	1664.000	-0.408	-0.520	0.000	-30.622	-21.369
4190	1664.000	-0.364	-0.385	0.010	-30.467	-12.796
4206	1664.000	-0.391	-0.483	0.000	-30.272	-18.061
4222	1664.000	-0.389	-0.254	0.000	-30.627	5.222
4238	1664.000	-0.375	-0.194	0.000	-30.012	10.627
4254	1664.000	-0.397	-0.225	0.000	-30.345	7.851
4270	1664.000	-0.380	-0.327	0.000	-30.034	-2.638
4286	1664.000	-0.380	-0.245	0.000	-30.166	5.687
4302	1664.000	-0.399	-0.242	0.000	-29.958	5.741
4318	1664.000	-0.411	-0.424	0.000	-29.945	-12.452
4334	1664.000	-0.387	-0.409	0.000	-30.366	-10.506
4350	1664.000	-0.436	-0.470	0.000	-29.958	-17.059
4366	1664.000	-0.398	-0.319	0.000	-29.941	-1.991
5006	1664.000	-0.217	-0.068	0.000	-21.625	14.815
5022	1664.000	-0.272	-0.418	0.000	-21.818	-20.028
5038	1664.000	-0.268	-0.221	0.000	-21.558	-0.570
5054	1664.000	-0.309	-0.330	0.000	-21.561	-11.453
5070	1664.000	-0.289	-0.313	0.000	-21.776	-9.541
5086	1664.000	-0.301	-0.008	0.000	-21.707	20.871
5102	1664.000	-0.248	-0.273	0.000	-21.713	-5.623
5118	1664.000	-0.234	-0.409	0.000	-21.840	-19.051
5134	1664.000	-0.250	-0.444	0.000	-21.639	-22.796
5150	1664.000	-0.237	-0.273	0.000	-21.722	-5.570
5166	1664.000	-0.255	-0.085	0.000	-21.899	13.409
5182	1664.000	-0.296	-0.198	0.000	-21.956	2.178
5198	1664.000	-0.286	-0.320	0.000	-22.028	-9.942
5214	1664.000	-0.251	-0.175	0.000	-22.128	4.586
5230	1664.000	-0.278	-0.236	0.000	-21.863	-1.740
5246	1664.000	-0.343	-0.193	0.000	-22.072	2.752
5262	1664.000	-0.324	-0.418	0.000	-22.213	-19.569
5278	1664.000	-0.270	-0.165	0.000	-21.707	5.224
5294	1664.000	-0.315	-0.468	0.000	-21.904	-24.860
5310	1664.000	-0.261	-0.435	0.000	-21.643	-21.903
5326	1664.000	-0.236	-0.096	0.000	-22.311	12.666
5342	1664.000	-0.315	-0.091	0.000	-21.843	12.695
5358	1664.000	-0.289	-0.418	0.000	-21.555	-20.196
5374	1664.000	-0.341	-0.235	0.000	-22.149	-1.304
5390	1664.000	-0.316	-0.354	0.000	-21.726	-13.675
5406	1664.000	-0.315	-0.422	0.000	-21.875	-20.341
5422	1664.000	-0.271	0.008	0.000	-21.552	22.305
5438	1664.000	-0.261	-0.058	0.000	-21.727	15.943
5454	1664.000	-0.251	-0.145	0.000	-22.019	7.511
5470	1664.000	-0.266	-0.354	0.000	-21.557	-13.871
5486	1664.000	-0.221	0.246	0.072	-21.552	10.246
5502	1664.000	-0.281	-0.368	0.000	-21.754	-14.999
5518	1664.000	-0.252	-0.231	0.000	-21.590	-1.551
5534	1664.000	-0.234	-0.291	0.000	-21.589	-7.477
5550	1664.000	-0.313	-0.468	0.000	-21.879	-24.910
5566	1664.000	-0.196	-0.260	0.000	-21.817	-4.213
5582	1664.000	-0.307	-0.306	0.000	-21.807	-8.839
5598	1664.000	-0.324	-0.130	0.000	-21.726	8.701
5614	1664.000	-0.245	0.018	0.040	-21.626	3.635
5630	1664.000	-0.261	-0.073	0.000	-21.625	14.341
6270	1664.000	-0.945	-0.968	0.000	-76.519	-20.278
6286	1664.000	-0.967	-0.982	0.000	-76.171	-22.004
6302	1664.000	-0.906	-0.816	0.000	-76.155	-5.410
6318	1664.000	-0.507	4.016	1.000	-76.787	-21.661
6334	1664.000	-0.926	-0.551	0.000	-76.155	21.015
6350	1664.000	-0.932	-0.593	0.000	-76.155	16.852
6366	1664.000	-0.932	-0.982	0.000	-76.155	-22.081
6382	1664.000	-1.046	-1.010	0.000	-78.545	-22.476
6398	1664.000	-0.956	-1.009	0.000	-76.788	-24.116
6414	1664.000	-0.952	-0.755	0.000	-76.780	1.329
6430	1664.000	-0.962	-0.939	0.000	-77.474	-16.379
6446	1664.000	-0.957	-0.856	0.000	-77.874	-7.715
6462	1664.000	-0.895	-0.536	0.000	-77.773	24.196
6478	1664.000	-0.505	-0.556	0.000	-76.210	20.560
6494	1664.000	-0.965	-0.867	0.000	-77.542	-9.174
6510	1664.000	-0.994	-0.993	0.000	-77.145	-22.144
6526	1664.000	-0.923	-0.750	0.000	-77.474	2.490
6542	1664.000	-0.909	-0.817	0.000	-76.192	-5.478
6558	1664.000	-1.018	-0.939	0.000	-78.646	-15.234
6574	1664.000	-1.008	-0.901	0.000	-79.779	-10.286
6590	1664.000	-0.981	-0.832	0.000	-77.836	-5.412
6606	1664.000	-0.950	-0.762	0.000	-77.527	1.302
6622	1664.000	-0.933	-0.727	0.000	-77.566	4.845
6638	1664.000	-0.975	-0.747	0.000	-76.807	2.133
6654	1664.000	-0.715	-0.694	0.000	-78.159	8.805
6670	1664.000	-0.884	-0.730	0.000	-76.210	3.216
6686	1664.000	-0.987	-0.826	0.000	-77.009	-5.637
6702	1664.000	-0.968	-0.834	0.000	-78.329	-5.118
6718	1664.000	-0.945	-0.851	0.000	-76.155	-8.951
6734	1664.000	-0.864	-0.531	0.000	-76.966	23.847
6750	1664.000	-0.974	-0.905	0.000	-77.081	-13.447
6766	1664.000	-0.892	-0.623	0.000	-78.824	16.514
6782	1664.000	-0.992	-0.882	0.000	-76.868	-11.380
6798	1664.000	-0.928	-0.814	0.000	-76.792	-4.602
6814	1664.000	-0.973	-0.898	0.000	-78.824	-10.963
6830	1664.000	-0.914	-0.535	0.000	-77.069	23.598
6846	1664.000	-0.918	-0.724	0.000	-76.193	3.761
6862	1664.000	-0.891	-0.707	0.000	-76.187	5.493
6878	1664.000	-0.908	-0.771	0.000	-76.156	-0.988
7518	1664.000	-0.937	-0.934	0.000	-72.513	-20.907
7534	1664.000	-0.953	-0.777	0.000	-72.784	-4.902
7550	1664.000	-0.931	-0.921	0.000	-72.860	-19.240
7566	1664.000	-0.850	-0.649	0.000	-72.164	7.264
7582	1664.000	-0.985	-0.895	0.000	-73.469	-16.061
7598	1664.000	-0.943	-0.596	0.000	-72.860	13.221
7614	1664.000	-0.975	-0.891	0.000	-74.105	-15.007
7630	1664.000	-0.974	-0.953	0.000	-72.201	-23.141
7646	1664.000	-0.964	-0.856	0.000	-73.881	-11.763
7662	1664.000	-0.899	-0.826	0.000	-73.764	-8.885
7678	1664.000	-0.885	-0.493	0.000	-72.232	22.947
7694	1664.000	-0.895	-0.900	0.000	-72.819	-17.229
7710	1664.000	-0.938	-0.826	0.000	-72.164	-10.445
7726	1664.000	-0.919	-0.918	0.000	-73.007	-18.785
7742	1664.000	-0.930	-0.782	0.000	-72.872	-5.372
7758	1664.000	-0.446	-0.629	0.000	-72.164	9.226
7774	1664.000	-0.944	-0.869	0.000	-72.975	-13.903
7790	1664.000	-0.906	-0.846	0.000	-72.830	-11.757
7806	1664.000	0.741	4.422	0.000	-72.969	15.211
7822	1664.000	-0.936	-0.759	0.000	-75.096	-0.844
7838	1664.000	-0.816	-0.726	0.000	-72.164	-0.410
7854	1664.000	-0.911	-0.542	0.000	-72.969	18.790
7870	1664.000	-1.016	-0.775	0.000	-75.846	-1.613
7886	1664.000	-0.962	-0.902	0.000	-74.301	-15.850
7902	1664.000	-0.843	-0.593	0.000	-72.465	13.132
7918	1664.000	-0.981	-0.709	0.000	-72.931	2.063
7934	1664.000	-0.898	-0.761	0.000	-73.017	-3.126
7950	1664.000	-0.947	-0.871	0.000	-74.378	-12.704
7966	1664.000	-0.942	-0.767	0.000	-72.194	-4.554
7982	1664.000	-0.866	-0.664	0.000	-72.182	5.824
7998	1664.000	-0.912	-0.882	0.000	-72.480	-15.753
8014	1664.000	-0.865	-0.846	0.000	-72.164	-12.474
8030	1664.000	-0.956	-0.802	0.000	-72.194	-8.010
8046	1664.000	-0.882	-0.569	0.000	-72.459	15.533
8062	1664.000	-0.863	-0.919	0.000	-72.178	-19.722
8078	1664.000	-0.872	-0.545	0.000	-72.212	17.751
8094	1664.000	-0.902	-0.886	0.000	-72.422	-16.161
8110	1664.000	-0.920	-0.767	0.000	-72.164	-4.561
8126	1664.000	-0.948	-0.951	0.000	-72.182	-22.901
8766	1664.000	-0.282	-0.418	0.000	-25.257	-16.541
8782	1664.000	-0.362	-0.341	0.000	-25.264	-8.830
8798	1664.000	-0.342	-0.359	0.000	-25.434	-10.460
8814	1664.000	-0.236	-0.052	0.000	-25.180	19.973
8830	1664.000	-0.358	-0.472	0.000	-25.070	-22.137
8846	1664.000	-0.312	-0.014	0.000	-25.165	23.727
8862	1664.000	-0.372	-0.492	0.000	-25.030	-24.130
8878	1664.000	-0.293	-0.069	0.000	-25.000	18.103
8894	1664.000	-0.330	-0.177	0.000	-25.018	7.292
8910	1664.000	-0.255	-0.048	0.000	-25.452	20.700
8926	1664.000	-0.291	-0.177	0.000	-25.066	7.327
8942	1664.000	-0.264	-0.108	0.000	-25.166	14.334
8958	1664.000	-0.379	-0.322	0.000	-25.344	-6.810
8974	1664.000	-0.417	-0.486	0.000	-25.837	-22.771
8990	1664.000	-0.297	-0.031	0.000	-25.540	22.484
9006	1664.000	-0.315	-0.234	0.000	-25.521	2.090
9022	1664.000	-0.309	-0.096	0.000	-26.063	16.442
9038	1664.000	-0.282	-0.218	0.000	-25.175	3.333
9054	1664.000	-0.354	-0.331	0.000	-25.163	-7.940
9070	1664.000	-0.323	-0.326	0.000	-25.176	-7.440
9086	1664.000	-0.321	-0.187	0.000	-25.009	6.343
9102	1664.000	-0.312	-0.307	0.000	-25.005	-5.709
9118	1664.000	-0.326	-0.319	0.000	-25.291	-6.621
9134	1664.000	-0.313	-0.457	0.000	-25.005	-20.730
9150	1664.000	-0.314	-0.043	0.000	-25.538	21.282
9166	1664.000	-0.269	-0.131	0.000	-25.007	11.885
9182	1664.000	-0.331	-0.179	0.000	-25.072	7.148
9198	1664.000	-0.297	-0.199	0.000	-25.535	5.661
9214	1664.000	-0.288	-0.288	0.000	-25.000	-3.839
9230	1664.000	-0.286	-0.080	0.000	-25.070	17.096
9246	1664.000	-0.287	-0.329	0.000	-25.417	-7.452
9262	1664.000	-0.343	-0.427	0.000	-25.083	-17.644
9278	1664.000	-0.296	-0.250	0.000	-25.489	0.465
9294	1664.000	-0.304	-0.286	0.000	-25.325	-3.302
9310	1664.000	-0.352	-0.440	0.000	-25.286	-18.757
9326	1664.000	-0.329	-0.052	0.000	-25.301	20.051
9342	1664.000	-0.304	-0.394	0.000	-25.352	-13.999
9358	1664.000	-0.389	-0.475	0.000	-25.506	-22.004
9374	1664.000	-0.316	-0.234	0.000	-25.302	1.917
10014	1664.000	-0.345	-0.325	0.000	-30.018	-2.497
10030	1664.000	-0.372	-0.475	0.000	-30.029	-17.483
10046	1664.000	-0.373	-0.346	0.000	-30.091	-4.510
10062	1664.000	-0.370	-0.166	0.000	-30.474	13.888
10078	1664.000	-0.307	-0.103	0.000	-29.959	19.624
10094	1664.000	-0.401	-0.200	0.000	-30.354	10.337
10110	1664.000	-0.433	-0.546	0.000	-30.313	-24.285
10126	1664.000	-0.391	-0.374	0.000	-30.301	-7.132
10142	1664.000	-0.289	-0.247	0.000	-30.105	5.417
10158	1664.000	-0.387	-0.484	0.000	-30.129	-18.235
10174	1664.000	-0.427	-0.264	0.000	-29.957	3.514
10190	1664.000	-0.406	-0.440	0.000	-30.409	-13.598
10206	1664.000	-0.341	-0.192	0.000	-30.047	10.815
10222	1664.000	-0.405	-0.325	0.000	-30.183	-2.297
10238	1664.000	-0.322	-0.284	0.000	-30.163	1.781
10254	1664.000	-0.321	-0.185	0.000	-30.885	12.340
10270	1664.000	-0.333	-0.393	0.000	-30.036	-9.249
10286	1664.000	-0.389	-0.353	0.000	-30.036	-5.271
10302	1664.000	-0.395	-0.368	0.000	-31.202	-5.624
10318	1664.000	-0.392	-0.286	0.000	-30.539	1.912
10334	1664.000	-0.367	-0.365	0.000	-30.929	-5.612
10350	1664.000	-0.407	-0.537	0.000	-30.740	-22.923
10366	1664.000	-0.347	-0.094	0.000	-30.194	20.752
10382	1664.000	-0.379	-0.180	0.000	-30.724	12.743
10398	1664.000	-0.437	-0.281	0.000	-30.508	2.383
10414	1664.000	-0.412	-0.430	0.000	-30.046	-12.907
10430	1664.000	-0.379	-0.468	0.000	-30.657	-16.152
10446	1664.000	-0.365	-0.087	0.000	-30.540	21.798
10462	1664.000	-0.443	-0.308	0.000	-30.467	-0.301
10478	1664.000	-0.362	-0.214	0.000	-30.471	9.069
10494	1664.000	-0.334	-0.265	0.000	-30.935	4.399
10510	1664.000	-0.396	-0.370	0.000	-30.722	-6.318
10526	1664.000	-0.310	-0.066	0.000	-30.017	23.457
10542	1664.000	-0.346	-0.096	0.000	-30.193	20.636
10558	1664.000	-0.428	-0.346	0.000	-30.024	-4.556
10574	1664.000	-0.352	-0.309	0.000	-29.963	-0.985
10590	1664.000	-0.350	-0.178	0.000	-29.954	12.178
10606	1664.000	-0.372	-0.172	0.000	-30.105	12.871
10622	1664.000	-0.389	-0.191	0.000	-29.960	10.851
11278	1664.000	-0.412	-0.199	0.000	-30.343	10.407
11294	1664.000	-0.363	-0.158	0.000	-30.068	14.243
11310	1664.000	-0.418	-0.322	0.000	-29.405	-2.798
11326	1664.000	-0.334	-0.149	0.000	-30.047	15.192
11342	1664.000	-0.359	-0.303	0.000	-29.786	-0.551
11358	1664.000	-0.385	-0.307	0.000	-29.273	-1.423
11374	1664.000	-0.402	-0.152	0.000	-29.744	14.494
11390	1664.000	-0.338	-0.125	0.000	-29.693	17.188
11406	1664.000	-0.327	-0.062	0.000	-29.343	23.170
11422	1664.000	-0.386	-0.045	0.000	-29.417	24.876
11438	1664.000	-0.402	-0.374	0.000	-29.733	-7.694
11454	1664.000	-0.436	-0.494	0.000	-30.030	-19.410
11470	1664.000	-0.328	-0.101	0.000	-29.522	19.393
11486	1664.000	-0.336	-0.344	0.000	-29.451	-4.909
11502	1664.000	-0.347	-0.186	0.000	-29.484	10.892
11518	1664.000	-0.421	-0.465	0.000	-29.570	-16.892
11534	1664.000	-0.308	-0.141	0.000	-29.419	15.327
11550	1664.000	-0.327	-0.150	0.000	-29.809	14.798
11566	1664.000	-0.326	-0.050	0.000	-29.713	24.691
11582	1664.000	-0.376	-0.540	0.000	-29.282	-24.680
11598	1664.000	-0.377	-0.344	0.000	-30.484	-3.870
11614	1664.000	-0.401	-0.386	0.000	-29.375	-9.255
11630	1664.000	-0.372	-0.154	0.000	-29.498	14.069
11646	1664.000	-0.400	-0.069	0.000	-29.872	23.005
11662	1664.000	-0.364	-0.473	0.000	-29.366	-17.886
11678	1664.000	-0.335	-0.066	0.000	-29.666	23.084
11694	1664.000	-0.332	-0.302	0.000	-29.471	-0.689
11710	1664.000	-0.415	-0.411	0.000	-29.358	-11.695
11726	1664.000	-0.308	-0.218	0.000	-29.439	7.629
11742	1664.000	-0.389	-0.485	0.000	-29.746	-18.706
11758	1664.000	-0.371	-0.202	0.000	-29.289	9.078
11774	1664.000	-0.385	-0.280	0.000	-29.294	1.258
11790	1664.000	-0.387	-0.309	0.000	-29.665	-1.256
11806	1664.000	-0.441	-0.515	0.000	-29.352	-22.196
11822	1664.000	-0.344	-0.110	0.000	-29.579	18.531
11838	1664.000	-0.400	-0.300	0.000	-29.670	-0.283
11854	1664.000	-0.337	-0.302	0.000	-29.921	-0.286
11870	1664.000	-0.366	-0.255	0.000	-29.986	4.497
11886	1664.000	-0.303	-0.269	0.000	-29.586	2.735
12526	1664.000	-0.310	-0.374	0.000	-24.291	-13.118
12542	1664.000	-0.251	-0.123	0.000	-23.575	11.244
12558	1664.000	-0.287	-0.310	0.000	-23.533	-7.514
12574	1664.000	-0.278	-0.175	0.000	-23.728	6.218
12590	1664.000	-0.315	-0.253	0.000	-23.844	-1.442
12606	1664.000	-0.253	-0.027	0.000	-23.564	20.836
12622	1664.000	-0.372	-0.424	0.000	-24.089	-18.264
12638	1664.000	-0.265	-0.052	0.000	-23.843	18.606
12654	1664.000	-0.249	-0.197	0.000	-23.566	3.839
12670	1664.000	-0.307	-0.329	0.000	-24.208	-8.690
12686	1664.000	-0.294	-0.328	0.000	-23.498	-9.283
12702	1664.000	-0.322	-0.287	0.000	-23.500	-5.221
12718	1664.000	-0.283	-0.067	0.000	-23.511	16.762
12734	1664.000	-0.260	-0.367	0.000	-23.511	-13.216
12750	1664.000	-0.260	-0.310	0.000	-23.498	-7.500
12766	1664.000	-0.293	-0.435	0.000	-23.500	-19.986
12782	1664.000	-0.312	-0.187	0.000	-23.804	5.111
12798	1664.000	-0.298	-0.101	0.000	-23.507	13.446
12814	1664.000	-0.297	-0.354	0.000	-23.952	-11.479
12830	1664.000	-0.347	-0.331	0.000	-23.777	-9.286
12846	1664.000	-0.331	-0.407	0.000	-23.501	-17.206
12862	1664.000	-0.275	-0.151	0.000	-23.734	8.589
12878	1664.000	-0.311	-0.397	0.000	-23.500	-16.152
12894	1664.000	-0.301	-0.176	0.000	-23.498	5.850
12910	1664.000	-0.247	-0.142	0.000	-23.504	9.281
12926	1664.000	-0.344	-0.465	0.000	-23.608	-22.887
12942	1664.000	-0.280	-0.208	0.000	-23.800	3.026
12958	1664.000	-0.338	-0.442	0.000	-23.498	-20.698
12974	1664.000	-0.284	-0.214	0.000	-23.836	2.433
12990	1664.000	-0.257	-0.465	0.000	-24.167	-22.347
13006	1664.000	-0.266	-0.079	0.000	-23.695	15.789
13022	1664.000	-0.290	-0.051	0.000	-23.535	18.466
13038	1664.000	-0.324	-0.408	0.000	-23.505	-17.275
13054	1664.000	-0.250	-0.188	0.000	-24.123	5.281
13070	1664.000	-0.277	-0.265	0.000	-24.209	-2.253
13086	1664.000	-0.247	-0.308	0.000	-23.648	-7.188
13102	1664.000	-0.336	-0.304	0.000	-24.610	-5.804
13118	1664.000	-0.323	-0.112	0.000	-23.785	12.617
13134	1664.000	-0.289	-0.038	0.000	-23.533	19.720
13774	1664.000	-0.926	-0.542	0.000	-75.807	21.619
13790	1664.000	-0.816	-0.517	0.000	-74.120	22.395
13806	1664.000	-0.912	-0.796	0.000	-74.134	-5.442
13822	1664.000	-0.801	-0.812	0.000	-76.504	-4.682
13838	1664.000	-0.919	-0.626	0.000	-74.120	11.492
13854	1664.000	-0.955	-0.635	0.000	-74.176	10.698
13870	1664.000	-0.907	-0.547	0.000	-74.816	20.136
13886	1664.000	-0.961	-0.891	0.000	-74.134	-14.927
13902	1664.000	-0.892	-0.883	0.000	-74.890	-13.425
13918	1664.000	-0.951	-0.897	0.000	-74.816	-14.883
13934	1664.000	-0.912	-0.520	0.000	-74.120	22.092
13950	1664.000	-0.906	-0.545	0.000	-74.828	20.351
13966	1664.000	-0.934	-0.859	0.000	-74.120	-11.772
13982	1664.000	-0.968	-0.665	0.000	-76.125	9.584
13998	1664.000	-0.912	-0.951	0.000	-74.120	-20.977
14014	1664.000	-0.855	-0.886	0.000	-75.041	-13.549
14030	1664.000	0.746	4.410	0.000	-74.663	15.665
14046	1664.000	-0.931	-0.567	0.000	-74.821	18.132
14062	1664.000	-0.942	-0.612	0.000	-74.134	12.932
14078	1664.000	-0.939	-0.941	0.000	-74.134	-20.010
14094	1664.000	-0.909	-0.593	0.000	-75.479	16.136
14110	1664.000	-0.971	-0.869	0.000	-76.333	-10.577
14126	1664.000	-0.912	-0.580	0.000	-74.157	16.110
14142	1664.000	-0.920	-0.665	0.000	-75.462	9.012
14158	1664.000	-0.960	-0.808	0.000	-75.405	-5.360
14174	1664.000	-0.939	-0.700	0.000	-74.127	4.159
14190	1664.000	-0.994	-0.896	0.000	-76.745	-12.813
14206	1664.000	-0.923	-0.550	0.000	-74.134	19.112
14222	1664.000	-0.837	-0.609	0.000	-75.606	14.737
14238	1664.000	-0.978	-0.550	0.000	-76.459	21.509
14254	1664.000	-0.951	-0.574	0.000	-74.120	16.670
14270	1664.000	-1.004	-0.896	0.000	-75.641	-14.005
14286	1664.000	-0.802	-0.648	0.000	-75.825	10.988
14302	1664.000	-0.932	-0.736	0.000	-74.120	0.551
14318	1664.000	-0.955	-0.754	0.000	-74.745	-0.630
14334	1664.000	-0.904	-0.818	0.000	-74.120	-7.668
14350	1664.000	-0.864	-0.707	0.000	-74.415	3.717
14366	1664.000	-0.960	-0.783	0.000	-74.157	-4.164
14382	1664.000	-0.908	-0.563	0.000	-74.134	17.793
14	1665.000	-0.880	-0.633	0.097	-128.431	16.412
30	1665.000	1.452	4.411	0.162	-135.776	-3.913
46	1665.000	-0.886	-1.072	0.000	-121.011	13.848
62	1665.000	-0.954	-1.240	0.000	-121.049	-2.991
78	1665.000	-0.911	-1.131	0.000	-132.218	19.156
94	1665.000	-0.857	-1.206	0.000	-121.011	0.425
110	1665.000	-0.759	-0.735	0.073	-130.351	20.113
126	1665.000	-0.902	-1.242	0.000	-121.580	-2.656
142	1665.000	-0.923	-1.095	0.054	-132.457	-4.100
158	1665.000	-0.905	-0.824	0.071	-134.401	16.326
174	1665.000	-0.991	-1.405	0.000	-131.523	-8.986
190	1665.000	-0.784	-1.017	0.000	-125.112	23.390
206	1665.000	-0.926	-1.338	0.000	-121.024	-12.808
222	1665.000	-0.882	-0.944	0.095	-123.212	-18.573
238	1665.000	-0.945	-1.240	0.000	-121.026	-2.964
254	1665.000	-0.845	-1.023	0.038	-121.011	-0.036
270	1665.000	-0.900	-1.250	0.044	-123.777	-23.206
286	1665.000	-0.982	-1.402	0.000	-131.965	-8.227
302	1665.000	-0.917	-1.245	0.000	-121.064	-3.388
318	1665.000	-0.910	-1.050	0.000	-125.108	20.153
334	1665.000	-0.957	-1.465	0.000	-139.435	-7.061
350	1665.000	-0.863	-0.868	0.021	-121.064	23.552
366	1665.000	-0.981	-1.318	0.000	-121.327	-10.499
382	1665.000	-0.843	-0.781	0.145	-126.217	-24.281
398	1665.000	-0.970	-1.291	0.000	-121.583	-7.551
414	1665.000	-1.003	-1.172	0.000	-128.421	11.238
430	1665.000	-0.966	-1.357	0.000	-139.686	3.989
446	1665.000	-0.923	-1.040	0.040	-122.584	-1.290
462	1665.000	-0.987	-1.505	0.000	-126.533	-23.922
478	1665.000	-0.894	-1.016	0.000	-122.581	20.971
494	1665.000	-0.963	-1.151	0.000	-121.300	6.196
510	1665.000	-0.949	-0.972	0.000	-121.024	23.807
526	1665.000	-0.850	-1.427	0.000	-121.054	-21.678
542	1665.000	-0.951	-1.496	0.000	-126.974	-22.668
558	1665.000	-0.964	-1.388	0.000	-122.038	-16.803
574	1665.000	-0.926	-1.479	0.000	-123.003	-24.940
590	1665.000	-0.623	-1.090	0.000	-130.462	21.483
606	1665.000	-0.979	-1.200	0.000	-125.377	5.373
622	1665.000	-0.964	-1.199	0.000	-121.038	1.144
1262	1665.000	-0.214	-0.029	0.011	-21.915	13.352
1278	1665.000	-0.273	-0.213	0.000	-21.746	0.468
1294	1665.000	-0.251	0.246	0.045	-22.091	24.247
1310	1665.000	-0.216	0.026	0.000	-21.915	24.499
1326	1665.000	-0.278	-0.315	0.000	-21.984	-9.562
1342	1665.000	-0.261	0.170	0.043	-21.677	17.310
1358	1665.000	-0.184	0.181	0.035	-21.682	22.118
1374	1665.000	-0.250	-0.135	0.000	-21.967	8.517
1390	1665.000	-0.271	-0.095	0.000	-22.044	12.509
1406	1665.000	-0.123	0.596	0.155	-21.711	3.755
1422	1665.000	-0.174	0.074	0.036	-21.994	11.512
1438	1665.000	-0.260	-0.003	0.000	-22.225	21.969
1454	1665.000	-0.282	-0.247	0.000	-21.795	-2.895
1470	1665.000	-0.271	-0.267	0.012	-21.675	-10.836
1486	1665.000	-0.331	-0.461	0.000	-21.678	-24.452
1502	1665.000	-0.291	-0.166	0.031	-21.823	-10.460
1518	1665.000	-0.242	-0.232	0.013	-21.823	-7.917
1534	1665.000	-0.169	0.076	0.097	-21.681	-19.015
1550	1665.000	-0.249	0.161	0.060	-22.317	8.555
1566	1665.000	-0.263	-0.036	0.000	-21.738	18.112
1582	1665.000	-0.240	0.124	0.106	-21.680	-19.119
1598	1665.000	-0.247	0.039	0.021	-21.776	14.969
1614	1665.000	-0.269	0.097	0.040	-22.343	11.886
1630	1665.000	-0.226	-0.069	0.000	-21.681	14.780
1646	1665.000	-0.203	0.138	0.071	-21.754	0.218
1662	1665.000	-0.073	0.764	0.153	-22.176	22.204
1678	1665.000	-0.239	-0.045	0.021	-21.709	6.757
1694	1665.000	-0.243	-0.028	0.000	-21.944	19.169
1710	1665.000	-0.150	0.344	0.080	-21.909	16.187
1726	1665.000	-0.184	0.140	0.063	-21.877	4.315
1742	1665.000	-0.212	0.057	0.055	-21.936	0.094
1758	1665.000	-0.249	-0.328	0.000	-21.675	-11.107
1774	1665.000	-0.249	-0.352	0.000	-21.939	-13.308
1790	1665.000	-0.245	0.077	0.070	-22.189	-4.943
1806	1665.000	-0.223	0.134	0.027	-21.676	21.514
1822	1665.000	-0.296	-0.160	0.000	-22.080	6.071
1838	1665.000	-0.246	-0.157	0.033	-21.998	-10.265
1854	1665.000	-0.226	-0.273	0.000	-21.708	-5.607
1870	1665.000	-0.283	-0.456	0.000	-21.901	-23.663
2510	1665.000	-0.358	-0.389	0.024	-29.489	-21.459
2526	1665.000	-0.381	-0.111	0.000	-29.915	18.775
2542	1665.000	-0.314	-0.123	0.049	-29.658	-6.934
2558	1665.000	-0.433	-0.531	0.000	-29.028	-24.055
2574	1665.000	-0.381	-0.267	0.000	-29.364	2.639
2590	1665.000	-0.294	0.026	0.057	-29.251	3.134
2606	1665.000	-0.308	0.094	0.040	-29.492	18.819
2622	1665.000	-0.402	-0.421	0.000	-29.341	-12.709
2638	1665.000	-0.217	0.368	0.129	-29.305	1.450
2654	1665.000	-0.340	-0.190	0.008	-29.417	6.534
2670	1665.000	-0.333	-0.235	0.060	-29.393	-24.135
2686	1665.000	-0.427	-0.391	0.000	-29.210	-9.892
2702	1665.000	-0.315	0.029	0.035	-29.192	14.582
2718	1665.000	-0.367	-0.290	0.045	-29.092	-22.371
2734	1665.000	-0.367	-0.136	0.027	-29.539	2.345
2750	1665.000	-0.393	-0.237	0.052	-29.257	-20.237
2766	1665.000	-0.396	-0.373	0.000	-29.094	-8.245
2782	1665.000	-0.289	-0.207	0.036	-29.276	-9.220
2798	1665.000	-0.316	-0.176	0.000	-29.496	11.871
2814	1665.000	-0.293	0.140	0.130	-29.060	-21.906
2830	1665.000	-0.295	0.172	0.043	-29.028	24.909
2846	1665.000	-0.383	-0.437	0.000	-29.478	-14.173
2862	1665.000	-0.346	-0.110	0.083	-29.439	-23.198
2878	1665.000	-0.418	-0.429	0.000	-29.029	-13.918
2894	1665.000	-0.319	-0.056	0.026	-29.241	10.830
2910	1665.000	-0.372	-0.132	0.040	-29.610	-3.501
2926	1665.000	-0.327	0.044	0.056	-29.028	5.300
2942	1665.000	-0.334	-0.091	0.001	-29.279	19.522
2958	1665.000	-0.397	-0.464	0.000	-29.438	-17.001
2974	1665.000	-0.318	-0.492	0.000	-29.031	-20.169
2990	1665.000	-0.273	0.256	0.113	-29.303	-1.441
3006	1665.000	-0.324	-0.188	0.035	-29.056	-7.136
3022	1665.000	-0.360	-0.218	0.000	-29.124	7.343
3038	1665.000	-0.326	-0.185	0.000	-29.446	10.904
3054	1665.000	-0.411	-0.505	0.000	-29.370	-21.118
3070	1665.000	-0.387	-0.437	0.017	-29.376	-23.099
3086	1665.000	-0.424	-0.201	0.000	-29.804	9.729
3102	1665.000	-0.288	0.180	0.068	-29.232	13.147
3118	1665.000	-0.356	-0.427	0.000	-29.623	-13.079
3758	1665.000	-0.370	-0.420	0.000	-29.035	-12.924
3774	1665.000	-0.217	0.710	0.157	-28.730	21.421
3790	1665.000	-0.281	0.121	0.080	-28.646	0.897
3806	1665.000	-0.311	-0.040	0.055	-28.647	-2.998
3822	1665.000	-0.097	0.978	0.301	-28.804	-24.101
3838	1665.000	-0.256	0.162	0.092	-28.904	-1.077
3854	1665.000	-0.347	-0.137	0.016	-29.012	7.489
3870	1665.000	-0.322	0.377	0.113	-29.219	10.398
3886	1665.000	-0.393	-0.275	0.000	-28.940	1.446
3902	1665.000	-0.315	-0.210	0.000	-28.720	7.721
3918	1665.000	-0.280	-0.113	0.000	-29.012	17.731
3934	1665.000	-0.383	-0.187	0.000	-28.883	10.178
3950	1665.000	-0.237	0.151	0.103	-29.042	-7.308
3966	1665.000	-0.396	-0.462	0.008	-29.288	-21.042
3982	1665.000	-0.371	-0.461	0.000	-28.850	-17.214
3998	1665.000	-0.322	-0.350	0.000	-28.787	-6.200
4014	1665.000	-0.300	0.170	0.078	-29.265	7.481
4030	1665.000	-0.374	-0.446	0.000	-28.805	-15.843
4046	1665.000	-0.379	-0.174	0.000	-29.431	11.989
4062	1665.000	-0.327	-0.298	0.047	-29.027	-24.173
4078	1665.000	-0.354	-0.307	0.040	-28.798	-21.849
4094	1665.000	-0.347	-0.236	0.000	-29.253	5.700
4110	1665.000	-0.351	-0.117	0.000	-28.969	17.309
4126	1665.000	-0.411	-0.193	0.000	-28.803	9.455
4142	1665.000	-0.161	0.657	0.237	-29.331	-23.322
4158	1665.000	-0.337	-0.191	0.000	-28.725	9.630
4174	1665.000	-0.296	0.267	0.116	-29.331	-2.072
4190	1665.000	-0.345	-0.145	0.010	-29.191	9.880
4206	1665.000	-0.371	-0.429	0.000	-29.015	-13.853
4222	1665.000	-0.361	-0.250	0.032	-29.335	-11.773
4238	1665.000	-0.297	0.052	0.064	-28.779	2.165
4254	1665.000	-0.371	-0.371	0.005	-29.080	-10.626
4270	1665.000	-0.278	0.156	0.057	-28.799	15.915
4286	1665.000	-0.384	-0.315	0.000	-28.919	-2.581
4302	1665.000	-0.361	-0.192	0.000	-28.730	9.506
4318	1665.000	-0.310	0.086	0.080	-28.718	-2.411
4334	1665.000	-0.307	0.030	0.066	-29.099	-0.977
4350	1665.000	-0.418	-0.393	0.000	-28.730	-10.577
4366	1665.000	-0.385	-0.175	0.000	-28.715	11.209
5006	1665.000	-0.164	0.021	0.061	-20.738	-7.628
5022	1665.000	-0.191	0.152	0.036	-20.913	17.971
5038	1665.000	-0.217	0.030	0.020	-20.678	13.432
5054	1665.000	-0.187	0.413	0.079	-20.680	22.303
5070	1665.000	-0.270	-0.218	0.045	-20.875	-23.669
5086	1665.000	-0.211	0.241	0.062	-20.813	14.046
5102	1665.000	-0.009	1.052	0.239	-20.818	6.678
5118	1665.000	-0.252	-0.387	0.000	-20.933	-17.807
5134	1665.000	-0.066	0.649	0.207	-20.751	-17.979
5150	1665.000	-0.144	0.150	0.081	-20.827	-4.785
5166	1665.000	-0.221	0.083	0.071	-20.986	-6.245
5182	1665.000	-0.278	-0.215	0.030	-21.038	-15.339
5198	1665.000	-0.275	-0.037	0.000	-21.103	17.451
5214	1665.000	-0.147	0.209	0.115	-21.193	-15.477
5230	1665.000	-0.189	0.266	0.092	-20.954	1.652
5246	1665.000	-0.210	0.506	0.105	-21.143	19.085
5262	1665.000	-0.316	-0.219	0.000	-21.271	-0.674
5278	1665.000	-0.145	0.519	0.099	-20.813	23.079
5294	1665.000	-0.220	0.208	0.068	-20.991	7.857
5310	1665.000	-0.265	-0.187	0.009	-20.755	-2.436
5326	1665.000	-0.234	-0.190	0.003	-21.359	1.134
5342	1665.000	-0.314	-0.451	0.000	-20.936	-24.118
5358	1665.000	-0.174	0.356	0.091	-20.675	10.987
5374	1665.000	-0.186	0.614	0.164	-21.212	0.882
5390	1665.000	-0.320	-0.443	0.000	-20.830	-23.458
5406	1665.000	-0.299	-0.336	0.000	-20.964	-12.611
5422	1665.000	-0.210	-0.073	0.071	-20.672	-22.198
5438	1665.000	-0.196	0.022	0.074	-20.831	-13.774
5454	1665.000	-0.206	0.117	0.017	-21.095	24.340
5470	1665.000	-0.224	-0.147	0.049	-20.677	-18.297
5486	1665.000	-0.054	0.679	0.205	-20.672	-14.137
5502	1665.000	-0.239	0.035	0.000	-20.856	24.354
5518	1665.000	-0.234	-0.141	0.010	-20.707	1.788
5534	1665.000	-0.176	-0.052	0.042	-20.706	-5.574
5550	1665.000	-0.184	0.362	0.106	-20.968	4.146
5566	1665.000	-0.175	-0.069	0.029	-20.913	-0.394
5582	1665.000	-0.232	0.084	0.052	-20.903	3.131
5598	1665.000	-0.274	-0.110	0.030	-20.830	-5.288
5614	1665.000	-0.177	0.084	0.040	-20.740	9.327
5630	1665.000	-0.001	1.166	0.230	-20.739	22.417
6270	1665.000	-0.958	-1.199	0.000	-122.465	2.521
6286	1665.000	-1.024	-1.526	0.000	-129.287	-23.283
6302	1665.000	-0.967	-1.367	0.000	-124.067	-12.670
6318	1665.000	-0.624	-1.363	0.000	-122.708	-13.632
6334	1665.000	-0.972	-1.270	0.000	-131.404	4.403
6350	1665.000	-0.978	-1.290	0.000	-145.701	16.678
6366	1665.000	-0.972	-1.207	0.000	-127.342	6.687
6382	1665.000	-1.002	-0.952	0.078	-124.298	-10.033
6398	1665.000	-0.981	-1.200	0.000	-137.725	17.701
6414	1665.000	-0.945	-0.965	0.028	-127.907	17.149
6430	1665.000	-0.985	-1.259	0.000	-123.329	-2.574
6446	1665.000	-0.964	-1.080	0.000	-127.753	19.780
6462	1665.000	-0.935	-1.086	0.000	-123.600	15.045
6478	1665.000	-0.651	-1.411	0.000	-133.139	-7.989
6494	1665.000	-1.009	-1.369	0.000	-123.391	-13.535
6510	1665.000	-0.997	-1.011	0.000	-123.032	21.885
6526	1665.000	-0.918	-0.844	0.037	-127.392	24.629
6542	1665.000	-0.963	-1.296	0.000	-126.232	-3.411
6558	1665.000	-1.081	-1.467	0.000	-124.390	-22.267
6574	1665.000	-1.052	-1.401	0.029	-131.029	-23.422
6590	1665.000	-1.010	-1.186	0.000	-123.657	5.039
6606	1665.000	-0.981	-1.060	0.000	-123.377	17.364
6622	1665.000	-0.949	-1.262	0.009	-125.494	-5.194
6638	1665.000	-0.981	-1.003	0.000	-122.726	22.449
6654	1665.000	-0.790	-1.241	0.000	-123.949	-0.196
6670	1665.000	-0.904	-0.916	0.052	-122.185	4.377
6686	1665.000	-0.986	-1.139	0.000	-122.909	8.969
6702	1665.000	-0.947	-1.029	0.052	-124.103	-4.790
6718	1665.000	-1.003	-1.499	0.000	-126.198	-23.688
6734	1665.000	-0.917	-1.235	0.000	-131.418	7.959
6750	1665.000	-1.000	-1.414	0.000	-122.973	-18.387
6766	1665.000	-0.897	-0.989	0.029	-129.757	16.217
6782	1665.000	-0.983	-0.909	0.033	-131.329	24.140
6798	1665.000	-0.971	-1.400	0.000	-122.711	-17.275
6814	1665.000	-0.992	-1.182	0.000	-133.819	15.649
6830	1665.000	-0.928	-1.097	0.017	-135.574	17.429
6846	1665.000	-0.975	-1.293	0.000	-124.101	-5.246
6862	1665.000	-0.950	-1.268	0.000	-133.119	6.368
6878	1665.000	-0.950	-1.255	0.000	-145.701	20.224
7518	1665.000	-0.916	-1.019	0.050	-119.935	-6.997
7534	1665.000	-1.003	-1.345	0.000	-131.135	-3.381
7550	1665.000	-0.942	-1.118	0.000	-124.313	12.473
7566	1665.000	-0.849	-0.765	0.062	-130.574	23.101
7582	1665.000	-0.923	-0.939	0.097	-129.349	-12.856
7598	1665.000	-0.993	-1.430	0.000	-124.313	-18.670
7614	1665.000	-0.948	-0.938	0.021	-125.439	21.324
7630	1665.000	-0.958	-1.219	0.044	-119.654	-24.416
7646	1665.000	-0.971	-1.259	0.025	-121.174	-17.402
7662	1665.000	-0.942	-1.136	0.011	-121.068	1.781
7678	1665.000	-0.843	-0.881	0.081	-119.681	-8.824
7694	1665.000	-0.943	-1.275	0.000	-120.213	-7.283
7710	1665.000	-0.916	-0.990	0.055	-119.620	-6.785
7726	1665.000	-0.943	-1.201	0.028	-120.382	-13.870
7742	1665.000	-0.986	-1.281	0.000	-138.078	9.942
7758	1665.000	-0.537	-1.152	0.051	-130.820	-10.053
7774	1665.000	-0.934	-1.023	0.000	-120.353	18.029
7790	1665.000	-0.519	-1.451	0.000	-133.977	-11.145
7806	1665.000	1.263	3.512	0.000	-148.139	-0.670
7822	1665.000	-0.992	-1.510	0.000	-126.336	-24.683
7838	1665.000	-0.829	-0.811	0.053	-128.168	20.593
7854	1665.000	-0.983	-1.377	0.000	-130.827	-6.920
7870	1665.000	-1.012	-1.202	0.000	-122.952	2.745
7886	1665.000	-1.024	-1.458	0.000	-130.101	-15.736
7902	1665.000	-0.942	-1.558	0.000	-134.909	-20.878
7918	1665.000	-0.997	-1.367	0.000	-120.314	-16.435
7934	1665.000	-0.925	-1.225	0.000	-120.392	-2.145
7950	1665.000	-0.995	-1.305	0.000	-125.686	-4.810
7966	1665.000	-0.991	-1.292	0.000	-119.647	-9.514
7982	1665.000	-0.843	-0.867	0.049	-119.637	8.356
7998	1665.000	-0.980	-1.357	0.000	-128.454	-7.295
8014	1665.000	-0.926	-1.194	0.000	-119.620	0.209
8030	1665.000	-0.989	-1.164	0.000	-130.601	14.215
8046	1665.000	-0.926	-1.124	0.000	-128.435	16.000
8062	1665.000	-0.923	-1.247	0.000	-119.633	-5.091
8078	1665.000	-0.944	-1.412	0.000	-127.789	-13.402
8094	1665.000	-0.938	-1.064	0.000	-119.854	13.435
8110	1665.000	-0.935	-0.978	0.000	-121.551	23.751
8126	1665.000	-0.983	-1.127	0.000	-130.590	17.933
8766	1665.000	-0.261	-0.167	0.000	-24.213	7.464
8782	1665.000	-0.250	0.176	0.075	-24.219	4.199
8798	1665.000	-0.329	-0.306	0.000	-24.372	-6.192
8814	1665.000	-0.225	-0.322	0.000	-24.142	-8.026
8830	1665.000	-0.325	-0.290	0.000	-24.043	-4.988
8846	1665.000	-0.213	0.288	0.059	-24.129	23.376
8862	1665.000	-0.368	-0.348	0.000	-24.007	-10.791
8878	1665.000	-0.247	0.151	0.042	-23.980	18.161
8894	1665.000	-0.331	-0.328	0.012	-23.996	-15.050
8910	1665.000	-0.195	-0.000	0.076	-24.389	-13.770
8926	1665.000	-0.310	-0.390	0.000	-24.040	-15.008
8942	1665.000	-0.244	-0.080	0.000	-24.130	16.121
8958	1665.000	-0.191	0.699	0.216	-24.291	-14.006
8974	1665.000	-0.385	-0.210	0.018	-24.737	-5.491
8990	1665.000	-0.232	-0.058	0.042	-24.469	-2.229
9006	1665.000	-0.236	0.164	0.053	-24.451	14.128
9022	1665.000	-0.242	0.046	0.073	-24.941	-7.144
9038	1665.000	-0.305	-0.403	0.000	-24.139	-16.132
9054	1665.000	-0.209	0.510	0.119	-24.127	15.802
9070	1665.000	-0.294	-0.090	0.023	-24.139	3.790
9086	1665.000	-0.304	-0.341	0.000	-23.987	-10.151
9102	1665.000	-0.266	-0.193	0.059	-23.984	-24.623
9118	1665.000	-0.220	0.343	0.109	-24.243	4.254
9134	1665.000	-0.283	-0.166	0.044	-23.984	-14.611
9150	1665.000	-0.297	-0.311	0.000	-24.466	-6.603
9166	1665.000	-0.245	-0.196	0.056	-23.986	-23.580
9182	1665.000	-0.248	0.072	0.077	-24.045	-7.468
9198	1665.000	-0.228	0.078	0.064	-24.463	0.021
9214	1665.000	-0.280	-0.293	0.002	-23.980	-6.447
9230	1665.000	-0.250	-0.071	0.000	-24.043	16.966
9246	1665.000	-0.278	-0.285	0.000	-24.357	-4.122
9262	1665.000	-0.288	-0.044	0.000	-24.055	19.653
9278	1665.000	-0.210	0.195	0.089	-24.422	-0.416
9294	1665.000	-0.261	-0.012	0.002	-24.273	21.970
9310	1665.000	-0.321	-0.225	0.005	-24.238	-0.735
9326	1665.000	-0.305	-0.275	0.020	-24.252	-13.425
9342	1665.000	-0.237	0.206	0.066	-24.298	11.971
9358	1665.000	-0.349	-0.157	0.000	-24.437	8.726
9374	1665.000	-0.287	-0.226	0.000	-24.253	1.674
10014	1665.000	-0.300	-0.149	0.000	-28.789	13.850
10030	1665.000	-0.279	0.146	0.062	-28.800	12.567
10046	1665.000	-0.242	0.264	0.124	-28.855	-6.717
10062	1665.000	-0.349	-0.369	0.016	-29.202	-15.763
10078	1665.000	-0.288	-0.236	0.000	-28.736	5.123
10094	1665.000	-0.346	-0.132	0.000	-29.093	15.851
10110	1665.000	-0.413	-0.136	0.000	-29.057	15.450
10126	1665.000	-0.306	0.191	0.098	-29.045	-1.049
10142	1665.000	-0.223	0.050	0.116	-28.868	-24.200
10158	1665.000	-0.364	-0.074	0.000	-28.889	21.506
10174	1665.000	-0.387	-0.313	0.000	-28.734	-2.599
10190	1665.000	-0.375	-0.080	0.013	-29.143	14.821
10206	1665.000	-0.285	-0.171	0.069	-28.816	-22.638
10222	1665.000	-0.376	-0.071	0.000	-28.939	21.847
10238	1665.000	-0.236	0.182	0.064	-28.921	15.356
10254	1665.000	-0.285	-0.298	0.028	-29.574	-14.040
10270	1665.000	-0.300	-0.216	0.000	-28.805	7.202
10286	1665.000	-0.347	-0.307	0.014	-28.805	-8.844
10302	1665.000	-0.346	-0.098	0.025	-29.861	7.434
10318	1665.000	-0.363	-0.303	0.024	-29.261	-12.917
10334	1665.000	-0.346	-0.389	0.000	-29.613	-9.238
10350	1665.000	-0.305	0.079	0.119	-29.442	-22.255
10366	1665.000	-0.320	-0.081	0.000	-28.949	20.806
10382	1665.000	-0.362	-0.302	0.000	-29.428	-0.729
10398	1665.000	-0.398	-0.309	0.012	-29.233	-7.664
10414	1665.000	-0.235	0.693	0.178	-28.815	9.247
10430	1665.000	-0.357	-0.121	0.000	-29.367	17.275
10446	1665.000	-0.369	-0.445	0.000	-29.262	-15.239
10462	1665.000	-0.340	0.129	0.092	-29.195	-4.067
10478	1665.000	-0.369	-0.288	0.000	-29.199	0.385
10494	1665.000	-0.301	-0.099	0.000	-29.619	19.706
10510	1665.000	-0.305	0.194	0.087	-29.426	5.442
10526	1665.000	-0.268	-0.154	0.055	-28.788	-14.161
10542	1665.000	-0.354	-0.361	0.000	-28.947	-7.198
10558	1665.000	-0.343	0.256	0.062	-28.795	23.285
10574	1665.000	-0.333	-0.097	0.004	-28.739	17.177
10590	1665.000	-0.331	-0.072	0.000	-28.732	21.549
10606	1665.000	-0.345	-0.243	0.044	-28.868	-17.261
10622	1665.000	-0.326	-0.106	0.077	-28.737	-20.320
11278	1665.000	-0.308	0.104	0.104	-29.046	-12.498
11294	1665.000	-0.026	1.609	0.357	-28.798	11.301
11310	1665.000	-0.337	-0.134	0.057	-28.198	-13.884
11326	1665.000	-0.270	-0.035	0.094	-28.779	-21.578
11342	1665.000	-0.339	-0.403	0.021	-28.543	-22.443
11358	1665.000	-0.366	-0.151	0.000	-28.078	12.991
11374	1665.000	-0.386	-0.375	0.000	-28.504	-8.978
11390	1665.000	-0.261	-0.045	0.056	-28.458	-4.260
11406	1665.000	-0.252	0.002	0.060	-28.141	-1.653
11422	1665.000	-0.342	-0.300	0.046	-28.209	-24.645
11438	1665.000	-0.369	-0.361	0.000	-28.495	-7.566
11454	1665.000	-0.168	1.120	0.287	-28.764	-2.578
11470	1665.000	-0.206	0.318	0.094	-28.304	12.911
11486	1665.000	-0.286	-0.023	0.070	-28.240	-9.155
11502	1665.000	-0.347	-0.472	0.000	-28.269	-18.976
11518	1665.000	-0.374	-0.236	0.008	-28.347	0.666
11534	1665.000	-0.226	0.155	0.085	-28.211	1.423
11550	1665.000	-0.300	-0.186	0.000	-28.563	10.003
11566	1665.000	-0.237	0.154	0.079	-28.477	4.568
11582	1665.000	-0.329	-0.088	0.004	-28.086	17.463
11598	1665.000	-0.384	-0.460	0.000	-29.174	-16.788
11614	1665.000	-0.399	-0.369	0.013	-28.171	-15.343
11630	1665.000	-0.337	-0.026	0.024	-28.282	13.919
11646	1665.000	-0.392	-0.305	0.009	-28.620	-6.483
11662	1665.000	-0.329	-0.324	0.031	-28.163	-19.841
11678	1665.000	-0.331	-0.492	0.000	-28.434	-20.791
11694	1665.000	-0.291	-0.251	0.055	-28.257	-24.424
11710	1665.000	-0.346	-0.078	0.077	-28.155	-18.319
11726	1665.000	-0.283	-0.351	0.030	-28.228	-21.778
11742	1665.000	-0.372	-0.308	0.000	-28.507	-2.334
11758	1665.000	-0.379	-0.312	0.000	-28.092	-3.126
11774	1665.000	-0.310	0.127	0.073	-28.097	4.434
11790	1665.000	-0.344	-0.151	0.000	-28.433	13.335
11806	1665.000	-0.124	1.391	0.298	-28.150	18.137
11822	1665.000	-0.305	-0.054	0.011	-28.356	17.500
11838	1665.000	-0.313	0.053	0.079	-28.437	-5.561
11854	1665.000	-0.342	-0.216	0.000	-28.665	7.065
11870	1665.000	-0.309	0.006	0.040	-28.724	9.193
11886	1665.000	-0.299	-0.360	0.000	-28.361	-7.643
12526	1665.000	-0.302	-0.418	0.000	-23.257	-18.559
12542	1665.000	-0.217	-0.103	0.000	-22.609	12.339
12558	1665.000	-0.282	-0.392	0.000	-22.571	-16.591
12574	1665.000	-0.228	0.109	0.068	-22.747	-0.337
12590	1665.000	-0.268	-0.028	0.012	-22.853	14.147
12606	1665.000	-0.192	-0.024	0.049	-22.599	-4.437
12622	1665.000	-0.321	-0.271	0.023	-23.074	-15.697
12638	1665.000	-0.276	-0.351	0.000	-22.851	-12.233
12654	1665.000	-0.253	-0.265	0.000	-22.601	-3.854
12670	1665.000	-0.282	-0.322	0.000	-23.182	-8.974
12686	1665.000	-0.273	-0.225	0.028	-22.539	-13.803
12702	1665.000	-0.234	0.042	0.087	-22.541	-16.776
12718	1665.000	-0.248	-0.111	0.072	-22.551	-24.375
12734	1665.000	-0.257	-0.372	0.000	-22.551	-14.677
12750	1665.000	-0.294	-0.451	0.000	-22.539	-22.588
12766	1665.000	-0.204	0.191	0.083	-22.541	-0.014
12782	1665.000	-0.314	-0.219	0.000	-22.816	0.897
12798	1665.000	-0.242	0.056	0.034	-22.547	11.112
12814	1665.000	-0.096	0.873	0.217	-22.950	1.835
12830	1665.000	-0.321	-0.195	0.000	-22.792	3.254
12846	1665.000	-0.329	-0.454	0.000	-22.542	-22.860
12862	1665.000	-0.238	-0.120	0.000	-22.752	10.744
12878	1665.000	-0.274	-0.196	0.000	-22.541	2.931
12894	1665.000	-0.307	-0.291	0.000	-22.539	-6.553
12910	1665.000	-0.138	0.370	0.089	-22.545	15.204
12926	1665.000	-0.119	0.858	0.201	-22.639	8.190
12942	1665.000	-0.077	0.865	0.184	-22.812	17.182
12958	1665.000	-0.360	-0.443	0.000	-22.539	-21.711
12974	1665.000	-0.257	-0.138	0.058	-22.845	-20.091
12990	1665.000	-0.170	0.150	0.096	-23.145	-10.052
13006	1665.000	-0.248	-0.065	0.000	-22.717	16.251
13022	1665.000	-0.306	-0.361	0.000	-22.572	-13.482
13038	1665.000	-0.311	-0.234	0.000	-22.545	-0.845
13054	1665.000	-0.252	-0.428	0.000	-23.105	-19.678
13070	1665.000	-0.274	-0.227	0.022	-23.183	-10.532
13086	1665.000	-0.189	0.028	0.042	-22.674	4.606
13102	1665.000	-0.294	-0.059	0.000	-23.545	17.681
13118	1665.000	-0.308	-0.140	0.000	-22.799	8.829
13134	1665.000	-0.284	-0.221	0.013	-22.571	-5.820
13774	1665.000	-0.955	-1.304	0.000	-123.022	-7.412
13790	1665.000	-0.875	-1.194	0.000	-121.496	2.129
13806	1665.000	-0.943	-1.228	0.000	-130.777	7.939
13822	1665.000	-0.876	-1.256	0.000	-123.653	-1.958
13838	1665.000	-0.854	-0.754	0.097	-121.496	-2.452
13854	1665.000	-1.015	-1.467	0.000	-132.501	-14.235
13870	1665.000	-0.910	-0.982	0.000	-122.126	23.920
13886	1665.000	-0.970	-1.184	0.000	-121.509	3.120
13902	1665.000	-0.908	-1.032	0.000	-126.256	23.059
13918	1665.000	-0.970	-1.237	0.000	-122.126	-1.591
13934	1665.000	-0.944	-1.363	0.000	-121.496	-14.809
13950	1665.000	-0.901	-1.109	0.054	-130.685	-7.378
13966	1665.000	-0.972	-1.229	0.000	-121.496	-1.389
13982	1665.000	-0.998	-1.073	0.000	-125.241	17.989
13998	1665.000	-0.920	-1.212	0.030	-125.559	-10.567
14014	1665.000	-0.921	-1.472	0.000	-122.330	-24.885
14030	1665.000	1.300	3.756	0.000	-144.572	20.207
14046	1665.000	-0.988	-1.388	0.000	-138.290	-0.471
14062	1665.000	-0.990	-1.365	0.000	-121.509	-14.959
14078	1665.000	-0.995	-1.399	0.000	-127.502	-12.359
14094	1665.000	-0.943	-1.077	0.000	-127.931	20.230
14110	1665.000	-1.004	-1.205	0.000	-123.499	3.034
14126	1665.000	-1.002	-1.511	0.000	-137.690	-13.381
14142	1665.000	-0.983	-1.482	0.000	-126.773	-21.449
14158	1665.000	-0.988	-1.252	0.000	-122.659	-2.493
14174	1665.000	-1.007	-1.436	0.016	-126.708	-24.726
14190	1665.000	-1.021	-1.385	0.000	-138.888	0.376
14206	1665.000	-0.950	-1.138	0.000	-121.509	7.738
14222	1665.000	-0.868	-1.038	0.000	-122.841	19.047
14238	1665.000	-1.022	-1.540	0.000	-144.772	-9.198
14254	1665.000	-0.981	-1.131	0.000	-121.496	8.398
14270	1665.000	-1.000	-0.965	0.016	-128.078	23.751
14286	1665.000	-0.887	-1.471	0.000	-133.993	-13.124
14302	1665.000	-0.988	-1.449	0.000	-125.559	-19.372
14318	1665.000	-0.969	-1.062	0.000	-127.268	21.019
14334	1665.000	-0.985	-1.421	0.000	-132.450	-9.631
14350	1665.000	-0.849	-0.752	0.077	-125.825	12.028
14366	1665.000	-0.998	-1.145	0.000	-121.530	7.042
14382	1665.000	-0.932	-1.086	0.021	-129.634	10.503
