# NEST version: 3.6.0-post0.dev0
# RecordingBackendASCII version: 2
sender	time_ms	V_m	I_tot	I_exc	I_inh	I_noise
12	1662.000	-0.523	4.003	1.000	-78.875	-20.777
28	1662.000	-0.995	-0.972	0.000	-78.920	-18.245
44	1662.000	-0.980	-0.904	0.000	-80.088	-10.278
60	1662.000	-1.046	-0.919	0.000	-79.812	-12.106
76	1662.000	-0.759	-1.025	0.000	-78.555	-23.902
92	1662.000	-1.009	-0.764	0.000	-78.915	2.559
108	1662.000	-1.045	-0.965	0.000	-81.267	-15.220
124	1662.000	-0.950	-0.606	0.000	-79.538	18.936
140	1662.000	-0.951	-0.798	0.000	-78.622	-1.167
156	1662.000	-0.976	-0.550	0.000	-78.961	23.962
172	1662.000	-0.992	-0.930	0.000	-79.538	-13.451
188	1662.000	-0.946	-0.939	0.000	-78.607	-15.315
204	1662.000	-0.932	-0.674	0.000	-78.555	11.124
220	1662.000	-1.006	-0.612	0.000	-82.257	21.066
236	1662.000	-0.948	-0.954	0.000	-78.555	-16.894
252	1662.000	-0.939	-0.789	0.000	-78.570	-0.293
268	1662.000	-1.012	-0.905	0.000	-80.326	-10.222
284	1662.000	-1.022	-0.995	0.000	-78.555	-20.897
300	1662.000	-0.928	-0.541	0.000	-78.601	24.460
316	1662.000	-1.010	-0.889	0.000	-78.601	-10.301
332	1662.000	-0.942	-0.576	0.000	-78.555	20.945
348	1662.000	-1.003	-0.793	0.000	-78.555	-0.728
364	1662.000	-1.010	-0.819	0.000	-79.658	-2.282
380	1662.000	-1.072	-0.739	0.000	-81.227	7.339
396	1662.000	-1.004	-0.616	0.000	-80.638	19.004
412	1662.000	-0.959	-0.650	0.000	-80.449	15.435
428	1662.000	-1.096	-0.943	0.000	-82.978	-11.280
444	1662.000	-1.022	-1.018	0.000	-80.325	-21.515
460	1662.000	-0.833	-0.641	0.000	-78.555	14.412
476	1662.000	-0.966	-0.677	0.000	-79.341	11.608
492	1662.000	-0.850	-0.948	0.000	-79.605	-15.202
508	1662.000	-0.975	-1.021	0.000	-78.572	-23.537
524	1662.000	-0.920	-0.593	0.000	-78.582	19.266
540	1662.000	-0.773	-0.638	0.000	-78.581	14.769
556	1662.000	-1.021	-0.637	0.000	-78.555	14.824
572	1662.000	-0.981	-0.705	0.000	-78.591	8.128
588	1662.000	-0.976	-0.794	0.000	-79.219	-0.138
604	1662.000	-0.979	-0.875	0.000	-78.555	-8.960
620	1662.000	-0.975	-0.903	0.000	-79.284	-11.032
1260	1662.000	-0.318	-0.296	0.000	-25.244	-4.361
1276	1662.000	-0.252	-0.326	0.000	-25.088	-7.517
1292	1662.000	-0.257	-0.107	0.000	-24.916	14.241
1308	1662.000	-0.304	-0.489	0.000	-24.646	-24.235
1324	1662.000	-0.275	-0.077	0.000	-24.860	17.129
1340	1662.000	-0.358	-0.457	0.000	-24.756	-20.908
1356	1662.000	-0.343	-0.238	0.000	-24.573	0.768
1372	1662.000	-0.278	-0.303	0.000	-25.064	-5.220
1388	1662.000	-0.341	-0.403	0.000	-25.751	-14.566
1404	1662.000	-0.356	-0.220	0.000	-24.726	2.731
1420	1662.000	-0.301	-0.256	0.000	-24.561	-1.003
1436	1662.000	-0.326	-0.281	0.000	-24.755	-3.344
1452	1662.000	-0.315	-0.430	0.000	-24.770	-18.221
1468	1662.000	-0.362	-0.490	0.000	-24.723	-24.266
1484	1662.000	-0.317	-0.123	0.000	-24.762	12.507
1500	1662.000	-0.315	-0.390	0.000	-24.968	-13.987
1516	1662.000	-0.342	-0.093	0.000	-24.727	15.477
1532	1662.000	-0.282	-0.175	0.000	-24.565	7.070
1548	1662.000	-0.283	-0.283	0.000	-24.894	-3.427
1564	1662.000	-0.292	-0.019	0.000	-24.842	22.903
1580	1662.000	-0.299	-0.191	0.000	-24.567	5.464
1596	1662.000	-0.318	-0.166	0.000	-24.737	8.141
1612	1662.000	-0.301	-0.119	0.000	-26.256	14.365
1628	1662.000	-0.279	-0.280	0.000	-24.918	-3.104
1644	1662.000	-0.225	-0.162	0.000	-24.749	8.516
1660	1662.000	-0.278	-0.092	0.000	-25.068	15.840
1676	1662.000	-0.316	-0.128	0.000	-24.844	12.030
1692	1662.000	-0.301	-0.165	0.000	-24.947	8.414
1708	1662.000	-0.327	-0.254	0.000	-24.876	-0.489
1724	1662.000	-0.323	-0.231	0.000	-24.760	1.635
1740	1662.000	-0.396	-0.338	0.000	-25.229	-8.572
1756	1662.000	-0.328	-0.303	0.000	-24.564	-5.710
1772	1662.000	-0.338	-0.023	0.000	-24.764	22.435
1788	1662.000	-0.299	-0.416	0.000	-24.959	-16.672
1804	1662.000	-0.310	-0.380	0.000	-24.564	-13.390
1820	1662.000	-0.291	-0.117	0.000	-24.642	12.963
1836	1662.000	-0.308	-0.090	0.000	-24.817	15.797
1852	1662.000	-0.323	-0.466	0.000	-24.803	-21.752
1868	1662.000	-0.324	-0.267	0.000	-25.537	-1.194
2508	1662.000	-0.412	-0.440	0.000	-33.271	-10.688
2524	1662.000	-0.421	-0.400	0.000	-33.470	-6.521
2540	1662.000	-0.420	-0.201	0.000	-33.323	13.218
2556	1662.000	-0.431	-0.288	0.000	-33.051	4.270
2572	1662.000	-0.398	-0.444	0.000	-33.520	-10.849
2588	1662.000	-0.373	-0.438	0.000	-33.050	-10.718
2604	1662.000	-0.435	-0.476	0.000	-33.695	-13.940
2620	1662.000	-0.405	-0.564	0.000	-33.395	-23.034
2636	1662.000	-0.375	-0.575	0.000	-32.980	-24.567
2652	1662.000	-0.403	-0.423	0.000	-33.484	-8.799
2668	1662.000	-0.435	-0.362	0.000	-33.437	-2.714
2684	1662.000	-0.425	-0.398	0.000	-33.276	-6.474
2700	1662.000	-0.381	-0.148	0.000	-32.979	18.210
2716	1662.000	-0.457	-0.560	0.000	-33.345	-22.686
2732	1662.000	-0.381	-0.474	0.000	-33.584	-13.804
2748	1662.000	-0.386	-0.235	0.000	-34.014	10.512
2764	1662.000	-0.447	-0.510	0.000	-33.241	-17.767
2780	1662.000	-0.363	-0.172	0.000	-32.891	15.740
2796	1662.000	-0.453	-0.430	0.000	-33.556	-9.420
2812	1662.000	-0.432	-0.479	0.000	-33.005	-14.921
2828	1662.000	-0.433	-0.212	0.000	-32.893	11.690
2844	1662.000	-0.414	-0.578	0.000	-33.347	-24.462
2860	1662.000	-0.432	-0.507	0.000	-33.261	-17.487
2876	1662.000	-0.410	-0.264	0.000	-32.891	6.444
2892	1662.000	-0.438	-0.526	0.000	-33.109	-19.537
2908	1662.000	-0.435	-0.421	0.000	-33.746	-8.363
2924	1662.000	-0.397	-0.206	0.000	-32.899	12.280
2940	1662.000	-0.433	-0.440	0.000	-33.356	-10.639
2956	1662.000	-0.433	-0.489	0.000	-33.009	-15.881
2972	1662.000	-0.436	-0.180	0.000	-32.899	14.868
2988	1662.000	-0.370	-0.199	0.000	-33.798	13.903
3004	1662.000	-0.384	-0.505	0.000	-33.207	-17.326
3020	1662.000	-0.440	-0.346	0.000	-33.126	-1.446
3036	1662.000	-0.429	-0.408	0.000	-33.637	-7.165
3052	1662.000	-0.441	-0.453	0.000	-33.072	-12.190
3068	1662.000	-0.424	-0.570	0.000	-33.069	-23.908
3084	1662.000	-0.459	-0.528	0.000	-33.455	-19.323
3100	1662.000	-0.400	-0.304	0.000	-33.157	2.806
3116	1662.000	-0.403	-0.398	0.000	-33.864	-5.905
3756	1662.000	-0.399	-0.118	0.000	-32.553	20.721
3772	1662.000	-0.428	-0.305	0.000	-32.595	2.061
3788	1662.000	-0.323	-0.205	0.000	-32.659	12.179
3804	1662.000	-0.403	-0.372	0.000	-32.946	-4.225
3820	1662.000	-0.409	-0.526	0.000	-32.942	-19.619
3836	1662.000	-0.398	-0.498	0.000	-32.694	-17.084
3852	1662.000	-0.408	-0.445	0.000	-33.114	-11.406
3868	1662.000	-0.459	-0.368	0.000	-33.196	-3.639
3884	1662.000	-0.336	-0.110	0.000	-32.930	21.946
3900	1662.000	-0.418	-0.220	0.000	-32.712	10.734
3916	1662.000	-0.443	-0.433	0.000	-33.427	-9.846
3932	1662.000	-0.417	-0.156	0.000	-32.854	17.244
3948	1662.000	-0.420	-0.080	0.000	-32.642	24.676
3964	1662.000	-0.446	-0.234	0.000	-33.534	10.121
3980	1662.000	-0.401	-0.448	0.000	-32.910	-11.875
3996	1662.000	-0.407	-0.232	0.000	-33.499	10.325
4012	1662.000	-0.449	-0.321	0.000	-33.073	0.927
4028	1662.000	-0.419	-0.473	0.000	-32.691	-14.601
4044	1662.000	-0.378	-0.273	0.000	-33.315	6.060
4060	1662.000	-0.395	-0.179	0.000	-32.802	14.946
4076	1662.000	-0.390	-0.420	0.000	-32.565	-9.450
4092	1662.000	-0.424	-0.161	0.000	-33.127	17.015
4108	1662.000	-0.357	-0.566	0.000	-32.726	-23.830
4124	1662.000	-0.402	-0.267	0.000	-33.281	6.605
4140	1662.000	-0.406	-0.530	0.000	-32.722	-20.298
4156	1662.000	-0.328	-0.427	0.000	-32.788	-9.910
4172	1662.000	-0.403	-0.250	0.000	-33.257	8.288
4188	1662.000	-0.357	-0.273	0.000	-32.781	5.519
4204	1662.000	-0.416	-0.574	0.000	-33.042	-24.372
4220	1662.000	-0.389	-0.203	0.000	-32.670	12.337
4236	1662.000	-0.409	-0.398	0.000	-32.468	-7.342
4252	1662.000	-0.334	-0.123	0.000	-32.803	20.543
4268	1662.000	-0.418	-0.377	0.000	-32.460	-5.241
4284	1662.000	-0.382	-0.521	0.000	-32.667	-19.481
4300	1662.000	-0.355	-0.207	0.000	-33.034	12.353
4316	1662.000	-0.406	-0.114	0.000	-32.459	21.030
4332	1662.000	-0.413	-0.563	0.000	-32.777	-23.543
4348	1662.000	-0.366	-0.507	0.000	-32.616	-18.048
4364	1662.000	-0.372	-0.349	0.000	-32.647	-2.225
5020	1662.000	-0.327	-0.305	0.000	-23.878	-6.574
5036	1662.000	-0.234	0.005	0.000	-23.431	23.890
5052	1662.000	-0.293	-0.259	0.000	-23.438	-2.424
5068	1662.000	-0.215	-0.105	0.000	-23.699	13.248
5084	1662.000	-0.373	-0.169	0.000	-23.704	6.761
5100	1662.000	-0.317	-0.152	0.000	-23.433	8.217
5116	1662.000	-0.260	-0.222	0.000	-23.548	1.300
5132	1662.000	-0.314	-0.372	0.000	-23.711	-13.477
5148	1662.000	-0.317	-0.132	0.000	-23.667	10.501
5164	1662.000	-0.322	-0.224	0.000	-24.141	1.736
5180	1662.000	-0.310	-0.200	0.000	-23.844	3.837
5196	1662.000	-0.344	-0.300	0.000	-23.655	-6.331
5212	1662.000	-0.297	-0.353	0.000	-24.608	-10.687
5228	1662.000	-0.260	-0.154	0.000	-23.538	8.127
5244	1662.000	-0.284	-0.009	0.000	-23.715	22.856
5260	1662.000	-0.296	-0.037	0.000	-24.305	20.571
5276	1662.000	-0.243	-0.267	0.000	-23.728	-2.986
5292	1662.000	-0.338	-0.348	0.000	-24.064	-10.688
5308	1662.000	-0.329	-0.339	0.000	-23.425	-10.524
5324	1662.000	-0.249	-0.149	0.000	-23.944	9.072
5340	1662.000	-0.287	-0.046	0.000	-23.512	18.926
5356	1662.000	-0.333	-0.177	0.000	-24.012	6.316
5372	1662.000	-0.255	-0.403	0.000	-23.603	-16.714
5388	1662.000	-0.328	-0.191	0.000	-23.634	4.488
5404	1662.000	-0.270	-0.325	0.000	-24.577	-7.879
5420	1662.000	-0.277	-0.188	0.000	-23.611	4.773
5436	1662.000	-0.295	-0.422	0.000	-23.429	-18.751
5452	1662.000	-0.269	-0.381	0.000	-23.919	-14.136
5468	1662.000	-0.309	-0.354	0.000	-23.429	-11.945
5484	1662.000	-0.280	-0.436	0.000	-23.425	-20.199
5500	1662.000	-0.304	-0.200	0.000	-23.802	3.803
5516	1662.000	-0.286	-0.161	0.000	-23.546	7.421
5532	1662.000	-0.327	-0.302	0.000	-23.540	-6.709
5548	1662.000	-0.243	-0.143	0.000	-23.745	9.406
5564	1662.000	-0.270	-0.135	0.000	-23.546	10.002
5580	1662.000	-0.294	-0.395	0.000	-23.702	-15.792
5596	1662.000	-0.282	-0.487	0.000	-23.767	-24.968
5612	1662.000	-0.293	-0.342	0.000	-23.433	-10.735
5628	1662.000	-0.273	-0.288	0.000	-23.429	-5.333
6268	1662.000	-1.056	-0.738	0.000	-82.419	8.667
6284	1662.000	-0.984	-0.622	0.000	-81.317	19.140
6300	1662.000	-0.965	-0.724	0.000	-81.316	8.876
6316	1662.000	-0.956	-0.646	0.000	-81.318	16.694
6332	1662.000	-0.985	-0.898	0.000	-82.078	-7.700
6348	1662.000	-0.979	-0.910	0.000	-81.317	-9.729
6364	1662.000	-1.009	-0.794	0.000	-81.318	1.873
6380	1662.000	-1.055	-1.059	0.000	-82.919	-23.027
6396	1662.000	-1.053	-1.020	0.000	-84.171	-17.804
6412	1662.000	-1.092	-0.898	0.000	-82.050	-7.732
6428	1662.000	-1.013	-0.891	0.000	-81.341	-7.786
6444	1662.000	-1.040	-0.792	0.000	-83.738	4.490
6460	1662.000	-1.076	-0.842	0.000	-84.219	0.037
6476	1662.000	-0.962	-0.585	0.000	-81.341	22.833
6492	1662.000	-1.097	-0.879	0.000	-83.743	-4.146
6508	1662.000	-1.007	-0.785	0.000	-82.500	4.040
6524	1662.000	-1.043	-0.766	0.000	-83.286	6.653
6540	1662.000	-0.983	-0.622	0.000	-81.317	19.139
6556	1662.000	-1.014	-0.663	0.000	-82.239	15.982
6572	1662.000	-1.074	-0.945	0.000	-84.687	-9.799
6588	1662.000	-0.976	-0.903	0.000	-82.078	-8.233
6604	1662.000	-1.002	-0.850	0.000	-82.117	-2.909
6620	1662.000	-1.011	-0.883	0.000	-81.750	-6.514
6636	1662.000	-0.974	-0.661	0.000	-81.705	15.609
6652	1662.000	-0.830	-0.613	0.000	-82.359	21.070
6668	1662.000	-0.594	-1.033	0.000	-81.352	-21.915
6684	1662.000	-1.098	-0.818	0.000	-83.996	2.193
6700	1662.000	-0.851	-0.759	0.000	-82.318	6.445
6716	1662.000	-0.944	-0.635	0.000	-81.317	17.791
6732	1662.000	-1.059	-0.927	0.000	-82.574	-10.110
6748	1662.000	-1.051	-0.755	0.000	-81.316	5.827
6764	1662.000	-1.022	-0.971	0.000	-81.318	-15.785
6780	1662.000	-1.073	-0.988	0.000	-84.327	-14.493
6796	1662.000	-1.026	-1.054	0.000	-81.317	-24.130
6812	1662.000	-1.029	-0.883	0.000	-81.317	-7.031
6828	1662.000	-1.053	-0.798	0.000	-82.498	2.660
6844	1662.000	-1.069	-0.827	0.000	-83.654	0.966
6860	1662.000	-0.991	-0.839	0.000	-81.318	-2.621
6876	1662.000	-0.996	-0.764	0.000	-82.094	5.701
7516	1662.000	-1.021	-1.022	0.000	-79.539	-22.652
7532	1662.000	-0.692	-0.594	0.000	-78.436	19.024
7548	1662.000	-0.982	-0.722	0.000	-78.751	6.571
7564	1662.000	-1.002	-0.634	0.000	-80.104	16.685
7580	1662.000	-0.926	-0.703	0.000	-78.436	8.136
7596	1662.000	-1.043	-0.837	0.000	-79.230	-4.458
7612	1662.000	-1.056	-0.620	0.000	-80.797	18.788
7628	1662.000	-0.932	-0.568	0.000	-78.481	21.653
7644	1662.000	-0.953	-0.593	0.000	-80.533	21.207
7660	1662.000	-0.987	-0.910	0.000	-78.436	-12.532
7676	1662.000	-0.937	-0.596	0.000	-78.461	18.864
7692	1662.000	-1.040	-0.854	0.000	-79.277	-6.153
7708	1662.000	-0.997	-0.579	0.000	-78.436	20.572
7724	1662.000	-1.015	-0.771	0.000	-78.850	1.725
7740	1662.000	-1.063	-0.985	0.000	-82.620	-15.850
7756	1662.000	-1.021	-0.916	0.000	-78.815	-12.745
7772	1662.000	-0.969	-0.601	0.000	-78.436	18.292
7788	1662.000	-0.920	-0.604	0.000	-79.193	18.778
7804	1662.000	-0.993	-0.757	0.000	-81.086	5.364
7820	1662.000	-0.991	-0.878	0.000	-79.916	-7.899
7836	1662.000	-0.991	-0.704	0.000	-80.049	9.636
7852	1662.000	-0.893	-0.590	0.000	-78.800	19.843
7868	1662.000	-1.007	-0.886	0.000	-79.843	-8.745
7884	1662.000	-0.808	-0.725	0.000	-80.419	7.873
7900	1662.000	-0.995	-0.587	0.000	-79.745	21.014
7916	1662.000	-0.909	-0.991	0.000	-78.436	-20.627
7932	1662.000	-0.654	-0.821	0.000	-78.444	-3.693
7948	1662.000	-1.039	-1.011	0.000	-79.432	-21.700
7964	1662.000	-0.981	-0.700	0.000	-78.436	8.388
7980	1662.000	-0.626	-0.832	0.000	-78.436	-4.803
7996	1662.000	-0.951	-0.842	0.000	-78.436	-5.751
8012	1662.000	-0.987	-0.545	0.000	-78.436	23.946
8028	1662.000	-0.869	-0.900	0.000	-78.489	-11.559
8044	1662.000	-0.970	-0.581	0.000	-79.294	21.229
8060	1662.000	-0.993	-0.941	0.000	-78.436	-15.686
8076	1662.000	-0.989	-0.694	0.000	-78.444	9.073
8092	1662.000	-1.095	-0.923	0.000	-81.607	-10.699
8108	1662.000	-0.963	-0.680	0.000	-78.436	10.403
8124	1662.000	-0.971	-0.617	0.000	-80.029	18.288
8764	1662.000	-0.337	-0.309	0.000	-27.302	-3.561
8780	1662.000	-0.337	-0.460	0.000	-27.402	-18.557
8796	1662.000	-0.334	-0.096	0.000	-27.211	17.625
8812	1662.000	-0.322	-0.323	0.000	-27.178	-5.093
8828	1662.000	-0.276	-0.153	0.000	-27.213	11.937
8844	1662.000	-0.322	-0.104	0.000	-27.182	16.800
8860	1662.000	-0.296	-0.199	0.000	-27.621	7.673
8876	1662.000	-0.359	-0.359	0.000	-27.173	-8.745
8892	1662.000	-0.333	-0.253	0.000	-27.551	2.257
8908	1662.000	-0.329	-0.060	0.000	-27.756	21.805
8924	1662.000	-0.336	-0.165	0.000	-27.587	11.134
8940	1662.000	-0.270	-0.073	0.000	-27.509	20.169
8956	1662.000	-0.376	-0.519	0.000	-27.615	-24.323
8972	1662.000	-0.361	-0.375	0.000	-28.561	-8.979
8988	1662.000	-0.306	-0.323	0.000	-27.448	-4.845
9004	1662.000	-0.339	-0.138	0.000	-27.456	13.625
9020	1662.000	-0.313	-0.197	0.000	-27.655	7.960
9036	1662.000	-0.331	-0.339	0.000	-27.190	-6.667
9052	1662.000	-0.327	-0.259	0.000	-27.362	1.420
9068	1662.000	-0.350	-0.337	0.000	-27.611	-6.047
9084	1662.000	-0.343	-0.287	0.000	-27.299	-1.362
9100	1662.000	-0.308	-0.097	0.000	-27.792	18.083
9116	1662.000	-0.318	-0.406	0.000	-27.420	-13.178
9132	1662.000	-0.394	-0.299	0.000	-27.181	-2.686
9148	1662.000	-0.355	-0.116	0.000	-28.305	16.736
9164	1662.000	-0.342	-0.153	0.000	-27.175	11.827
9180	1662.000	-0.319	-0.252	0.000	-27.174	1.992
9196	1662.000	-0.383	-0.355	0.000	-27.872	-7.584
9212	1662.000	-0.324	-0.183	0.000	-27.175	8.901
9228	1662.000	-0.346	-0.068	0.000	-27.407	20.651
9244	1662.000	-0.351	-0.366	0.000	-27.724	-8.885
9260	1662.000	-0.302	-0.249	0.000	-27.265	2.352
9276	1662.000	-0.350	-0.217	0.000	-27.670	6.019
9292	1662.000	-0.312	-0.306	0.000	-27.871	-2.757
9308	1662.000	-0.409	-0.462	0.000	-27.547	-18.617
9324	1662.000	-0.370	-0.400	0.000	-27.254	-12.709
9340	1662.000	-0.368	-0.413	0.000	-27.603	-13.688
9356	1662.000	-0.318	-0.371	0.000	-27.496	-9.581
9372	1662.000	-0.320	-0.319	0.000	-27.466	-4.442
10012	1662.000	-0.379	-0.184	0.000	-32.765	14.344
10028	1662.000	-0.420	-0.385	0.000	-32.799	-5.701
10044	1662.000	-0.446	-0.555	0.000	-32.728	-22.776
10060	1662.000	-0.379	-0.145	0.000	-32.824	18.362
10076	1662.000	-0.389	-0.381	0.000	-32.653	-5.464
10092	1662.000	-0.462	-0.451	0.000	-32.982	-12.092
10108	1662.000	-0.379	-0.103	0.000	-32.838	22.528
10124	1662.000	-0.447	-0.338	0.000	-32.894	-0.895
10140	1662.000	-0.398	-0.381	0.000	-32.982	-5.083
10156	1662.000	-0.428	-0.312	0.000	-32.732	1.547
10172	1662.000	-0.381	-0.219	0.000	-33.327	11.452
10188	1662.000	-0.385	-0.240	0.000	-32.818	8.839
10204	1662.000	-0.404	-0.508	0.000	-33.055	-17.728
10220	1662.000	-0.428	-0.309	0.000	-32.931	2.059
10236	1662.000	-0.433	-0.328	0.000	-32.554	-0.274
10252	1662.000	-0.469	-0.392	0.000	-33.802	-5.423
10268	1662.000	-0.423	-0.337	0.000	-32.592	-1.087
10284	1662.000	-0.377	-0.142	0.000	-32.758	18.525
10300	1662.000	-0.408	-0.438	0.000	-33.480	-10.329
10316	1662.000	-0.442	-0.475	0.000	-32.881	-14.573
10332	1662.000	-0.374	-0.280	0.000	-33.738	5.708
10348	1662.000	-0.424	-0.540	0.000	-32.947	-21.036
10364	1662.000	-0.434	-0.294	0.000	-32.574	3.177
10380	1662.000	-0.362	-0.158	0.000	-33.308	17.554
10396	1662.000	-0.457	-0.552	0.000	-33.045	-22.108
10412	1662.000	-0.433	-0.452	0.000	-32.773	-12.409
10428	1662.000	-0.352	-0.105	0.000	-33.506	22.985
10444	1662.000	-0.415	-0.354	0.000	-33.434	-1.995
10460	1662.000	-0.420	-0.547	0.000	-33.324	-21.412
10476	1662.000	-0.417	-0.143	0.000	-32.761	18.464
10492	1662.000	-0.429	-0.285	0.000	-32.871	4.343
10508	1662.000	-0.350	-0.097	0.000	-32.957	23.207
10524	1662.000	-0.428	-0.570	0.000	-32.560	-24.443
10540	1662.000	-0.364	-0.104	0.000	-32.554	22.165
10556	1662.000	-0.439	-0.479	0.000	-32.831	-15.046
10572	1662.000	-0.436	-0.215	0.000	-33.175	11.672
10588	1662.000	-0.445	-0.324	0.000	-32.788	0.414
10604	1662.000	-0.411	-0.368	0.000	-33.010	-3.741
10620	1662.000	-0.365	-0.422	0.000	-32.556	-9.614
10636	1662.000	-0.369	-0.277	0.000	-32.564	4.877
11276	1662.000	-0.384	-0.174	0.000	-32.974	15.580
11292	1662.000	-0.399	-0.255	0.000	-32.395	6.864
11308	1662.000	-0.405	-0.220	0.000	-31.817	9.861
11324	1662.000	-0.421	-0.343	0.000	-32.320	-1.963
11340	1662.000	-0.365	-0.542	0.000	-31.916	-22.258
11356	1662.000	-0.421	-0.302	0.000	-31.817	1.662
11372	1662.000	-0.417	-0.547	0.000	-32.844	-21.882
11388	1662.000	-0.366	-0.313	0.000	-32.025	0.723
11404	1662.000	-0.362	-0.123	0.000	-32.030	19.682
11420	1662.000	-0.373	-0.347	0.000	-32.040	-2.623
11436	1662.000	-0.430	-0.532	0.000	-32.035	-21.189
11452	1662.000	-0.390	-0.276	0.000	-32.030	4.439
11468	1662.000	-0.409	-0.525	0.000	-31.965	-20.578
11484	1662.000	-0.416	-0.313	0.000	-32.161	0.863
11500	1662.000	-0.398	-0.194	0.000	-32.030	12.666
11516	1662.000	-0.461	-0.339	0.000	-32.094	-1.856
11532	1662.000	-0.417	-0.367	0.000	-32.191	-4.546
11548	1662.000	-0.407	-0.156	0.000	-32.919	17.304
11564	1662.000	-0.406	-0.275	0.000	-32.051	4.593
11580	1662.000	-0.434	-0.137	0.000	-31.868	18.190
11596	1662.000	-0.368	-0.191	0.000	-32.858	13.763
11612	1662.000	-0.408	-0.321	0.000	-31.866	-0.242
11628	1662.000	-0.390	-0.098	0.000	-32.279	22.526
11644	1662.000	-0.401	-0.459	0.000	-31.826	-14.069
11660	1662.000	-0.407	-0.437	0.000	-32.100	-11.626
11676	1662.000	-0.466	-0.248	0.000	-32.971	8.215
11692	1662.000	-0.411	-0.246	0.000	-31.953	7.313
11708	1662.000	-0.361	-0.335	0.000	-32.007	-1.481
11724	1662.000	-0.389	-0.112	0.000	-32.084	20.892
11740	1662.000	-0.407	-0.123	0.000	-31.950	19.637
11756	1662.000	-0.374	-0.383	0.000	-31.932	-6.396
11772	1662.000	-0.371	-0.390	0.000	-31.869	-7.135
11788	1662.000	-0.401	-0.296	0.000	-32.140	2.528
11804	1662.000	-0.371	-0.099	0.000	-32.081	22.157
11820	1662.000	-0.413	-0.246	0.000	-32.298	7.699
11836	1662.000	-0.357	-0.148	0.000	-31.939	17.156
11852	1662.000	-0.430	-0.412	0.000	-32.458	-8.779
11868	1662.000	-0.399	-0.317	0.000	-32.278	0.556
11884	1662.000	-0.345	-0.170	0.000	-31.820	14.865
12524	1662.000	-0.316	-0.476	0.000	-26.173	-21.449
12540	1662.000	-0.364	-0.500	0.000	-25.806	-24.225
12556	1662.000	-0.345	-0.280	0.000	-25.732	-2.257
12572	1662.000	-0.307	-0.099	0.000	-26.049	16.167
12588	1662.000	-0.353	-0.453	0.000	-26.179	-19.121
12604	1662.000	-0.350	-0.428	0.000	-25.982	-16.844
12620	1662.000	-0.363	-0.485	0.000	-26.502	-22.026
12636	1662.000	-0.380	-0.372	0.000	-25.881	-11.362
12652	1662.000	-0.344	-0.301	0.000	-25.769	-4.380
12668	1662.000	-0.310	-0.287	0.000	-25.802	-2.871
12684	1662.000	-0.296	-0.468	0.000	-25.546	-21.228
12700	1662.000	-0.370	-0.201	0.000	-25.700	5.552
12716	1662.000	-0.270	-0.037	0.000	-25.542	21.830
12732	1662.000	-0.347	-0.042	0.000	-25.556	21.369
12748	1662.000	-0.327	-0.190	0.000	-25.583	6.611
12764	1662.000	-0.306	-0.412	0.000	-25.843	-15.337
12780	1662.000	-0.338	-0.265	0.000	-25.540	-0.974
12796	1662.000	-0.348	-0.316	0.000	-25.544	-6.028
12812	1662.000	-0.305	-0.308	0.000	-26.458	-4.338
12828	1662.000	-0.350	-0.032	0.000	-25.542	22.386
12844	1662.000	-0.312	-0.405	0.000	-25.540	-14.931
12860	1662.000	-0.377	-0.467	0.000	-25.828	-20.859
12876	1662.000	-0.292	-0.189	0.000	-25.558	6.638
12892	1662.000	-0.305	-0.241	0.000	-25.625	1.564
12908	1662.000	-0.340	-0.110	0.000	-25.749	14.755
12924	1662.000	-0.337	-0.116	0.000	-25.977	14.411
12940	1662.000	-0.312	-0.368	0.000	-26.437	-10.353
12956	1662.000	-0.330	-0.232	0.000	-25.540	2.296
12972	1662.000	-0.312	-0.330	0.000	-25.833	-7.187
12988	1662.000	-0.323	-0.134	0.000	-25.928	12.498
13004	1662.000	-0.326	-0.393	0.000	-26.410	-12.932
13020	1662.000	-0.281	-0.304	0.000	-25.829	-4.581
13036	1662.000	-0.318	-0.223	0.000	-25.554	3.287
13052	1662.000	-0.315	-0.223	0.000	-26.417	4.136
13068	1662.000	-0.350	-0.180	0.000	-26.164	8.184
13084	1662.000	-0.250	-0.015	0.000	-25.548	24.013
13100	1662.000	-0.300	-0.252	0.000	-26.243	1.064
13116	1662.000	-0.262	-0.049	0.000	-25.753	20.899
13132	1662.000	-0.394	-0.487	0.000	-25.772	-22.920
13772	1662.000	-1.121	-0.801	0.000	-85.119	4.969
13788	1662.000	-0.996	-0.698	0.000	-80.561	10.730
13804	1662.000	-1.015	-0.643	0.000	-80.608	16.307
13820	1662.000	-1.073	-1.049	0.000	-81.957	-22.970
13836	1662.000	-0.993	-0.627	0.000	-80.602	17.924
13852	1662.000	-1.027	-1.041	0.000	-82.274	-21.778
13868	1662.000	-0.999	-0.682	0.000	-82.853	14.625
13884	1662.000	-0.977	-1.034	0.000	-80.561	-22.875
13900	1662.000	-1.008	-0.703	0.000	-80.910	10.653
13916	1662.000	-1.036	-0.912	0.000	-80.877	-10.286
13932	1662.000	-1.011	-0.961	0.000	-83.010	-13.098
13948	1662.000	-0.998	-0.686	0.000	-80.561	11.950
13964	1662.000	-1.034	-0.798	0.000	-81.704	1.882
13980	1662.000	-1.102	-0.879	0.000	-85.125	-2.768
13996	1662.000	-1.016	-0.746	0.000	-81.417	6.824
14012	1662.000	-1.067	-1.007	0.000	-83.595	-17.153
14028	1662.000	-1.044	-0.718	0.000	-82.386	10.621
14044	1662.000	-1.064	-0.604	0.000	-82.915	22.488
14060	1662.000	-0.820	-0.840	0.000	-80.579	-3.373
14076	1662.000	-1.035	-0.719	0.000	-80.607	8.661
14092	1662.000	-1.015	-0.764	0.000	-80.596	4.169
14108	1662.000	-1.026	-1.026	0.000	-81.564	-21.012
14124	1662.000	-1.019	-0.699	0.000	-80.600	10.718
14140	1662.000	-1.073	-0.889	0.000	-82.154	-6.751
14156	1662.000	-1.013	-0.824	0.000	-80.607	-1.779
14172	1662.000	-0.960	-0.708	0.000	-80.950	10.157
14188	1662.000	-1.041	-0.947	0.000	-81.345	-13.336
14204	1662.000	-1.010	-0.696	0.000	-80.561	10.983
14220	1662.000	-1.049	-0.813	0.000	-80.615	-0.681
14236	1662.000	-1.054	-0.952	0.000	-82.690	-12.485
14252	1662.000	-1.030	-1.011	0.000	-80.561	-20.583
14268	1662.000	-0.976	-0.647	0.000	-81.333	16.629
14284	1662.000	-0.858	-0.612	0.000	-81.334	20.091
14300	1662.000	-0.906	-0.611	0.000	-81.938	20.840
14316	1662.000	-0.985	-0.594	0.000	-80.621	21.264
14332	1662.000	-1.016	-0.846	0.000	-80.578	-3.981
14348	1662.000	-1.034	-0.970	0.000	-82.289	-14.704
14364	1662.000	-0.982	-0.815	0.000	-80.561	-0.973
14380	1662.000	-1.068	-1.019	0.000	-80.608	-21.267
12	1663.000	-0.560	-0.901	0.000	-75.639	-14.460
28	1663.000	-0.966	-0.830	0.000	-75.679	-7.277
44	1663.000	-0.921	-0.588	0.000	-76.736	17.945
60	1663.000	-1.023	-0.948	0.000	-76.487	-18.304
76	1663.000	-0.766	-0.732	0.000	-75.349	2.175
92	1663.000	-0.997	-0.891	0.000	-75.675	-13.408
108	1663.000	-1.006	-0.799	0.000	-77.803	-2.062
124	1663.000	-0.956	-0.980	0.000	-76.239	-21.791
140	1663.000	-0.912	-0.528	0.000	-75.409	22.638
156	1663.000	-0.980	-0.976	0.000	-75.717	-21.851
172	1663.000	-0.958	-0.975	0.000	-76.239	-21.229
188	1663.000	-0.958	-0.998	0.000	-75.396	-24.379
204	1663.000	-0.917	-0.845	0.000	-75.349	-9.196
220	1663.000	-0.976	-0.832	0.000	-78.698	-4.502
236	1663.000	-0.916	-0.815	0.000	-75.349	-6.170
252	1663.000	-0.900	-0.652	0.000	-75.363	10.118
268	1663.000	-0.970	-0.831	0.000	-76.952	-6.108
284	1663.000	-0.975	-0.537	0.000	-75.349	21.642
300	1663.000	-0.903	-0.990	0.000	-75.391	-23.577
316	1663.000	-0.958	-0.666	0.000	-75.391	8.749
332	1663.000	-0.901	-0.636	0.000	-75.349	11.793
348	1663.000	-0.939	-0.623	0.000	-75.349	13.075
364	1663.000	-0.970	-1.011	0.000	-76.348	-24.715
380	1663.000	-1.026	-0.917	0.000	-77.767	-13.978
396	1663.000	-0.974	-0.764	0.000	-77.233	0.862
412	1663.000	-0.016	4.223	0.000	-77.063	-0.685
428	1663.000	-1.048	-1.006	0.000	-79.351	-21.263
444	1663.000	-0.948	-0.663	0.000	-76.951	10.639
460	1663.000	-0.821	-0.576	0.000	-75.349	17.720
476	1663.000	-0.896	-0.551	0.000	-76.061	20.919
492	1663.000	-0.833	-0.702	0.000	-76.299	6.063
508	1663.000	-0.905	-0.580	0.000	-75.365	17.321
524	1663.000	-0.888	-0.802	0.000	-75.373	-4.803
540	1663.000	-0.778	-0.607	0.000	-75.372	14.647
556	1663.000	-0.971	-0.876	0.000	-75.349	-12.228
572	1663.000	-0.938	-0.550	0.000	-75.382	20.403
588	1663.000	-0.932	-0.841	0.000	-75.950	-8.130
604	1663.000	-0.901	-0.507	0.000	-75.349	24.697
620	1663.000	-0.959	-0.855	0.000	-76.009	-9.489
1260	1663.000	-0.315	-0.433	0.000	-24.176	-19.095
1276	1663.000	-0.239	-0.274	0.000	-24.035	-3.338
1292	1663.000	-0.278	-0.357	0.000	-23.880	-11.821
1308	1663.000	-0.324	-0.446	0.000	-23.636	-20.981
1324	1663.000	-0.248	-0.001	0.000	-23.829	23.722
1340	1663.000	-0.327	-0.355	0.000	-23.735	-11.720
1356	1663.000	-0.313	-0.213	0.000	-23.570	2.227
1372	1663.000	-0.259	-0.085	0.000	-24.014	15.500
1388	1663.000	-0.333	-0.233	0.000	-24.635	1.285
1404	1663.000	-0.350	-0.322	0.000	-23.708	-8.459
1420	1663.000	-0.296	-0.430	0.000	-23.559	-19.396
1436	1663.000	-0.325	-0.399	0.000	-23.735	-16.200
1452	1663.000	-0.310	-0.333	0.000	-23.748	-9.570
1468	1663.000	-0.344	-0.481	0.000	-23.705	-24.353
1484	1663.000	-0.305	-0.452	0.000	-23.741	-21.461
1500	1663.000	-0.306	-0.366	0.000	-23.927	-12.673
1516	1663.000	-0.298	-0.057	0.000	-23.709	17.994
1532	1663.000	-0.304	-0.333	0.000	-23.562	-9.737
1548	1663.000	-0.251	-0.022	0.000	-23.860	21.696
1564	1663.000	-0.301	-0.424	0.000	-23.813	-18.634
1580	1663.000	-0.257	0.003	0.000	-23.564	23.847
1596	1663.000	-0.279	-0.155	0.000	-23.718	8.209
1612	1663.000	-0.269	-0.018	0.000	-25.092	23.297
1628	1663.000	-0.287	-0.313	0.000	-23.882	-7.395
1644	1663.000	-0.219	-0.196	0.000	-23.729	4.094
1660	1663.000	-0.283	-0.356	0.000	-24.017	-11.609
1676	1663.000	-0.311	-0.114	0.000	-23.815	12.367
1692	1663.000	-0.304	-0.391	0.000	-23.908	-15.207
1708	1663.000	-0.328	-0.238	0.000	-23.843	0.073
1724	1663.000	-0.309	-0.154	0.000	-23.739	8.291
1740	1663.000	-0.379	-0.296	0.000	-24.163	-5.479
1756	1663.000	-0.319	-0.095	0.000	-23.561	14.018
1772	1663.000	-0.314	-0.073	0.000	-23.742	16.482
1788	1663.000	-0.260	-0.145	0.000	-23.919	9.376
1804	1663.000	-0.322	-0.402	0.000	-23.561	-16.638
1820	1663.000	-0.310	-0.468	0.000	-23.632	-23.211
1836	1663.000	-0.264	-0.105	0.000	-23.790	13.247
1852	1663.000	-0.302	-0.352	0.000	-23.777	-11.378
1868	1663.000	-0.282	-0.046	0.000	-24.442	19.854
2508	1663.000	-0.375	-0.131	0.000	-31.893	18.802
2524	1663.000	-0.392	-0.225	0.000	-32.072	9.536
2540	1663.000	-0.378	-0.110	0.000	-31.939	20.926
2556	1663.000	-0.438	-0.548	0.000	-31.694	-23.126
2572	1663.000	-0.369	-0.232	0.000	-32.118	8.896
2588	1663.000	-0.338	-0.088	0.000	-31.693	22.857
2604	1663.000	-0.398	-0.088	0.000	-32.276	23.448
2620	1663.000	-0.367	-0.220	0.000	-32.004	10.005
2636	1663.000	-0.378	-0.238	0.000	-31.629	7.781
2652	1663.000	-0.410	-0.477	0.000	-32.085	-15.606
2668	1663.000	-0.407	-0.113	0.000	-32.043	20.780
2684	1663.000	-0.414	-0.537	0.000	-31.897	-21.830
2700	1663.000	-0.357	-0.256	0.000	-31.628	6.062
2716	1663.000	-0.433	-0.171	0.000	-31.960	14.860
2732	1663.000	-0.387	-0.392	0.000	-32.176	-7.060
2748	1663.000	-0.371	-0.250	0.000	-32.565	7.543
2764	1663.000	-0.437	-0.566	0.000	-31.865	-24.704
2780	1663.000	-0.361	-0.301	0.000	-31.548	1.439
2796	1663.000	-0.445	-0.291	0.000	-32.151	3.068
2812	1663.000	-0.409	-0.507	0.000	-31.652	-19.076
2828	1663.000	-0.415	-0.140	0.000	-31.550	17.539
2844	1663.000	-0.389	-0.183	0.000	-31.961	13.704
2860	1663.000	-0.400	-0.145	0.000	-31.883	17.413
2876	1663.000	-0.403	-0.411	0.000	-31.548	-9.527
2892	1663.000	-0.452	-0.464	0.000	-31.746	-14.652
2908	1663.000	-0.432	-0.414	0.000	-32.323	-9.127
2924	1663.000	-0.349	-0.102	0.000	-31.556	21.399
2940	1663.000	-0.430	-0.536	0.000	-31.969	-21.648
2956	1663.000	-0.417	-0.243	0.000	-31.655	7.310
2972	1663.000	-0.424	-0.204	0.000	-31.556	11.129
2988	1663.000	-0.366	-0.312	0.000	-32.370	1.160
3004	1663.000	-0.376	-0.413	0.000	-31.835	-9.490
3020	1663.000	-0.426	-0.227	0.000	-31.762	9.029
3036	1663.000	-0.417	-0.268	0.000	-32.223	5.446
3052	1663.000	-0.402	-0.302	0.000	-31.712	1.520
3068	1663.000	-0.399	-0.075	0.000	-31.710	24.223
3084	1663.000	-0.425	-0.081	0.000	-32.059	24.008
3100	1663.000	-0.380	-0.234	0.000	-31.789	8.397
3116	1663.000	-0.403	-0.268	0.000	-32.429	5.586
3756	1663.000	-0.405	-0.452	0.000	-31.220	-13.985
3772	1663.000	-0.407	-0.406	0.000	-31.257	-9.312
3788	1663.000	-0.338	-0.424	0.000	-31.315	-11.132
3804	1663.000	-0.393	-0.345	0.000	-31.575	-2.877
3820	1663.000	-0.385	-0.172	0.000	-31.572	14.369
3836	1663.000	-0.390	-0.173	0.000	-31.347	14.054
3852	1663.000	-0.388	-0.271	0.000	-31.727	4.636
3868	1663.000	-0.439	-0.348	0.000	-31.801	-2.974
3884	1663.000	-0.368	-0.463	0.000	-31.561	-14.717
3900	1663.000	-0.400	-0.090	0.000	-31.363	22.356
3916	1663.000	-0.402	-0.270	0.000	-32.010	5.017
3932	1663.000	-0.405	-0.229	0.000	-31.492	8.618
3948	1663.000	-0.417	-0.346	0.000	-31.300	-3.306
3964	1663.000	-0.380	-0.075	0.000	-32.107	24.595
3980	1663.000	-0.408	-0.543	0.000	-31.542	-22.744
3996	1663.000	-0.393	-0.122	0.000	-32.076	19.842
4012	1663.000	-0.419	-0.431	0.000	-31.690	-11.360
4028	1663.000	-0.396	-0.113	0.000	-31.344	20.050
4044	1663.000	-0.342	-0.193	0.000	-31.909	12.572
4060	1663.000	-0.346	-0.075	0.000	-31.445	23.928
4076	1663.000	-0.383	-0.339	0.000	-31.230	-2.696
4092	1663.000	-0.377	-0.072	0.000	-31.739	24.503
4108	1663.000	-0.314	-0.159	0.000	-31.376	15.497
4124	1663.000	-0.400	-0.562	0.000	-31.878	-24.333
4140	1663.000	-0.408	-0.395	0.000	-31.372	-8.152
4156	1663.000	-0.307	-0.288	0.000	-31.432	2.586
4172	1663.000	-0.395	-0.389	0.000	-31.856	-7.044
4188	1663.000	-0.327	-0.209	0.000	-31.425	10.570
4204	1663.000	-0.385	-0.158	0.000	-31.662	15.847
4220	1663.000	-0.382	-0.165	0.000	-31.325	14.843
4236	1663.000	-0.376	-0.101	0.000	-31.142	21.044
4252	1663.000	-0.348	-0.334	0.000	-31.446	-1.999
4268	1663.000	-0.427	-0.466	0.000	-31.135	-15.514
4284	1663.000	-0.375	-0.173	0.000	-31.322	14.009
4300	1663.000	-0.372	-0.412	0.000	-31.655	-9.520
4316	1663.000	-0.380	-0.162	0.000	-31.135	14.959
4332	1663.000	-0.421	-0.443	0.000	-31.422	-12.928
4348	1663.000	-0.388	-0.524	0.000	-31.276	-21.098
4364	1663.000	-0.357	-0.472	0.000	-31.304	-15.893
5020	1663.000	-0.297	-0.043	0.000	-22.879	18.576
5036	1663.000	-0.229	-0.179	0.000	-22.474	4.614
5052	1663.000	-0.260	-0.219	0.000	-22.481	0.587
5068	1663.000	-0.228	-0.351	0.000	-22.717	-12.345
5084	1663.000	-0.367	-0.344	0.000	-22.722	-11.634
5100	1663.000	-0.338	-0.458	0.000	-22.476	-23.300
5116	1663.000	-0.252	-0.380	0.000	-22.580	-15.413
5132	1663.000	-0.292	-0.050	0.000	-22.728	17.755
5148	1663.000	-0.309	-0.196	0.000	-22.688	3.080
5164	1663.000	-0.313	-0.411	0.000	-23.117	-17.939
5180	1663.000	-0.320	-0.347	0.000	-22.848	-11.857
5196	1663.000	-0.355	-0.453	0.000	-22.677	-22.629
5212	1663.000	-0.300	-0.296	0.000	-23.540	-6.047
5228	1663.000	-0.239	-0.067	0.000	-22.572	15.916
5244	1663.000	-0.297	-0.259	0.000	-22.732	-3.167
5260	1663.000	-0.290	-0.379	0.000	-23.265	-14.675
5276	1663.000	-0.261	-0.474	0.000	-22.743	-24.635
5292	1663.000	-0.299	-0.026	0.000	-23.047	20.447
5308	1663.000	-0.298	-0.125	0.000	-22.469	10.003
5324	1663.000	-0.258	-0.476	0.000	-22.939	-24.641
5340	1663.000	-0.301	-0.404	0.000	-22.548	-17.805
5356	1663.000	-0.326	-0.434	0.000	-23.000	-20.416
5372	1663.000	-0.228	-0.170	0.000	-22.630	5.593
5388	1663.000	-0.321	-0.328	0.000	-22.658	-10.134
5404	1663.000	-0.300	-0.426	0.000	-23.512	-19.133
5420	1663.000	-0.224	0.015	0.000	-22.637	24.111
5436	1663.000	-0.262	0.020	0.000	-22.472	24.429
5452	1663.000	-0.239	-0.192	0.000	-22.916	3.707
5468	1663.000	-0.281	-0.206	0.000	-22.473	1.898
5484	1663.000	-0.262	-0.035	0.000	-22.469	18.938
5500	1663.000	-0.269	-0.033	0.000	-22.810	19.465
5516	1663.000	-0.279	-0.353	0.000	-22.578	-12.712
5532	1663.000	-0.295	-0.010	0.000	-22.573	21.571
5548	1663.000	-0.246	-0.118	0.000	-22.758	10.984
5564	1663.000	-0.238	-0.009	0.000	-22.579	21.653
5580	1663.000	-0.299	-0.454	0.000	-22.719	-22.704
5596	1663.000	-0.251	-0.146	0.000	-22.779	8.137
5612	1663.000	-0.292	-0.281	0.000	-22.476	-5.674
5628	1663.000	-0.261	-0.055	0.000	-22.472	16.937
6268	1663.000	-0.986	-0.625	0.000	-78.996	16.511
6284	1663.000	-0.923	-0.554	0.000	-77.999	22.579
6300	1663.000	-0.948	-0.903	0.000	-77.998	-12.299
6316	1663.000	-0.902	-0.725	0.000	-77.999	5.539
6332	1663.000	-0.964	-0.720	0.000	-78.687	6.702
6348	1663.000	-0.925	-0.674	0.000	-77.998	10.566
6364	1663.000	-0.981	-1.005	0.000	-77.999	-22.455
6380	1663.000	-1.038	-0.898	0.000	-79.448	-10.305
6396	1663.000	-1.014	-0.979	0.000	-80.581	-17.319
6412	1663.000	-1.019	-0.678	0.000	-78.662	10.855
6428	1663.000	-0.971	-0.610	0.000	-78.020	17.040
6444	1663.000	-1.028	-1.051	0.000	-80.189	-24.891
6460	1663.000	-1.061	-1.001	0.000	-80.624	-19.503
6476	1663.000	-0.913	-0.565	0.000	-78.020	21.527
6492	1663.000	-1.051	-0.736	0.000	-80.194	6.589
6508	1663.000	-0.950	-0.636	0.000	-79.068	15.461
6524	1663.000	-0.986	-0.875	0.000	-79.780	-7.733
6540	1663.000	-0.935	-0.705	0.000	-77.998	7.500
6556	1663.000	-0.953	-0.769	0.000	-78.833	1.950
6572	1663.000	-1.031	-1.053	0.000	-81.047	-24.215
6588	1663.000	-0.971	-0.920	0.000	-78.687	-13.265
6604	1663.000	-0.970	-0.628	0.000	-78.722	15.923
6620	1663.000	-0.992	-0.969	0.000	-78.390	-18.539
6636	1663.000	-0.909	-0.595	0.000	-78.349	18.878
6652	1663.000	-0.809	-0.732	0.000	-78.941	5.782
6668	1663.000	-0.602	-0.686	0.000	-78.030	9.407
6684	1663.000	-1.025	-0.656	0.000	-80.422	14.800
6700	1663.000	-0.852	-0.925	0.000	-78.904	-13.560
6716	1663.000	-0.907	-0.641	0.000	-77.999	13.854
6732	1663.000	-0.978	-0.548	0.000	-79.136	24.299
6748	1663.000	-1.004	-0.866	0.000	-77.998	-8.571
6764	1663.000	-0.966	-0.644	0.000	-77.999	13.555
6780	1663.000	-1.043	-0.971	0.000	-80.722	-16.372
6796	1663.000	-0.990	-0.970	0.000	-77.998	-19.045
6812	1663.000	-0.981	-0.936	0.000	-77.998	-15.640
6828	1663.000	-0.986	-0.621	0.000	-79.067	16.920
6844	1663.000	-1.043	-1.007	0.000	-80.113	-20.546
6860	1663.000	-0.928	-0.612	0.000	-78.000	16.788
6876	1663.000	-0.972	-0.777	0.000	-78.702	1.049
7516	1663.000	-0.980	-0.704	0.000	-76.233	5.813
7532	1663.000	-0.709	-0.620	0.000	-75.235	13.270
7548	1663.000	-0.953	-0.708	0.000	-75.520	4.686
7564	1663.000	-0.947	-0.808	0.000	-76.744	-4.081
7580	1663.000	-0.892	-0.877	0.000	-75.235	-12.492
7596	1663.000	-0.995	-1.001	0.000	-75.953	-24.107
7612	1663.000	-1.033	-0.919	0.000	-77.371	-14.568
7628	1663.000	-0.920	-0.817	0.000	-75.276	-6.439
7644	1663.000	-0.941	-0.942	0.000	-77.132	-17.112
7660	1663.000	-0.931	-0.655	0.000	-75.235	9.770
7676	1663.000	-0.921	-0.825	0.000	-75.258	-7.198
7692	1663.000	-1.008	-0.939	0.000	-75.996	-17.936
7708	1663.000	-0.970	-0.750	0.000	-75.235	0.257
7724	1663.000	-0.971	-0.788	0.000	-75.609	-3.174
7740	1663.000	-0.114	3.966	0.000	-79.021	-24.380
7756	1663.000	-0.059	4.456	0.000	-75.578	21.182
7772	1663.000	-0.896	-0.553	0.000	-75.235	19.934
7788	1663.000	-0.875	-0.711	0.000	-75.920	4.790
7804	1663.000	-0.993	-0.968	0.000	-77.632	-19.203
7820	1663.000	-0.914	-0.541	0.000	-76.574	22.445
7836	1663.000	-0.932	-0.681	0.000	-76.695	8.584
7852	1663.000	-0.857	-0.839	0.000	-75.564	-8.326
7868	1663.000	-0.954	-0.705	0.000	-76.508	6.054
7884	1663.000	-0.800	-0.860	0.000	-77.029	-9.007
7900	1663.000	-0.956	-0.724	0.000	-76.419	4.011
7916	1663.000	-0.877	-0.781	0.000	-75.235	-2.835
7932	1663.000	-0.668	-0.649	0.000	-75.242	10.345
7948	1663.000	-0.990	-0.588	0.000	-76.136	17.351
7964	1663.000	-0.922	-0.727	0.000	-75.235	2.579
7980	1663.000	-0.647	-0.913	0.000	-75.235	-16.095
7996	1663.000	-0.915	-0.903	0.000	-75.235	-15.017
8012	1663.000	-0.924	-0.701	0.000	-75.235	5.119
8028	1663.000	-0.833	-0.509	0.000	-75.283	24.392
8044	1663.000	-0.922	-0.589	0.000	-76.011	17.089
8060	1663.000	-0.946	-0.758	0.000	-75.235	-0.530
8076	1663.000	-0.914	-0.526	0.000	-75.242	22.632
8092	1663.000	-1.045	-0.869	0.000	-78.104	-8.843
8108	1663.000	-0.954	-0.924	0.000	-75.235	-17.154
8124	1663.000	-0.939	-0.656	0.000	-76.676	11.118
8764	1663.000	-0.328	-0.171	0.000	-26.181	9.093
8780	1663.000	-0.320	-0.335	0.000	-26.271	-7.228
8796	1663.000	-0.348	-0.479	0.000	-26.099	-21.829
8812	1663.000	-0.335	-0.387	0.000	-26.069	-12.681
8828	1663.000	-0.271	-0.445	0.000	-26.100	-18.428
8844	1663.000	-0.280	-0.116	0.000	-26.072	14.452
8860	1663.000	-0.258	-0.133	0.000	-26.469	13.194
8876	1663.000	-0.330	-0.145	0.000	-26.064	11.583
8892	1663.000	-0.318	-0.159	0.000	-26.406	10.478
8908	1663.000	-0.310	-0.355	0.000	-26.592	-8.866
8924	1663.000	-0.358	-0.490	0.000	-26.439	-22.550
8940	1663.000	-0.278	-0.485	0.000	-26.368	-22.161
8956	1663.000	-0.350	-0.161	0.000	-26.464	10.333
8972	1663.000	-0.321	-0.114	0.000	-27.320	15.912
8988	1663.000	-0.297	-0.241	0.000	-26.313	2.182
9004	1663.000	-0.334	-0.346	0.000	-26.320	-8.295
9020	1663.000	-0.331	-0.487	0.000	-26.501	-22.219
9036	1663.000	-0.314	-0.207	0.000	-26.079	5.374
9052	1663.000	-0.316	-0.444	0.000	-26.235	-18.209
9068	1663.000	-0.338	-0.170	0.000	-26.460	9.436
9084	1663.000	-0.352	-0.377	0.000	-26.178	-11.514
9100	1663.000	-0.302	-0.074	0.000	-26.624	19.223
9116	1663.000	-0.308	-0.456	0.000	-26.287	-19.301
9132	1663.000	-0.361	-0.135	0.000	-26.072	12.604
9148	1663.000	-0.327	-0.080	0.000	-27.088	19.135
9164	1663.000	-0.311	-0.163	0.000	-26.066	9.735
9180	1663.000	-0.274	-0.067	0.000	-26.065	19.368
9196	1663.000	-0.390	-0.367	0.000	-26.697	-10.036
9212	1663.000	-0.324	-0.457	0.000	-26.066	-19.633
9228	1663.000	-0.336	-0.363	0.000	-26.275	-10.026
9244	1663.000	-0.319	-0.306	0.000	-26.562	-4.039
9260	1663.000	-0.284	-0.144	0.000	-26.147	11.768
9276	1663.000	-0.354	-0.293	0.000	-26.514	-2.764
9292	1663.000	-0.287	-0.211	0.000	-26.696	5.599
9308	1663.000	-0.367	-0.176	0.000	-26.403	8.815
9324	1663.000	-0.356	-0.426	0.000	-26.137	-16.493
9340	1663.000	-0.357	-0.511	0.000	-26.453	-24.621
9356	1663.000	-0.315	-0.132	0.000	-26.356	13.132
9372	1663.000	-0.322	-0.396	0.000	-26.329	-13.314
10012	1663.000	-0.371	-0.492	0.000	-31.416	-17.772
10028	1663.000	-0.384	-0.131	0.000	-31.447	18.311
10044	1663.000	-0.419	-0.350	0.000	-31.383	-3.587
10060	1663.000	-0.360	-0.150	0.000	-31.470	16.454
10076	1663.000	-0.360	-0.316	0.000	-31.315	-0.300
10092	1663.000	-0.468	-0.474	0.000	-31.613	-15.836
10108	1663.000	-0.361	-0.276	0.000	-31.482	3.884
10124	1663.000	-0.402	-0.229	0.000	-31.533	8.619
10140	1663.000	-0.365	-0.195	0.000	-31.613	12.065
10156	1663.000	-0.438	-0.523	0.000	-31.387	-20.885
10172	1663.000	-0.360	-0.120	0.000	-31.925	19.945
10188	1663.000	-0.387	-0.275	0.000	-31.465	3.960
10204	1663.000	-0.405	-0.426	0.000	-31.679	-10.937
10220	1663.000	-0.414	-0.384	0.000	-31.567	-6.813
10236	1663.000	-0.387	-0.247	0.000	-31.225	6.528
10252	1663.000	-0.464	-0.468	0.000	-32.355	-14.481
10268	1663.000	-0.425	-0.438	0.000	-31.260	-12.543
10284	1663.000	-0.397	-0.559	0.000	-31.410	-24.463
10300	1663.000	-0.422	-0.565	0.000	-32.064	-24.443
10316	1663.000	-0.462	-0.550	0.000	-31.521	-23.489
10332	1663.000	-0.342	-0.228	0.000	-32.297	9.520
10348	1663.000	-0.416	-0.411	0.000	-31.581	-9.496
10364	1663.000	-0.445	-0.544	0.000	-31.243	-23.110
10380	1663.000	-0.346	-0.411	0.000	-31.908	-9.183
10396	1663.000	-0.422	-0.384	0.000	-31.669	-6.695
10412	1663.000	-0.409	-0.366	0.000	-31.423	-5.157
10428	1663.000	-0.316	-0.117	0.000	-32.087	20.391
10444	1663.000	-0.372	-0.100	0.000	-32.022	21.981
10460	1663.000	-0.405	-0.477	0.000	-31.922	-15.811
10476	1663.000	-0.396	-0.238	0.000	-31.412	7.608
10492	1663.000	-0.428	-0.387	0.000	-31.512	-7.196
10508	1663.000	-0.362	-0.446	0.000	-31.590	-12.984
10524	1663.000	-0.432	-0.445	0.000	-31.230	-13.251
10540	1663.000	-0.392	-0.538	0.000	-31.225	-22.533
10556	1663.000	-0.410	-0.176	0.000	-31.476	13.881
10572	1663.000	-0.396	-0.263	0.000	-31.788	5.532
10588	1663.000	-0.424	-0.390	0.000	-31.438	-7.603
10604	1663.000	-0.381	-0.246	0.000	-31.638	6.994
10620	1663.000	-0.355	-0.161	0.000	-31.227	15.101
10636	1663.000	-0.334	-0.237	0.000	-31.235	7.507
11276	1663.000	-0.387	-0.331	0.000	-31.565	-1.577
11292	1663.000	-0.343	-0.094	0.000	-31.042	21.682
11308	1663.000	-0.364	-0.166	0.000	-30.518	13.965
11324	1663.000	-0.377	-0.231	0.000	-30.974	7.879
11340	1663.000	-0.357	-0.161	0.000	-30.608	14.553
11356	1663.000	-0.382	-0.110	0.000	-30.518	19.513
11372	1663.000	-0.382	-0.229	0.000	-31.448	8.518
11388	1663.000	-0.386	-0.533	0.000	-30.707	-22.605
11404	1663.000	-0.370	-0.500	0.000	-30.711	-19.244
11420	1663.000	-0.340	-0.140	0.000	-30.720	16.722
11436	1663.000	-0.421	-0.433	0.000	-30.716	-12.629
11452	1663.000	-0.359	-0.270	0.000	-30.711	3.738
11468	1663.000	-0.393	-0.336	0.000	-30.652	-2.946
11484	1663.000	-0.379	-0.216	0.000	-30.830	9.247
11500	1663.000	-0.349	-0.183	0.000	-30.711	12.389
11516	1663.000	-0.448	-0.262	0.000	-30.769	4.569
11532	1663.000	-0.426	-0.438	0.000	-30.857	-12.910
11548	1663.000	-0.355	-0.126	0.000	-31.516	18.892
11564	1663.000	-0.405	-0.485	0.000	-30.730	-17.807
11580	1663.000	-0.429	-0.405	0.000	-30.565	-9.985
11596	1663.000	-0.365	-0.510	0.000	-31.460	-19.499
11612	1663.000	-0.387	-0.319	0.000	-30.562	-1.331
11628	1663.000	-0.401	-0.408	0.000	-30.937	-9.872
11644	1663.000	-0.390	-0.456	0.000	-30.527	-15.090
11660	1663.000	-0.409	-0.453	0.000	-30.774	-14.544
11676	1663.000	-0.445	-0.295	0.000	-31.563	2.087
11692	1663.000	-0.392	-0.474	0.000	-30.641	-16.721
11708	1663.000	-0.353	-0.121	0.000	-30.691	18.563
11724	1663.000	-0.398	-0.421	0.000	-30.760	-11.291
11740	1663.000	-0.414	-0.403	0.000	-30.638	-9.618
11756	1663.000	-0.355	-0.416	0.000	-30.623	-10.958
11772	1663.000	-0.347	-0.278	0.000	-30.565	2.813
11788	1663.000	-0.377	-0.159	0.000	-30.811	14.959
11804	1663.000	-0.378	-0.309	0.000	-30.757	-0.103
11820	1663.000	-0.389	-0.146	0.000	-30.954	16.352
11836	1663.000	-0.335	-0.217	0.000	-30.629	8.945
11852	1663.000	-0.405	-0.293	0.000	-31.098	1.831
11868	1663.000	-0.365	-0.260	0.000	-30.935	4.934
11884	1663.000	-0.320	-0.141	0.000	-30.521	16.466
12524	1663.000	-0.286	-0.016	0.000	-25.071	23.491
12540	1663.000	-0.359	-0.304	0.000	-24.739	-5.687
12556	1663.000	-0.332	-0.420	0.000	-24.671	-17.294
12572	1663.000	-0.320	-0.375	0.000	-24.958	-12.556
12588	1663.000	-0.348	-0.222	0.000	-25.076	2.890
12604	1663.000	-0.351	-0.281	0.000	-24.897	-3.220
12620	1663.000	-0.367	-0.372	0.000	-25.368	-11.837
12636	1663.000	-0.364	-0.337	0.000	-24.806	-8.882
12652	1663.000	-0.344	-0.264	0.000	-24.705	-1.670
12668	1663.000	-0.315	-0.241	0.000	-24.735	0.621
12684	1663.000	-0.273	-0.317	0.000	-24.503	-7.159
12700	1663.000	-0.369	-0.429	0.000	-24.643	-18.262
12716	1663.000	-0.253	-0.250	0.000	-24.500	-0.548
12732	1663.000	-0.323	-0.292	0.000	-24.512	-4.675
12748	1663.000	-0.311	-0.023	0.000	-24.536	22.256
12764	1663.000	-0.331	-0.436	0.000	-24.772	-18.803
12780	1663.000	-0.304	-0.159	0.000	-24.498	8.582
12796	1663.000	-0.320	-0.153	0.000	-24.502	9.225
12812	1663.000	-0.272	-0.096	0.000	-25.328	15.763
12828	1663.000	-0.320	-0.263	0.000	-24.500	-1.767
12844	1663.000	-0.283	-0.135	0.000	-24.498	10.988
12860	1663.000	-0.349	-0.139	0.000	-24.758	10.906
12876	1663.000	-0.277	-0.313	0.000	-24.514	-6.784
12892	1663.000	-0.252	0.004	0.000	-24.574	24.962
12908	1663.000	-0.331	-0.253	0.000	-24.687	-0.649
12924	1663.000	-0.350	-0.377	0.000	-24.893	-12.763
12940	1663.000	-0.329	-0.346	0.000	-25.310	-9.289
12956	1663.000	-0.301	-0.022	0.000	-24.498	22.335
12972	1663.000	-0.312	-0.255	0.000	-24.763	-0.721
12988	1663.000	-0.273	-0.028	0.000	-24.849	22.091
13004	1663.000	-0.336	-0.470	0.000	-25.285	-21.682
13020	1663.000	-0.279	-0.192	0.000	-24.759	5.605
13036	1663.000	-0.331	-0.437	0.000	-24.511	-19.200
13052	1663.000	-0.329	-0.296	0.000	-25.291	-4.304
13068	1663.000	-0.319	-0.144	0.000	-25.062	10.620
13084	1663.000	-0.287	-0.427	0.000	-24.505	-18.208
13100	1663.000	-0.293	-0.397	0.000	-25.134	-14.521
13116	1663.000	-0.286	-0.338	0.000	-24.690	-9.125
13132	1663.000	-0.343	-0.178	0.000	-24.707	6.956
13772	1663.000	-1.096	-0.923	0.000	-81.397	-10.876
13788	1663.000	-0.984	-0.996	0.000	-77.274	-22.348
13804	1663.000	-0.979	-0.881	0.000	-77.316	-10.786
13820	1663.000	-0.983	-0.579	0.000	-78.536	20.647
13836	1663.000	-0.953	-0.659	0.000	-77.310	11.452
13852	1663.000	-0.991	-0.734	0.000	-78.823	5.375
13868	1663.000	-0.951	-0.720	0.000	-79.347	7.342
13884	1663.000	-0.932	-0.885	0.000	-77.274	-11.216
13900	1663.000	-0.953	-0.546	0.000	-77.589	22.950
13916	1663.000	-0.990	-0.751	0.000	-77.559	2.426
13932	1663.000	-1.002	-1.012	0.000	-79.489	-21.670
13948	1663.000	-0.944	-0.754	0.000	-77.274	1.834
13964	1663.000	-1.014	-1.000	0.000	-78.307	-21.683
13980	1663.000	-1.066	-0.856	0.000	-81.403	-4.163
13996	1663.000	-0.973	-0.644	0.000	-78.048	13.642
14012	1663.000	-1.049	-0.957	0.000	-80.019	-15.650
14028	1663.000	-0.987	-0.785	0.000	-78.925	0.461
14044	1663.000	-0.990	-0.634	0.000	-79.403	16.045
14060	1663.000	-0.790	-0.633	0.000	-77.289	13.993
14076	1663.000	-0.984	-0.862	0.000	-77.315	-8.840
14092	1663.000	-0.976	-0.744	0.000	-77.305	2.880
14108	1663.000	-1.003	-0.928	0.000	-78.180	-14.616
14124	1663.000	-0.063	4.305	0.000	-77.309	7.775
14140	1663.000	-1.059	-1.005	0.000	-78.715	-21.742
14156	1663.000	-0.989	-1.005	0.000	-77.315	-23.219
14172	1663.000	-0.888	-0.557	0.000	-77.626	21.923
14188	1663.000	-1.020	-0.840	0.000	-77.983	-5.973
14204	1663.000	-0.977	-0.682	0.000	-77.274	9.074
14220	1663.000	-1.012	-0.906	0.000	-77.322	-13.297
14236	1663.000	-0.999	-0.803	0.000	-79.200	-1.106
14252	1663.000	-0.968	-0.539	0.000	-77.274	23.366
14268	1663.000	-0.922	-0.695	0.000	-77.972	8.506
14284	1663.000	-0.827	-0.580	0.000	-77.972	19.954
14300	1663.000	-0.858	-0.695	0.000	-78.519	9.064
14316	1663.000	-0.968	-1.016	0.000	-77.328	-24.260
14332	1663.000	-0.970	-0.551	0.000	-77.289	22.208
14348	1663.000	-0.995	-0.843	0.000	-78.836	-5.482
14364	1663.000	-0.944	-0.702	0.000	-77.274	7.054
14380	1663.000	-1.026	-0.952	0.000	-77.315	-17.910
12	1664.000	-0.574	-0.746	0.000	-73.876	-0.757
28	1664.000	-0.924	-0.762	0.000	-73.913	-2.267
44	1664.000	-0.892	-0.988	0.000	-74.869	-23.948
60	1664.000	-0.969	-0.640	0.000	-74.644	10.628
76	1664.000	-0.796	-0.933	0.000	-73.615	-19.719
92	1664.000	-0.934	-0.515	0.000	-73.909	22.365
108	1664.000	-0.963	-0.638	0.000	-75.835	12.043
124	1664.000	-0.921	-0.565	0.000	-74.419	17.882
140	1664.000	-0.864	-0.767	0.000	-73.669	-3.035
156	1664.000	-0.916	-0.670	0.000	-73.947	6.974
172	1664.000	-0.908	-0.589	0.000	-74.419	15.510
188	1664.000	-0.903	-0.585	0.000	-73.657	15.112
204	1664.000	-0.385	4.323	1.000	-73.615	5.921
220	1664.000	-0.912	-0.565	0.000	-76.645	20.177
236	1664.000	-0.855	-0.629	0.000	-73.615	10.681
252	1664.000	-0.863	-0.506	0.000	-73.627	23.036
268	1664.000	-0.889	-0.514	0.000	-75.064	23.707
284	1664.000	-0.925	-0.648	0.000	-73.615	8.805
300	1664.000	-0.885	-0.756	0.000	-73.652	-1.900
316	1664.000	-0.915	-0.684	0.000	-73.652	5.277
332	1664.000	-0.852	-0.736	0.000	-73.615	-0.015
348	1664.000	-0.898	-0.649	0.000	-73.615	8.727
364	1664.000	-0.896	-0.597	0.000	-74.518	14.831
380	1664.000	-0.952	-0.593	0.000	-75.802	16.497
396	1664.000	-0.964	-0.862	0.000	-75.319	-10.915
412	1664.000	0.736	4.203	0.000	-75.165	-4.580
428	1664.000	-1.006	-0.805	0.000	-77.236	-3.253
444	1664.000	-0.948	-0.981	0.000	-75.064	-23.084
460	1664.000	-0.814	-0.895	0.000	-73.615	-15.932
476	1664.000	-0.838	-0.613	0.000	-74.258	12.969
492	1664.000	-0.793	-0.609	0.000	-80.087	19.147
508	1664.000	-0.893	-0.965	0.000	-73.629	-22.873
524	1664.000	-0.872	-0.740	0.000	-73.636	-0.336
540	1664.000	-0.795	-0.802	0.000	-75.717	-4.437
556	1664.000	-0.907	-0.555	0.000	-73.615	18.163
572	1664.000	-0.899	-0.845	0.000	-73.644	-10.900
588	1664.000	-0.894	-0.605	0.000	-74.158	13.634
604	1664.000	-0.897	-0.961	0.000	-73.615	-22.435
620	1664.000	-0.889	-0.622	0.033	-74.211	-4.256
1260	1664.000	-0.300	-0.262	0.000	-23.156	-3.051
1276	1664.000	-0.235	-0.168	0.000	-23.029	6.230
1292	1664.000	-0.289	-0.303	0.000	-22.888	-7.398
1308	1664.000	-0.346	-0.437	0.000	-22.667	-20.996
1324	1664.000	-0.232	-0.183	0.000	-22.842	4.563
1340	1664.000	-0.282	-0.140	0.000	-22.757	8.754
1356	1664.000	-0.312	-0.461	0.000	-22.607	-23.526
1372	1664.000	-0.250	-0.173	0.000	-23.009	5.743
1388	1664.000	-0.338	-0.461	0.000	-23.571	-22.576
1404	1664.000	-0.333	-0.331	0.000	-22.732	-10.407
1420	1664.000	-0.283	-0.264	0.000	-22.597	-3.765
1436	1664.000	-0.337	-0.405	0.000	-22.756	-17.762
1452	1664.000	-0.300	-0.318	0.000	-22.768	-9.059
1468	1664.000	-0.316	-0.333	0.000	-22.729	-10.534
1484	1664.000	-0.307	-0.184	0.000	-22.762	4.373
1500	1664.000	-0.294	-0.136	0.000	-22.930	9.297
1516	1664.000	-0.300	-0.206	0.000	-22.733	2.169
1532	1664.000	-0.285	-0.387	0.000	-22.601	-16.125
1548	1664.000	-0.250	-0.464	0.000	-22.869	-23.566
1564	1664.000	-0.312	-0.293	0.000	-22.827	-6.429
1580	1664.000	-0.237	-0.174	0.000	-22.602	5.186
1596	1664.000	-0.303	-0.460	0.000	-22.741	-23.245
1612	1664.000	-0.239	-0.154	0.000	-23.985	8.595
1628	1664.000	-0.265	-0.025	0.000	-22.890	20.387
1644	1664.000	-0.229	-0.341	0.000	-22.751	-11.394
1660	1664.000	-0.292	-0.312	0.000	-23.012	-8.153
1676	1664.000	-0.297	-0.054	0.000	-22.829	17.433
1692	1664.000	-0.293	-0.105	0.000	-22.913	12.441
1708	1664.000	-0.321	-0.179	0.000	-22.855	5.002
1724	1664.000	-0.275	0.125	0.027	-22.760	21.568
1740	1664.000	-0.329	-0.157	0.000	-23.144	7.453
1756	1664.000	-0.325	-0.335	0.000	-22.599	-10.878
1772	1664.000	-0.288	-0.002	0.000	-22.763	22.540
1788	1664.000	-0.233	-0.123	0.000	-22.923	10.625
1804	1664.000	-0.308	-0.462	0.000	-22.599	-23.597
1820	1664.000	-0.303	-0.199	0.000	-22.664	2.743
1836	1664.000	-0.245	-0.262	0.000	-22.807	-3.370
1852	1664.000	-0.284	-0.006	0.000	-22.795	22.179
1868	1664.000	-0.296	-0.331	0.000	-23.396	-9.748
2508	1664.000	-0.360	-0.104	0.000	-30.572	20.145
2524	1664.000	-0.352	-0.258	0.000	-30.735	4.903
2540	1664.000	-0.353	-0.179	0.026	-30.615	-0.479
2556	1664.000	-0.422	-0.374	0.000	-30.392	-6.968
2572	1664.000	-0.375	-0.396	0.000	-30.776	-8.830
2588	1664.000	-0.349	-0.474	0.000	-30.391	-16.963
2604	1664.000	-0.350	-0.126	0.000	-30.919	18.369
2620	1664.000	-0.363	-0.295	0.000	-30.673	1.124
2636	1664.000	-0.337	-0.105	0.000	-30.334	19.815
2652	1664.000	-0.404	-0.266	0.000	-30.746	4.118
2668	1664.000	-0.376	-0.350	0.000	-30.708	-4.324
2684	1664.000	-0.390	-0.114	0.000	-30.576	19.130
2700	1664.000	-0.332	-0.166	0.000	-30.333	13.711
2716	1664.000	-0.395	-0.197	0.000	-30.633	10.917
2732	1664.000	-0.374	-0.506	0.000	-30.828	-19.802
2748	1664.000	-0.343	-0.168	0.000	-31.180	14.411
2764	1664.000	-0.395	-0.133	0.000	-30.547	17.266
2780	1664.000	-0.345	-0.161	0.000	-30.261	14.140
2796	1664.000	-0.428	-0.234	0.000	-30.806	7.397
2812	1664.000	-0.387	-0.257	0.000	-30.354	4.672
2828	1664.000	-0.387	-0.352	0.000	-30.263	-4.959
2844	1664.000	-0.400	-0.399	0.000	-30.634	-9.254
2860	1664.000	-0.385	-0.494	0.000	-30.563	-18.845
2876	1664.000	-0.384	-0.358	0.005	-30.261	-7.864
2892	1664.000	-0.395	-0.138	0.000	-30.439	16.619
2908	1664.000	-0.412	-0.285	0.000	-30.961	2.501
2924	1664.000	-0.327	-0.180	0.000	-30.268	12.294
2940	1664.000	-0.411	-0.232	0.033	-30.641	-9.010
2956	1664.000	-0.399	-0.291	0.000	-30.358	1.292
2972	1664.000	-0.379	0.073	0.036	-30.268	19.619
2988	1664.000	-0.362	-0.312	0.000	-31.004	-0.209
3004	1664.000	-0.375	-0.309	0.000	-30.520	-0.369
3020	1664.000	-0.387	-0.244	0.000	-30.454	6.080
3036	1664.000	-0.369	-0.203	0.000	-30.871	10.601
3052	1664.000	-0.400	-0.444	0.000	-30.409	-13.950
3068	1664.000	-0.394	-0.474	0.000	-30.407	-16.950
3084	1664.000	-0.375	-0.121	0.000	-30.723	18.656
3100	1664.000	-0.368	-0.412	0.000	-30.479	-10.758
3116	1664.000	-0.395	-0.543	0.000	-31.057	-23.281
3756	1664.000	-0.368	-0.327	0.000	-29.941	-2.739
3772	1664.000	-0.412	-0.455	0.000	-29.975	-15.494
3788	1664.000	-0.349	-0.397	0.000	-30.027	-9.701
3804	1664.000	-0.393	-0.457	0.000	-30.262	-15.422
3820	1664.000	-0.371	-0.198	0.000	-30.260	10.421
3836	1664.000	-0.391	-0.397	0.020	-30.056	-19.550
3852	1664.000	-0.391	-0.527	0.000	-30.400	-22.250
3868	1664.000	-0.451	-0.464	0.000	-30.467	-15.926
3884	1664.000	-0.382	-0.347	0.000	-30.249	-4.449
3900	1664.000	-0.362	-0.124	0.000	-30.071	17.686
3916	1664.000	-0.394	-0.405	0.000	-30.656	-9.859
3932	1664.000	-0.379	-0.327	0.000	-30.187	-2.559
3948	1664.000	-0.373	-0.117	0.000	-30.014	18.295
3964	1664.000	-0.337	-0.086	0.000	-30.744	22.189
3980	1664.000	-0.367	-0.152	0.000	-30.233	15.028
3996	1664.000	-0.385	-0.300	0.000	-30.715	0.679
4012	1664.000	-0.368	-0.202	0.000	-30.366	10.154
4028	1664.000	-0.397	-0.438	0.000	-30.054	-13.755
4044	1664.000	-0.377	-0.522	0.000	-30.565	-21.648
4060	1664.000	-0.302	-0.074	0.000	-30.145	22.782
4076	1664.000	-0.340	-0.225	0.000	-29.951	7.438
4092	1664.000	-0.395	-0.518	0.000	-30.411	-21.345
4108	1664.000	-0.324	-0.263	0.000	-30.083	3.787
4124	1664.000	-0.364	-0.279	0.000	-30.537	2.650
4140	1664.000	-0.382	-0.218	0.000	-30.079	8.267
4156	1664.000	-0.312	-0.132	0.000	-30.133	16.938
4172	1664.000	-0.371	-0.171	0.000	-30.517	13.384
4188	1664.000	-0.329	-0.357	0.000	-30.127	-5.605
4204	1664.000	-0.382	-0.506	0.000	-30.341	-20.285
4220	1664.000	-0.350	-0.092	0.000	-30.036	20.812
4236	1664.000	-0.340	-0.150	0.000	-29.871	14.878
4252	1664.000	-0.350	-0.285	0.000	-30.145	1.675
4268	1664.000	-0.382	-0.174	0.000	-29.864	12.427
4284	1664.000	-0.365	-0.379	0.000	-30.034	-7.818
4300	1664.000	-0.324	-0.092	0.000	-30.335	21.104
4316	1664.000	-0.335	-0.121	0.052	-29.864	-8.275
4332	1664.000	-0.409	-0.532	0.000	-30.124	-23.066
4348	1664.000	-0.367	-0.050	0.000	-29.992	24.986
4364	1664.000	-0.362	-0.485	0.000	-30.018	-18.508
5020	1664.000	-0.258	-0.091	0.000	-21.923	12.862
5036	1664.000	-0.195	-0.031	0.000	-21.557	18.502
5052	1664.000	-0.244	-0.065	0.000	-21.563	15.014
5068	1664.000	-0.223	-0.249	0.000	-21.776	-3.163
5084	1664.000	-0.341	-0.068	0.000	-21.781	14.978
5100	1664.000	-0.313	-0.354	0.000	-21.559	-13.837
5116	1664.000	-0.267	-0.272	0.000	-21.652	-5.536
5132	1664.000	-0.282	-0.376	0.000	-21.786	-15.815
5148	1664.000	-0.294	-0.350	0.000	-21.750	-13.202
5164	1664.000	-0.283	0.007	0.000	-22.138	22.868
5180	1664.000	-0.327	-0.349	0.000	-21.895	-12.968
5196	1664.000	-0.305	-0.147	0.000	-21.740	7.003
5212	1664.000	-0.274	-0.205	0.000	-22.521	1.978
5228	1664.000	-0.198	-0.014	0.000	-21.645	20.214
5244	1664.000	-0.294	-0.171	0.000	-21.790	4.707
5260	1664.000	-0.270	-0.056	0.000	-22.272	16.637
5276	1664.000	-0.289	-0.414	0.000	-21.800	-19.624
5292	1664.000	-0.279	-0.027	0.000	-22.075	19.347
5308	1664.000	-0.293	-0.119	0.000	-21.552	9.658
5324	1664.000	-0.252	-0.146	0.000	-21.977	7.388
5340	1664.000	-0.283	-0.083	0.000	-21.623	13.287
5356	1664.000	-0.307	-0.120	0.000	-22.033	10.049
5372	1664.000	-0.211	-0.121	0.000	-21.698	9.598
5388	1664.000	-0.269	-0.077	0.000	-21.723	13.985
5404	1664.000	-0.264	-0.143	0.000	-22.495	8.232
5420	1664.000	-0.258	-0.429	0.000	-21.704	-21.187
5436	1664.000	-0.279	-0.292	0.000	-21.555	-7.636
5452	1664.000	-0.236	-0.125	0.000	-21.956	9.406
5468	1664.000	-0.291	-0.363	0.000	-21.556	-14.762
5484	1664.000	-0.221	0.273	0.059	-21.552	19.461
5500	1664.000	-0.242	-0.135	0.000	-21.861	8.409
5516	1664.000	-0.262	-0.041	0.000	-21.651	17.587
5532	1664.000	-0.288	-0.297	0.000	-21.646	-8.014
5548	1664.000	-0.253	-0.122	0.000	-21.814	9.597
5564	1664.000	-0.257	-0.340	0.000	-21.651	-12.303
5580	1664.000	-0.282	-0.149	0.000	-21.779	6.835
5596	1664.000	-0.233	0.024	0.000	-21.832	24.251
5612	1664.000	-0.250	-0.005	0.000	-21.558	21.027
5628	1664.000	-0.235	-0.160	0.000	-21.555	5.512
6268	1664.000	-0.938	-0.754	0.000	-77.058	1.617
6284	1664.000	-0.918	-0.826	0.000	-76.156	-6.447
6300	1664.000	-0.917	-0.706	0.000	-76.155	5.549
6316	1664.000	-0.872	-0.545	0.000	-76.156	21.636
6332	1664.000	-0.928	-0.621	0.000	-76.778	14.676
6348	1664.000	-0.910	-0.720	0.000	-76.155	4.179
6364	1664.000	-0.950	-0.745	0.000	-76.156	1.633
6380	1664.000	-1.024	-1.016	0.000	-77.467	-24.102
6396	1664.000	-0.942	-0.661	0.000	-78.492	12.391
6412	1664.000	-0.974	-0.802	0.000	-76.756	-3.440
6428	1664.000	-0.939	-0.625	0.000	-76.175	13.629
6444	1664.000	-0.964	-0.565	0.000	-78.137	21.686
6460	1664.000	-1.018	-0.922	0.000	-78.532	-13.684
6476	1664.000	-0.882	-0.517	0.000	-76.175	24.511
6492	1664.000	-1.013	-0.791	0.000	-78.142	-0.934
6508	1664.000	-0.900	-0.641	0.000	-77.124	13.058
6524	1664.000	-0.919	-0.552	0.000	-77.767	22.596
6540	1664.000	-0.896	-0.745	0.000	-76.155	1.668
6556	1664.000	-0.889	-0.629	0.000	-76.910	14.038
6572	1664.000	-0.969	-0.635	0.000	-78.914	15.415
6588	1664.000	-0.923	-0.777	0.000	-76.779	-0.891
6604	1664.000	-0.943	-1.004	0.000	-76.810	-23.635
6620	1664.000	-0.935	-0.627	0.000	-76.510	13.819
6636	1664.000	-0.867	-0.531	0.000	-76.473	23.407
6652	1664.000	-0.793	-0.789	0.000	-77.008	-1.926
6668	1664.000	-0.621	-0.733	0.000	-76.184	2.905
6684	1664.000	-0.974	-0.746	0.000	-78.349	3.767
6700	1664.000	-0.821	-0.727	0.000	-76.975	4.321
6716	1664.000	-0.867	-0.593	0.000	-76.156	16.825
6732	1664.000	-0.967	-0.840	0.000	-77.185	-6.802
6748	1664.000	-0.961	-0.886	0.000	-76.155	-12.441
6764	1664.000	-0.926	-0.535	0.000	-77.146	23.651
6780	1664.000	-0.972	-0.738	0.000	-78.620	4.852
6796	1664.000	-0.952	-0.870	0.000	-76.155	-10.861
6812	1664.000	-0.437	4.328	1.000	-76.155	9.001
6828	1664.000	-0.958	-0.694	0.000	-77.122	7.683
6844	1664.000	-0.971	-0.642	0.000	-78.068	13.827
6860	1664.000	-0.888	-0.749	0.000	-76.157	1.253
6876	1664.000	-0.910	-0.627	0.000	-76.792	14.069
7516	1664.000	-0.939	-0.748	0.000	-73.067	-1.760
7532	1664.000	-0.747	-0.934	0.000	-72.164	-21.227
7548	1664.000	-0.931	-0.913	0.000	-72.422	-18.848
7564	1664.000	-0.914	-0.766	0.000	-73.530	-3.084
7580	1664.000	-0.899	-0.943	0.000	-72.164	-22.127
7596	1664.000	-0.974	-0.816	0.000	-72.814	-8.779
7612	1664.000	-0.950	-0.509	0.000	-74.098	23.225
7628	1664.000	-0.913	-0.824	0.000	-72.201	-10.176
7644	1664.000	-0.900	-0.747	0.000	-73.881	-0.832
7660	1664.000	-0.930	-0.880	0.000	-72.164	-15.832
7676	1664.000	-0.912	-0.962	0.000	-72.185	-24.034
7692	1664.000	-0.952	-0.752	0.000	-72.853	-2.349
7708	1664.000	-0.956	-0.812	0.000	-72.164	-9.085
7724	1664.000	-0.928	-0.773	0.000	-72.503	-4.806
7740	1664.000	0.683	4.429	0.000	-75.590	18.510
7756	1664.000	0.718	4.182	0.000	-72.475	-9.320
7772	1664.000	-0.843	-0.535	0.000	-72.164	18.705
7788	1664.000	-0.881	-0.897	0.000	-72.784	-16.935
7804	1664.000	-0.974	-0.833	0.000	-74.334	-8.968
7820	1664.000	-0.868	-0.601	0.000	-73.376	13.233
7836	1664.000	-0.885	-0.784	0.000	-73.486	-4.932
7852	1664.000	-0.835	-0.553	0.000	-72.463	17.175
7868	1664.000	-0.917	-0.771	0.000	-73.317	-3.800
7884	1664.000	-0.770	-0.745	0.000	-73.788	-0.743
7900	1664.000	-0.908	-0.831	0.000	-73.236	-9.834
7916	1664.000	-0.822	-0.625	0.000	-72.164	9.675
7932	1664.000	-0.684	-0.630	0.000	-72.171	9.141
7948	1664.000	-0.950	-0.824	0.000	-72.980	-9.378
7964	1664.000	-0.856	-0.482	0.000	-72.164	23.944
7980	1664.000	-0.661	-0.797	0.000	-72.164	-7.524
7996	1664.000	-0.867	-0.779	0.000	-72.164	-5.715
8012	1664.000	-0.901	-0.631	0.000	-72.164	9.065
8028	1664.000	-0.812	-0.731	0.000	-72.208	-0.903
8044	1664.000	-0.876	-0.805	0.000	-72.867	-7.647
8060	1664.000	-0.912	-0.920	0.000	-72.164	-19.874
8076	1664.000	-0.874	-0.706	0.000	-72.171	1.536
8092	1664.000	-1.016	-0.941	0.000	-74.760	-19.387
8108	1664.000	-0.924	-0.914	0.000	-72.164	-19.188
8124	1664.000	-0.869	-0.571	0.000	-73.469	16.381
8764	1664.000	-0.292	-0.060	0.000	-25.106	19.117
8780	1664.000	-0.335	-0.388	0.000	-25.188	-13.585
8796	1664.000	-0.348	-0.327	0.000	-25.032	-7.696
8812	1664.000	-0.331	-0.381	0.000	-25.005	-13.069
8828	1664.000	-0.283	-0.195	0.000	-25.033	5.583
8844	1664.000	-0.303	-0.481	0.000	-25.007	-23.045
8860	1664.000	-0.254	-0.160	0.000	-25.367	9.333
8876	1664.000	-0.344	-0.480	0.000	-25.000	-22.983
8892	1664.000	-0.278	-0.115	0.000	-25.310	13.847
8908	1664.000	-0.342	-0.482	0.000	-25.478	-22.713
8924	1664.000	-0.314	-0.022	0.000	-25.340	23.105
8940	1664.000	-0.262	-0.147	0.000	-25.276	10.625
8956	1664.000	-0.320	-0.190	0.000	-25.362	6.398
8972	1664.000	-0.306	-0.113	0.000	-26.137	14.873
8988	1664.000	-0.268	-0.072	0.000	-25.226	17.980
9004	1664.000	-0.327	-0.338	0.000	-25.232	-8.535
9020	1664.000	-0.303	-0.064	0.000	-25.395	18.973
9036	1664.000	-0.295	-0.004	0.000	-25.014	24.620
9052	1664.000	-0.282	-0.042	0.000	-25.155	20.942
9068	1664.000	-0.287	-0.013	0.000	-25.359	24.025
9084	1664.000	-0.343	-0.435	0.000	-25.103	-18.439
9100	1664.000	-0.313	-0.422	0.000	-25.507	-16.710
9116	1664.000	-0.275	-0.198	0.000	-25.202	5.397
9132	1664.000	-0.333	-0.205	0.000	-25.007	4.510
9148	1664.000	-0.288	-0.013	0.000	-25.927	24.630
9164	1664.000	-0.335	-0.450	0.000	-25.002	-20.033
9180	1664.000	-0.270	-0.364	0.000	-25.001	-11.417
9196	1664.000	-0.366	-0.452	0.000	-25.573	-19.631
9212	1664.000	-0.330	-0.499	0.000	-25.002	-24.896
9228	1664.000	-0.304	-0.203	0.000	-25.192	4.891
9244	1664.000	-0.285	-0.085	0.000	-25.451	16.928
9260	1664.000	-0.282	-0.164	0.000	-25.076	8.695
9276	1664.000	-0.341	-0.234	0.000	-25.407	1.977
9292	1664.000	-0.258	-0.046	0.000	-25.572	20.996
9308	1664.000	-0.309	-0.040	0.000	-25.307	21.350
9324	1664.000	-0.321	-0.253	0.000	-25.066	-0.227
9340	1664.000	-0.361	-0.426	0.000	-25.352	-17.284
9356	1664.000	-0.296	-0.093	0.000	-25.265	15.940
9372	1664.000	-0.290	-0.192	0.000	-25.240	6.076
10012	1664.000	-0.364	-0.190	0.000	-30.124	11.084
10028	1664.000	-0.398	-0.477	0.000	-30.152	-17.521
10044	1664.000	-0.405	-0.326	0.000	-30.093	-2.465
10060	1664.000	-0.343	-0.327	0.000	-30.172	-2.508
10076	1664.000	-0.324	-0.230	0.000	-30.032	7.036
10092	1664.000	-0.424	-0.189	0.000	-30.302	11.373
10108	1664.000	-0.379	-0.465	0.000	-30.184	-16.272
10124	1664.000	-0.392	-0.453	0.000	-30.230	-15.062
10140	1664.000	-0.386	-0.430	0.000	-30.302	-12.692
10156	1664.000	-0.453	-0.510	0.000	-30.097	-20.853
10172	1664.000	-0.320	-0.169	0.000	-30.584	13.699
10188	1664.000	-0.354	-0.141	0.000	-30.168	16.074
10204	1664.000	-0.391	-0.122	0.000	-30.361	18.192
10220	1664.000	-0.406	-0.307	0.000	-30.260	-0.430
10236	1664.000	-0.395	-0.459	0.000	-29.951	-15.913
10252	1664.000	-0.445	-0.488	0.000	-30.973	-17.852
10268	1664.000	-0.392	-0.373	0.000	-29.982	-7.300
10284	1664.000	-0.378	-0.169	0.000	-30.118	13.230
10300	1664.000	-0.434	-0.522	0.000	-30.710	-21.465
10316	1664.000	-0.436	-0.411	0.000	-30.219	-10.845
10332	1664.000	-0.346	-0.545	0.000	-30.921	-23.566
10348	1664.000	-0.420	-0.364	0.000	-30.273	-6.131
10364	1664.000	-0.431	-0.245	0.000	-29.967	5.483
10380	1664.000	-0.318	-0.220	0.000	-30.569	8.600
10396	1664.000	-0.406	-0.279	0.000	-30.353	2.431
10412	1664.000	-0.380	-0.152	0.000	-30.130	14.959
10428	1664.000	-0.330	-0.530	0.000	-30.731	-22.261
10444	1664.000	-0.362	-0.289	0.000	-30.672	1.809
10460	1664.000	-0.405	-0.326	0.000	-30.581	-1.977
10476	1664.000	-0.374	-0.063	0.000	-30.120	23.799
10492	1664.000	-0.389	-0.076	0.000	-30.210	22.604
10508	1664.000	-0.372	-0.397	0.000	-30.281	-9.401
10524	1664.000	-0.437	-0.463	0.000	-29.956	-16.391
10540	1664.000	-0.352	-0.059	0.000	-29.951	24.054
10556	1664.000	-0.361	-0.117	0.000	-30.178	18.430
10572	1664.000	-0.371	-0.093	0.000	-30.460	21.168
10588	1664.000	-0.369	-0.078	0.000	-30.143	22.368
10604	1664.000	-0.383	-0.261	0.000	-30.324	4.269
10620	1664.000	-0.350	-0.549	0.000	-29.953	-24.921
10636	1664.000	-0.350	-0.441	0.000	-29.959	-14.125
11276	1664.000	-0.353	-0.276	0.000	-30.220	2.616
11292	1664.000	-0.354	-0.412	0.000	-29.747	-11.466
11308	1664.000	-0.345	-0.222	0.000	-29.273	7.091
11324	1664.000	-0.363	-0.477	0.000	-29.685	-17.983
11340	1664.000	-0.320	-0.100	0.000	-29.354	19.311
11356	1664.000	-0.377	-0.191	0.000	-29.273	10.199
11372	1664.000	-0.391	-0.383	0.000	-30.114	-8.170
11388	1664.000	-0.347	-0.208	0.000	-29.444	8.594
11404	1664.000	-0.384	-0.513	0.000	-29.447	-21.881
11420	1664.000	-0.350	-0.511	0.000	-29.456	-21.662
11436	1664.000	-0.397	-0.270	0.000	-29.451	2.430
11452	1664.000	-0.376	-0.432	0.000	-29.447	-13.750
11468	1664.000	-0.382	-0.353	0.000	-29.394	-5.894
11484	1664.000	-0.380	-0.481	0.000	-29.555	-18.574
11500	1664.000	-0.345	-0.236	0.000	-29.447	5.846
11516	1664.000	-0.431	-0.214	0.000	-29.500	8.097
11532	1664.000	-0.404	-0.479	0.000	-29.579	-18.284
11548	1664.000	-0.332	-0.077	0.000	-30.175	22.426
11564	1664.000	-0.414	-0.439	0.000	-29.465	-14.438
11580	1664.000	-0.367	-0.080	0.000	-29.315	21.348
11596	1664.000	-0.354	-0.349	0.000	-30.125	-4.743
11612	1664.000	-0.363	-0.291	0.000	-29.313	0.252
11628	1664.000	-0.423	-0.515	0.000	-29.651	-21.850
11644	1664.000	-0.395	-0.491	0.000	-29.281	-19.813
11660	1664.000	-0.422	-0.521	0.000	-29.505	-22.546
11676	1664.000	-0.416	-0.158	0.000	-30.218	14.384
11692	1664.000	-0.345	-0.142	0.000	-29.384	15.146
11708	1664.000	-0.320	-0.046	0.000	-29.429	24.842
11724	1664.000	-0.384	-0.500	0.000	-29.491	-20.498
11740	1664.000	-0.384	-0.130	0.000	-29.382	16.423
11756	1664.000	-0.332	-0.224	0.000	-29.367	7.000
11772	1664.000	-0.341	-0.357	0.000	-29.315	-6.421
11788	1664.000	-0.359	-0.115	0.000	-29.538	18.080
11804	1664.000	-0.377	-0.314	0.000	-29.489	-1.895
11820	1664.000	-0.403	-0.451	0.000	-29.667	-15.384
11836	1664.000	-0.356	-0.427	0.000	-29.373	-13.329
11852	1664.000	-0.392	-0.339	0.000	-29.798	-4.106
11868	1664.000	-0.385	-0.435	0.000	-29.650	-13.808
11884	1664.000	-0.319	-0.318	0.000	-29.275	-2.479
12524	1664.000	-0.268	-0.260	0.000	-24.017	-2.009
12540	1664.000	-0.314	-0.200	0.000	-23.716	3.704
12556	1664.000	-0.279	-0.074	0.000	-23.655	16.214
12572	1664.000	-0.311	-0.321	0.000	-23.914	-8.213
12588	1664.000	-0.337	-0.330	0.000	-24.021	-8.960
12604	1664.000	-0.315	-0.242	0.000	-23.860	-0.359
12620	1664.000	-0.358	-0.444	0.000	-24.285	-20.089
12636	1664.000	-0.341	-0.210	0.000	-23.777	2.799
12652	1664.000	-0.298	-0.060	0.000	-23.685	17.661
12668	1664.000	-0.304	-0.360	0.000	-23.713	-12.299
12684	1664.000	-0.280	-0.330	0.000	-23.503	-9.525
12700	1664.000	-0.330	-0.005	0.000	-23.629	23.146
12716	1664.000	-0.257	-0.349	0.000	-23.500	-11.431
12732	1664.000	-0.319	-0.467	0.000	-23.511	-23.176
12748	1664.000	-0.332	-0.375	0.000	-23.533	-14.010
12764	1664.000	-0.294	-0.183	0.000	-23.746	5.461
12780	1664.000	-0.258	-0.011	0.000	-23.498	22.415
12796	1664.000	-0.326	-0.387	0.000	-23.501	-15.247
12812	1664.000	-0.252	-0.168	0.000	-24.250	7.432
12828	1664.000	-0.296	-0.096	0.000	-23.500	13.934
12844	1664.000	-0.307	-0.418	0.000	-23.498	-18.328
12860	1664.000	-0.337	-0.410	0.000	-23.734	-17.312
12876	1664.000	-0.243	-0.156	0.000	-23.513	7.874
12892	1664.000	-0.259	-0.348	0.000	-23.567	-11.202
12908	1664.000	-0.321	-0.318	0.000	-23.669	-8.120
12924	1664.000	-0.332	-0.298	0.000	-23.856	-5.926
12940	1664.000	-0.305	-0.143	0.000	-24.233	9.916
12956	1664.000	-0.290	-0.259	0.000	-23.498	-2.398
12972	1664.000	-0.265	0.011	0.000	-23.738	24.885
12988	1664.000	-0.266	-0.084	0.000	-23.816	15.443
13004	1664.000	-0.281	-0.038	0.000	-24.210	20.459
13020	1664.000	-0.268	-0.374	0.000	-23.734	-13.712
13036	1664.000	-0.293	-0.159	0.000	-23.510	7.569
13052	1664.000	-0.319	-0.469	0.000	-24.216	-22.717
13068	1664.000	-0.315	-0.421	0.000	-24.009	-18.093
13084	1664.000	-0.267	-0.182	0.000	-23.505	5.260
13100	1664.000	-0.321	-0.446	0.000	-24.073	-20.506
13116	1664.000	-0.243	0.010	0.000	-23.672	24.629
13132	1664.000	-0.317	-0.213	0.000	-23.688	2.365
13772	1664.000	-1.047	-0.990	0.000	-77.851	-21.131
13788	1664.000	-0.957	-0.955	0.000	-74.120	-21.350
13804	1664.000	-0.948	-0.874	0.000	-74.158	-13.238
13820	1664.000	-0.983	-0.967	0.000	-75.262	-21.391
13836	1664.000	-0.954	-0.982	0.000	-74.153	-24.057
13852	1664.000	-0.932	-0.706	0.000	-75.522	4.910
13868	1664.000	-0.939	-0.981	0.000	-75.996	-22.119
13884	1664.000	-0.920	-0.874	0.000	-74.120	-13.263
13900	1664.000	-0.949	-0.991	0.000	-74.406	-24.658
13916	1664.000	-0.934	-0.592	0.000	-74.378	15.129
13932	1664.000	-0.929	-0.544	0.000	-76.125	21.760
13948	1664.000	-0.903	-0.667	0.000	-74.120	7.435
13964	1664.000	-0.950	-0.532	0.000	-75.055	21.827
13980	1664.000	-1.009	-0.554	0.000	-77.856	22.447
13996	1664.000	-0.944	-0.760	0.000	-74.821	-1.158
14012	1664.000	-0.977	-0.677	0.000	-76.604	8.858
14028	1664.000	-0.973	-0.851	0.000	-75.614	-9.477
14044	1664.000	-0.947	-0.884	0.000	-76.047	-12.319
14060	1664.000	-0.791	-0.733	0.000	-74.134	0.797
14076	1664.000	-0.966	-0.778	0.000	-74.157	-3.593
14092	1664.000	-0.948	-0.675	0.000	-74.148	6.632
14108	1664.000	-0.945	-0.652	0.000	-74.941	9.767
14124	1664.000	0.723	4.148	0.000	-74.152	-11.038
14140	1664.000	-0.996	-0.723	0.000	-75.424	3.082
14156	1664.000	-0.950	-0.874	0.000	-74.157	-13.251
14172	1664.000	-0.867	-0.590	0.000	-74.438	15.458
14188	1664.000	-0.957	-0.624	0.000	-74.762	12.319
14204	1664.000	-0.919	-0.500	0.000	-74.120	24.154
14220	1664.000	-0.951	-0.657	0.000	-74.164	8.420
14236	1664.000	-0.930	-0.669	0.000	-75.863	8.998
14252	1664.000	-0.893	-0.564	0.000	-74.120	17.699
14268	1664.000	-0.898	-0.822	0.000	-74.752	-7.455
14284	1664.000	-0.835	-0.932	0.000	-74.752	-18.435
14300	1664.000	-0.836	-0.646	0.000	-75.247	10.668
14316	1664.000	-0.913	-0.727	0.000	-74.169	1.468
14332	1664.000	-0.937	-0.696	0.000	-74.134	4.536
14348	1664.000	-0.987	-0.920	0.000	-75.534	-16.454
14364	1664.000	-0.919	-0.771	0.000	-74.120	-3.023
14380	1664.000	-0.997	-0.783	0.000	-74.158	-4.158
12	1665.000	-0.655	-0.990	0.000	-121.248	22.258
28	1665.000	-0.938	-1.178	0.000	-135.036	17.225
44	1665.000	-0.932	-1.275	0.000	-122.147	-5.388
60	1665.000	-1.021	-1.290	0.000	-121.943	-7.025
76	1665.000	-0.836	-1.054	0.000	-129.560	24.164
92	1665.000	-0.975	-1.493	0.000	-125.341	-24.000
108	1665.000	-1.002	-1.248	0.000	-131.569	6.801
124	1665.000	-0.948	-1.313	0.000	-130.288	-0.963
140	1665.000	-0.900	-1.098	0.000	-132.014	22.178
156	1665.000	-0.961	-1.265	0.000	-121.312	-5.193
172	1665.000	-0.917	-1.232	0.074	-135.494	-24.471
188	1665.000	-0.905	-1.022	0.000	-121.050	18.824
204	1665.000	-0.510	-1.201	0.017	-121.011	-7.530
220	1665.000	-0.879	-0.912	0.083	-128.959	-3.592
236	1665.000	-0.898	-1.102	0.000	-125.074	14.854
252	1665.000	-0.908	-1.353	0.000	-121.022	-14.251
268	1665.000	-0.963	-1.426	0.026	-133.277	-22.263
284	1665.000	-0.935	-1.247	0.064	-133.622	-22.989
300	1665.000	-0.951	-1.359	0.000	-121.046	-14.904
316	1665.000	-0.945	-1.257	0.000	-125.108	-0.552
332	1665.000	-0.906	-1.273	0.033	-131.490	-12.405
348	1665.000	-0.963	-1.442	0.000	-129.560	-14.605
364	1665.000	-0.841	-0.730	0.084	-123.759	8.934
380	1665.000	-1.003	-1.259	0.000	-131.539	5.681
396	1665.000	-0.982	-1.272	0.000	-122.554	-4.696
412	1665.000	1.329	3.850	0.034	-136.451	4.332
428	1665.000	-1.045	-1.298	0.000	-132.836	2.992
444	1665.000	-0.964	-1.032	0.000	-122.323	19.087
460	1665.000	-0.860	-1.306	0.000	-122.942	-7.686
476	1665.000	-0.854	-1.049	0.000	-121.594	16.664
492	1665.000	-0.843	-1.144	0.000	-137.822	23.467
508	1665.000	-0.926	-1.117	0.000	-122.955	11.295
524	1665.000	-0.914	-1.157	0.000	-126.237	10.538
540	1665.000	-0.887	-1.388	0.000	-131.039	-7.717
556	1665.000	-0.943	-1.081	0.000	-121.011	12.900
572	1665.000	-0.952	-1.258	0.020	-126.244	-9.533
588	1665.000	-0.952	-1.452	0.000	-132.457	-12.696
604	1665.000	-0.946	-1.192	0.000	-125.074	5.877
620	1665.000	-0.818	-0.419	0.116	-121.551	21.740
1260	1665.000	-0.274	-0.199	0.000	-22.181	2.232
1276	1665.000	-0.227	-0.287	0.000	-22.065	-6.750
1292	1665.000	-0.272	-0.044	0.000	-21.938	17.568
1308	1665.000	-0.283	-0.152	0.032	-21.738	-9.255
1324	1665.000	-0.146	0.281	0.120	-21.896	-10.020
1340	1665.000	-0.253	-0.108	0.048	-21.819	-12.954
1356	1665.000	-0.275	-0.195	0.000	-21.684	2.146
1372	1665.000	-0.218	-0.154	0.035	-22.048	-10.929
1388	1665.000	-0.303	-0.064	0.047	-22.556	-7.158
1404	1665.000	-0.261	0.188	0.069	-21.797	6.349
1420	1665.000	-0.215	0.051	0.044	-21.675	4.582
1436	1665.000	-0.221	0.295	0.074	-21.819	14.279
1452	1665.000	-0.258	-0.187	0.055	-21.830	-24.125
1468	1665.000	-0.234	0.102	0.087	-21.795	-11.413
1484	1665.000	-0.269	-0.065	0.000	-21.824	15.354
1500	1665.000	-0.291	-0.424	0.000	-21.976	-20.460
1516	1665.000	-0.296	-0.151	0.000	-21.798	6.738
1532	1665.000	-0.278	-0.355	0.000	-21.678	-13.840
1548	1665.000	-0.207	-0.034	0.000	-21.921	18.565
1564	1665.000	-0.283	-0.209	0.000	-21.883	0.935
1580	1665.000	-0.190	0.093	0.041	-21.680	10.592
1596	1665.000	-0.279	-0.151	0.007	-21.805	3.188
1612	1665.000	-0.213	-0.002	0.000	-22.931	22.683
1628	1665.000	-0.158	0.334	0.085	-21.940	12.936
1644	1665.000	-0.226	-0.163	0.000	-21.814	5.478
1660	1665.000	-0.259	0.015	0.000	-22.050	23.537
1676	1665.000	-0.326	-0.461	0.000	-21.885	-24.252
1692	1665.000	-0.267	-0.101	0.000	-21.961	11.840
1708	1665.000	-0.233	0.244	0.067	-21.908	12.607
1724	1665.000	-0.102	0.538	0.175	-21.822	-11.644
1740	1665.000	-0.338	-0.356	0.000	-22.170	-13.393
1756	1665.000	-0.242	0.088	0.042	-21.677	9.669
1772	1665.000	-0.266	-0.182	0.000	-21.825	3.648
1788	1665.000	-0.253	-0.307	0.000	-21.970	-8.688
1804	1665.000	-0.171	0.289	0.127	-21.677	-13.134
1820	1665.000	-0.255	-0.178	0.028	-21.735	-9.883
1836	1665.000	-0.256	-0.178	0.000	-21.865	4.021
1852	1665.000	-0.303	-0.330	0.000	-21.854	-11.176
1868	1665.000	-0.229	-0.066	0.042	-22.398	-5.199
2508	1665.000	-0.340	-0.301	0.000	-29.308	-0.750
2524	1665.000	-0.359	-0.378	0.000	-29.455	-8.309
2540	1665.000	-0.346	-0.325	0.026	-29.346	-16.287
2556	1665.000	-0.376	-0.131	0.029	-29.145	1.307
2572	1665.000	-0.345	-0.052	0.000	-29.492	24.277
2588	1665.000	-0.348	-0.508	0.000	-29.144	-21.611
2604	1665.000	-0.339	-0.285	0.000	-29.622	1.131
2620	1665.000	-0.308	-0.068	0.082	-29.399	-18.519
2636	1665.000	-0.237	0.129	0.084	-29.092	-0.195
2652	1665.000	-0.346	-0.007	0.045	-29.465	6.456
2668	1665.000	-0.334	-0.204	0.002	-29.431	7.819
2684	1665.000	-0.387	-0.471	0.000	-29.311	-17.791
2700	1665.000	-0.334	-0.329	0.018	-29.091	-12.599
2716	1665.000	-0.402	-0.442	0.020	-29.363	-24.765
2732	1665.000	-0.369	-0.257	0.005	-29.539	1.245
2748	1665.000	-0.286	-0.022	0.086	-29.858	-15.078
2764	1665.000	-0.346	-0.140	0.020	-29.285	5.061
2780	1665.000	-0.307	-0.025	0.013	-29.026	19.920
2796	1665.000	-0.320	0.366	0.097	-29.519	17.395
2812	1665.000	-0.374	-0.406	0.000	-29.110	-11.448
2828	1665.000	-0.388	-0.335	0.000	-29.027	-4.504
2844	1665.000	-0.367	-0.104	0.000	-29.364	18.950
2860	1665.000	-0.313	0.084	0.041	-29.300	17.433
2876	1665.000	-0.311	-0.142	0.051	-29.026	-10.887
2892	1665.000	-0.351	-0.187	0.038	-29.187	-8.678
2908	1665.000	-0.361	-0.190	0.000	-29.660	10.690
2924	1665.000	-0.293	-0.167	0.059	-29.032	-17.194
2940	1665.000	-0.323	0.075	0.033	-29.370	20.420
2956	1665.000	-0.353	-0.173	0.000	-29.113	11.794
2972	1665.000	-0.305	0.076	0.077	-29.032	-1.914
2988	1665.000	-0.338	-0.199	0.000	-29.698	9.795
3004	1665.000	-0.328	-0.086	0.074	-29.260	-16.218
3020	1665.000	-0.373	-0.321	0.021	-29.200	-13.507
3036	1665.000	-0.321	-0.144	0.000	-29.578	15.157
3052	1665.000	-0.409	-0.423	0.000	-29.160	-13.162
3068	1665.000	-0.381	-0.209	0.000	-29.158	8.263
3084	1665.000	-0.260	0.226	0.145	-29.444	-20.627
3100	1665.000	-0.368	-0.323	0.000	-29.223	-3.058
3116	1665.000	-0.276	0.218	0.089	-29.747	6.921
3756	1665.000	-0.352	-0.055	0.000	-28.715	23.170
3772	1665.000	-0.314	0.138	0.065	-28.746	10.243
3788	1665.000	-0.326	-0.355	0.010	-28.793	-11.537
3804	1665.000	-0.328	0.101	0.041	-29.006	18.674
3820	1665.000	-0.334	-0.196	0.038	-29.003	-9.600
3836	1665.000	-0.356	-0.013	0.020	-28.819	17.620
3852	1665.000	-0.393	-0.365	0.000	-29.131	-7.404
3868	1665.000	-0.389	-0.070	0.000	-29.191	22.188
3884	1665.000	-0.372	-0.295	0.038	-28.994	-19.259
3900	1665.000	-0.175	0.790	0.215	-28.833	0.414
3916	1665.000	-0.286	0.208	0.071	-29.362	14.765
3932	1665.000	-0.339	-0.035	0.002	-28.938	24.318
3948	1665.000	-0.279	0.296	0.103	-28.781	6.707
3964	1665.000	-0.271	0.211	0.060	-29.442	20.470
3980	1665.000	-0.363	-0.236	0.000	-28.979	5.356
3996	1665.000	-0.377	-0.295	0.000	-29.416	-0.128
4012	1665.000	-0.395	-0.534	0.000	-29.100	-24.307
4028	1665.000	-0.347	-0.045	0.000	-28.817	24.331
4044	1665.000	-0.356	-0.326	0.000	-29.279	-3.312
4060	1665.000	-0.249	-0.161	0.057	-28.899	-15.708
4076	1665.000	-0.329	-0.450	0.000	-28.724	-16.287
4092	1665.000	-0.343	-0.190	0.036	-29.140	-7.654
4108	1665.000	-0.302	-0.211	0.052	-28.843	-18.380
4124	1665.000	-0.326	-0.184	0.070	-29.254	-23.988
4140	1665.000	-0.388	-0.466	0.000	-28.840	-17.748
4156	1665.000	-0.310	-0.500	0.000	-28.889	-21.119
4172	1665.000	-0.345	-0.206	0.000	-29.236	8.653
4188	1665.000	-0.330	-0.493	0.000	-28.883	-20.379
4204	1665.000	-0.312	-0.035	0.077	-29.077	-13.053
4220	1665.000	-0.363	-0.317	0.000	-28.801	-2.853
4236	1665.000	-0.240	0.104	0.100	-28.652	-10.712
4252	1665.000	-0.230	0.239	0.099	-28.900	3.315
4268	1665.000	-0.352	-0.074	0.000	-28.645	21.283
4284	1665.000	-0.151	0.734	0.217	-28.799	-6.515
4300	1665.000	-0.246	0.110	0.054	-29.071	13.130
4316	1665.000	-0.156	0.647	0.211	-28.645	-12.259
4332	1665.000	-0.217	0.822	0.188	-28.881	17.038
4348	1665.000	-0.199	0.402	0.186	-28.761	-24.036
4364	1665.000	-0.278	0.134	0.058	-28.784	13.004
5020	1665.000	-0.216	-0.028	0.074	-21.008	-18.615
5036	1665.000	-0.097	0.312	0.073	-20.677	15.278
5052	1665.000	-0.154	0.324	0.062	-20.682	22.202
5068	1665.000	-0.183	0.159	0.056	-20.875	8.572
5084	1665.000	-0.325	-0.117	0.000	-20.879	9.133
5100	1665.000	-0.259	-0.006	0.058	-20.678	-9.107
5116	1665.000	-0.256	-0.163	0.000	-20.763	4.460
5132	1665.000	-0.137	0.508	0.145	-20.884	-0.833
5148	1665.000	-0.215	0.085	0.094	-20.852	-17.501
5164	1665.000	-0.270	-0.210	0.017	-21.203	-8.163
5180	1665.000	-0.207	0.373	0.107	-20.983	4.638
5196	1665.000	-0.313	-0.375	0.000	-20.843	-16.658
5212	1665.000	-0.221	-0.116	0.042	-21.549	-11.234
5228	1665.000	-0.029	0.673	0.169	-20.757	3.824
5244	1665.000	-0.272	-0.030	0.000	-20.887	17.844
5260	1665.000	-0.259	-0.301	0.000	-21.324	-8.784
5276	1665.000	-0.281	-0.096	0.000	-20.897	11.278
5292	1665.000	-0.216	-0.074	0.050	-21.146	-11.198
5308	1665.000	-0.188	0.344	0.105	-20.672	2.370
5324	1665.000	-0.224	-0.121	0.038	-21.057	-10.280
5340	1665.000	-0.205	0.002	0.085	-20.737	-21.559
5356	1665.000	-0.005	1.772	0.348	-21.107	24.501
5372	1665.000	-0.229	-0.268	0.000	-20.805	-6.015
5388	1665.000	-0.278	-0.401	0.000	-20.827	-19.296
5404	1665.000	-0.204	0.149	0.058	-21.526	7.545
5420	1665.000	-0.265	-0.320	0.000	-20.810	-11.171
5436	1665.000	-0.235	-0.087	0.000	-20.675	12.005
5452	1665.000	-0.202	-0.047	0.000	-21.038	16.315
5468	1665.000	-0.303	-0.350	0.000	-20.676	-14.297
5484	1665.000	-0.152	0.166	0.059	-20.673	7.900
5500	1665.000	-0.211	-0.095	0.068	-20.952	-22.828
5516	1665.000	-0.273	-0.443	0.000	-20.762	-23.504
5532	1665.000	-0.144	0.474	0.129	-20.758	3.622
5548	1665.000	-0.212	-0.049	0.000	-20.909	16.047
5564	1665.000	-0.190	0.194	0.031	-20.762	24.659
5580	1665.000	-0.160	0.406	0.101	-20.878	11.003
5596	1665.000	-0.160	0.142	0.073	-20.926	-1.261
5612	1665.000	-0.191	-0.054	0.043	-20.678	-6.463
5628	1665.000	0.053	1.142	0.313	-20.675	-21.855
6268	1665.000	-0.930	-0.850	0.053	-122.953	11.252
6284	1665.000	-0.876	-0.849	0.068	-124.067	5.322
6300	1665.000	-0.950	-1.173	0.000	-126.198	8.900
6316	1665.000	-0.938	-1.421	0.000	-122.136	-19.996
6332	1665.000	-0.943	-1.103	0.057	-122.700	-15.921
6348	1665.000	-1.013	-1.676	0.000	-144.044	-23.589
6364	1665.000	-0.900	-0.879	0.109	-124.067	-18.510
6380	1665.000	-1.001	-1.015	0.000	-123.323	21.851
6396	1665.000	-0.948	-1.192	0.084	-139.266	-21.747
6412	1665.000	-0.976	-1.094	0.000	-126.742	17.342
6428	1665.000	-0.939	-1.039	0.000	-124.085	20.145
6444	1665.000	-0.900	-0.783	0.091	-127.992	3.936
6460	1665.000	-0.931	-0.875	0.119	-124.286	-22.970
6476	1665.000	-0.941	-1.346	0.000	-126.217	-8.343
6492	1665.000	-1.052	-1.342	0.000	-134.887	0.702
6508	1665.000	-0.961	-1.247	0.000	-123.012	-1.714
6524	1665.000	-0.925	-1.109	0.000	-123.594	12.717
6540	1665.000	-0.923	-1.131	0.000	-126.198	13.062
6556	1665.000	-0.911	-1.053	0.000	-122.819	17.517
6572	1665.000	-0.965	-1.057	0.000	-126.714	21.048
6588	1665.000	-0.974	-1.383	0.000	-122.700	-15.622
6604	1665.000	-0.958	-0.995	0.000	-122.729	23.266
6620	1665.000	-0.979	-1.148	0.000	-122.457	7.677
6636	1665.000	-0.918	-1.354	0.000	-122.423	-12.940
6652	1665.000	-0.846	-1.039	0.042	-122.907	-2.112
6668	1665.000	-0.678	-1.029	0.022	-122.162	8.451
6684	1665.000	-0.982	-1.175	0.000	-124.120	6.588
6700	1665.000	-0.877	-1.272	0.000	-122.877	-4.358
6716	1665.000	-0.944	-1.419	0.000	-122.136	-19.808
6732	1665.000	-1.040	-1.520	0.000	-131.616	-20.372
6748	1665.000	-1.004	-1.374	0.000	-122.136	-15.284
6764	1665.000	-0.877	-0.703	0.078	-124.963	15.860
6780	1665.000	-0.525	3.735	1.000	-132.914	6.403
6796	1665.000	-0.965	-1.075	0.000	-131.404	23.896
6812	1665.000	-0.480	-0.869	0.076	-126.198	1.277
6828	1665.000	-1.024	-1.325	0.000	-148.232	15.705
6844	1665.000	-0.988	-1.361	0.018	-129.073	-16.137
6860	1665.000	-0.942	-1.181	0.000	-122.137	4.002
6876	1665.000	-0.961	-1.391	0.000	-142.214	3.066
7516	1665.000	-0.916	-0.765	0.061	-124.500	17.781
7532	1665.000	-0.765	-0.877	0.059	-132.231	15.186
7548	1665.000	-0.908	-1.118	0.101	-141.762	-20.734
7564	1665.000	-0.962	-1.093	0.000	-131.810	22.533
7580	1665.000	-0.950	-1.211	0.000	-119.620	-1.458
7596	1665.000	-1.017	-1.462	0.000	-124.271	-21.911
7612	1665.000	-0.996	-1.372	0.000	-121.370	-15.819
7628	1665.000	-0.929	-1.151	0.000	-119.654	4.533
7644	1665.000	-0.961	-1.312	0.000	-121.174	-10.007
7660	1665.000	-0.994	-1.409	0.000	-119.620	-21.249
7676	1665.000	-0.923	-1.081	0.000	-119.639	11.580
7692	1665.000	-0.974	-1.366	0.000	-122.174	-14.422
7708	1665.000	-0.945	-0.851	0.055	-132.505	19.993
7724	1665.000	-0.960	-1.335	0.000	-119.927	-13.548
7740	1665.000	1.217	3.418	0.000	-145.305	-12.932
7756	1665.000	1.249	3.418	0.000	-143.207	-15.014
7772	1665.000	-0.881	-1.335	0.000	-119.620	-13.900
7788	1665.000	-0.926	-1.267	0.015	-122.112	-12.189
7804	1665.000	-0.981	-1.265	0.021	-137.268	0.056
7820	1665.000	-0.945	-1.436	0.000	-124.779	-18.849
7836	1665.000	-0.939	-1.115	0.000	-129.364	17.882
7852	1665.000	-0.859	-1.200	0.025	-123.953	-8.806
7868	1665.000	-0.949	-1.134	0.000	-120.663	7.307
7884	1665.000	-0.833	-1.176	0.000	-121.089	3.532
7900	1665.000	-0.971	-1.506	0.000	-139.669	-10.902
7916	1665.000	-0.886	-1.296	0.000	-119.620	-9.963
7932	1665.000	-0.786	-1.412	0.000	-119.626	-21.568
7948	1665.000	-0.961	-1.028	0.000	-120.359	17.542
7964	1665.000	-0.930	-1.359	0.000	-119.620	-16.327
7980	1665.000	-0.763	-1.395	0.000	-119.620	-19.893
7996	1665.000	-0.953	-1.452	0.000	-128.169	-17.041
8012	1665.000	-0.925	-1.141	0.000	-119.620	5.553
8028	1665.000	-0.827	-1.071	0.038	-123.722	-2.138
8044	1665.000	-0.873	-0.965	0.000	-120.256	23.781
8060	1665.000	-0.958	-1.199	0.000	-119.620	-0.277
8076	1665.000	-0.949	-1.527	0.000	-130.580	-22.097
8092	1665.000	-1.040	-1.373	0.000	-121.969	-15.295
8108	1665.000	-0.970	-1.188	0.000	-124.826	5.980
8124	1665.000	-0.925	-1.331	0.000	-135.342	2.217
8764	1665.000	-0.268	-0.068	0.000	-24.076	17.270
8780	1665.000	-0.265	0.034	0.098	-24.150	-21.314
8796	1665.000	-0.303	-0.139	0.000	-24.008	10.079
8812	1665.000	-0.286	-0.216	0.025	-23.984	-10.030
8828	1665.000	-0.209	0.204	0.041	-24.010	23.730
8844	1665.000	-0.265	0.005	0.044	-23.987	2.355
8860	1665.000	-0.210	0.035	0.040	-24.312	7.527
8876	1665.000	-0.309	-0.109	0.041	-23.980	-7.629
8892	1665.000	-0.192	0.337	0.078	-24.260	19.072
8908	1665.000	-0.255	0.229	0.101	-24.412	-3.337
8924	1665.000	-0.278	0.022	0.029	-24.287	11.929
8940	1665.000	0.002	1.085	0.306	-24.229	-20.078
8956	1665.000	-0.301	-0.025	0.000	-24.307	21.854
8972	1665.000	-0.220	0.220	0.080	-25.008	6.818
8988	1665.000	-0.178	0.221	0.062	-24.184	15.140
9004	1665.000	-0.341	-0.411	0.000	-24.190	-16.886
9020	1665.000	-0.305	-0.369	0.000	-24.337	-12.553
9036	1665.000	-0.256	-0.051	0.076	-23.992	-19.227
9052	1665.000	-0.149	0.334	0.137	-24.120	-11.192
9068	1665.000	-0.147	0.581	0.119	-24.304	23.132
9084	1665.000	-0.259	0.340	0.066	-24.073	24.858
9100	1665.000	-0.263	-0.028	0.000	-24.439	21.662
9116	1665.000	-0.247	-0.050	0.050	-24.163	-5.878
9132	1665.000	-0.311	-0.118	0.015	-23.986	4.485
9148	1665.000	-0.303	-0.331	0.000	-24.818	-8.309
9164	1665.000	-0.262	0.007	0.048	-23.982	0.490
9180	1665.000	-0.236	-0.138	0.070	-23.981	-24.620
9196	1665.000	-0.349	-0.096	0.000	-24.498	14.913
9212	1665.000	-0.309	-0.044	0.000	-23.982	19.550
9228	1665.000	-0.234	-0.026	0.090	-24.153	-23.452
9244	1665.000	-0.274	-0.156	0.000	-24.388	8.752
9260	1665.000	-0.238	-0.148	0.046	-24.048	-13.718
9276	1665.000	-0.241	0.210	0.061	-24.348	14.705
9292	1665.000	-0.108	0.566	0.163	-24.497	-0.440
9308	1665.000	-0.295	-0.263	0.000	-24.257	-2.061
9324	1665.000	-0.233	0.316	0.074	-24.040	18.676
9340	1665.000	-0.357	-0.294	0.000	-24.298	-5.119
9356	1665.000	-0.228	0.250	0.072	-24.219	13.182
9372	1665.000	-0.271	-0.027	0.000	-24.197	21.486
10012	1665.000	-0.342	-0.205	0.000	-28.885	8.356
10028	1665.000	-0.348	0.011	0.051	-28.910	4.555
10044	1665.000	-0.401	-0.366	0.029	-28.857	-22.338
10060	1665.000	-0.335	-0.196	0.000	-28.929	9.287
10076	1665.000	-0.197	0.580	0.131	-28.802	21.349
10092	1665.000	-0.316	0.369	0.091	-29.046	20.477
10108	1665.000	-0.289	0.259	0.079	-28.939	15.226
10124	1665.000	-0.349	-0.266	0.015	-28.981	-5.033
10140	1665.000	-0.304	0.052	0.117	-29.046	-24.419
10156	1665.000	-0.423	-0.281	0.012	-28.861	-5.306
10172	1665.000	-0.241	0.186	0.069	-29.302	13.267
10188	1665.000	-0.330	-0.358	0.018	-28.925	-15.749
10204	1665.000	-0.347	-0.014	0.009	-29.100	23.098
10220	1665.000	-0.369	-0.309	0.015	-29.008	-9.238
10236	1665.000	-0.301	0.201	0.084	-28.728	6.949
10252	1665.000	-0.428	-0.260	0.000	-29.653	3.606
10268	1665.000	-0.258	0.187	0.123	-28.757	-14.241
10284	1665.000	-0.278	0.146	0.072	-28.880	7.511
10300	1665.000	-0.412	-0.127	0.000	-29.415	16.666
10316	1665.000	-0.402	-0.432	0.000	-28.971	-14.257
10332	1665.000	-0.293	-0.033	0.047	-29.606	2.557
10348	1665.000	-0.256	0.402	0.132	-29.020	3.323
10364	1665.000	-0.399	-0.386	0.000	-28.743	-9.823
10380	1665.000	-0.285	-0.103	0.047	-29.287	-4.277
10396	1665.000	-0.213	0.710	0.165	-29.092	17.356
10412	1665.000	-0.218	0.590	0.187	-28.891	-5.643
10428	1665.000	-0.206	0.234	0.132	-29.434	-13.037
10444	1665.000	-0.363	-0.211	0.000	-29.381	8.325
10460	1665.000	-0.348	0.100	0.029	-29.299	24.810
10476	1665.000	-0.358	-0.229	0.000	-28.882	5.943
10492	1665.000	-0.382	-0.200	0.000	-28.963	8.934
10508	1665.000	-0.380	-0.298	0.000	-29.027	-0.813
10524	1665.000	-0.341	0.001	0.073	-28.733	-7.739
10540	1665.000	-0.336	-0.358	0.000	-28.728	-7.032
10556	1665.000	-0.330	-0.084	0.030	-28.934	5.629
10572	1665.000	-0.349	-0.166	0.000	-29.189	12.576
10588	1665.000	-0.364	-0.308	0.000	-28.902	-1.947
10604	1665.000	-0.288	0.240	0.104	-29.067	1.305
10620	1665.000	-0.148	0.876	0.196	-28.730	18.356
10636	1665.000	-0.225	0.175	0.130	-28.736	-18.826
11276	1665.000	-0.333	-0.331	0.000	-28.935	-4.196
11292	1665.000	-0.332	-0.437	0.013	-28.507	-21.766
11308	1665.000	-0.200	0.447	0.104	-28.078	20.996
11324	1665.000	-0.356	-0.380	0.000	-28.451	-9.515
11340	1665.000	-0.321	-0.260	0.000	-28.151	2.120
11356	1665.000	-0.374	-0.362	0.000	-28.078	-8.089
11372	1665.000	-0.381	-0.342	0.000	-28.839	-5.409
11388	1665.000	-0.332	-0.429	0.003	-28.233	-15.944
11404	1665.000	-0.319	-0.207	0.045	-28.236	-14.780
11420	1665.000	-0.259	0.375	0.087	-28.244	22.183
11436	1665.000	-0.384	-0.429	0.000	-28.240	-14.666
11452	1665.000	-0.323	-0.067	0.000	-28.236	21.494
11468	1665.000	-0.360	-0.325	0.000	-28.188	-4.327
11484	1665.000	-0.339	-0.370	0.024	-28.334	-20.607
11500	1665.000	-0.338	-0.380	0.006	-28.236	-12.925
11516	1665.000	-0.397	-0.077	0.000	-28.283	20.585
11532	1665.000	-0.388	-0.383	0.030	-28.355	-24.857
11548	1665.000	-0.247	0.036	0.072	-28.895	-3.494
11564	1665.000	-0.349	-0.074	0.044	-28.252	-1.002
11580	1665.000	-0.362	-0.485	0.000	-28.116	-20.365
11596	1665.000	-0.309	-0.201	0.056	-28.849	-19.125
11612	1665.000	-0.322	-0.112	0.000	-28.114	16.878
11628	1665.000	-0.329	0.176	0.085	-28.421	3.707
11644	1665.000	-0.391	-0.377	0.018	-28.085	-18.838
11660	1665.000	-0.407	-0.317	0.011	-28.288	-8.898
11676	1665.000	-0.382	-0.321	0.000	-28.934	-3.142
11692	1665.000	-0.324	-0.202	0.000	-28.179	7.986
11708	1665.000	-0.287	-0.267	0.025	-28.219	-11.088
11724	1665.000	-0.365	-0.418	0.019	-28.276	-23.297
11740	1665.000	-0.310	0.205	0.053	-28.177	22.102
11756	1665.000	-0.318	-0.055	0.000	-28.164	22.678
11772	1665.000	-0.357	-0.505	0.000	-28.117	-22.416
11788	1665.000	-0.349	-0.403	0.000	-28.318	-12.026
11804	1665.000	-0.324	-0.079	0.032	-28.274	4.448
11820	1665.000	-0.367	-0.136	0.034	-28.435	-2.266
11836	1665.000	-0.384	-0.518	0.000	-28.169	-23.668
11852	1665.000	-0.215	0.588	0.201	-28.553	-13.225
11868	1665.000	-0.394	-0.364	0.000	-28.420	-8.001
11884	1665.000	-0.323	-0.433	0.000	-28.080	-15.220
12524	1665.000	-0.125	0.492	0.114	-23.008	15.062
12540	1665.000	-0.273	-0.102	0.000	-22.736	12.553
12556	1665.000	-0.288	-0.321	0.000	-22.681	-9.404
12572	1665.000	-0.303	-0.203	0.000	-22.916	2.639
12588	1665.000	-0.282	-0.120	0.031	-23.012	-4.508
12604	1665.000	-0.206	0.408	0.121	-22.866	3.230
12620	1665.000	-0.287	0.086	0.050	-23.251	6.748
12636	1665.000	-0.326	-0.312	0.000	-22.791	-8.424
12652	1665.000	-0.233	0.214	0.071	-22.709	8.620
12668	1665.000	-0.268	-0.049	0.032	-22.733	1.857
12684	1665.000	-0.269	-0.180	0.000	-22.543	4.529
12700	1665.000	-0.269	0.057	0.066	-22.658	-4.573
12716	1665.000	-0.267	-0.328	0.000	-22.541	-10.253
12732	1665.000	-0.198	0.282	0.085	-22.551	8.497
12748	1665.000	-0.099	1.034	0.247	-22.571	2.508
12764	1665.000	-0.316	-0.401	0.000	-22.764	-17.358
12780	1665.000	-0.116	0.451	0.162	-22.539	-13.366
12796	1665.000	-0.294	-0.277	0.000	-22.542	-5.171
12812	1665.000	-0.175	0.110	0.046	-23.219	11.116
12828	1665.000	-0.212	0.024	0.063	-22.541	-6.750
12844	1665.000	-0.212	0.052	0.093	-22.539	-18.951
12860	1665.000	-0.042	1.157	0.296	-22.752	-9.716
12876	1665.000	0.010	1.155	0.253	-22.552	11.390
12892	1665.000	-0.249	-0.002	0.006	-22.602	19.521
12908	1665.000	-0.298	-0.041	0.022	-22.694	7.586
12924	1665.000	-0.064	1.061	0.259	-22.863	-0.492
12940	1665.000	-0.217	0.117	0.090	-23.204	-10.359
12956	1665.000	-0.083	0.772	0.217	-22.539	-8.984
12972	1665.000	-0.197	0.057	0.084	-22.756	-13.771
12988	1665.000	-0.299	-0.465	0.000	-22.827	-23.689
13004	1665.000	-0.237	-0.094	0.069	-23.183	-20.802
13020	1665.000	-0.227	0.108	0.031	-22.753	17.877
13036	1665.000	-0.251	-0.208	0.035	-22.550	-15.818
13052	1665.000	-0.227	0.350	0.073	-23.188	21.643
13068	1665.000	-0.267	-0.091	0.000	-23.001	13.871
13084	1665.000	-0.257	-0.300	0.000	-22.545	-7.408
13100	1665.000	-0.278	-0.076	0.000	-23.060	15.412
13116	1665.000	-0.271	-0.360	0.000	-22.697	-13.317
13132	1665.000	-0.185	0.567	0.117	-22.711	21.195
13772	1665.000	-1.072	-1.233	0.000	-124.872	1.549
13788	1665.000	-0.970	-1.161	0.050	-121.496	-19.846
13804	1665.000	-0.969	-1.031	0.041	-136.547	12.962
13820	1665.000	-1.012	-1.031	0.000	-126.592	23.538
13836	1665.000	-0.961	-0.958	0.030	-121.526	10.544
13852	1665.000	-0.953	-1.298	0.031	-133.719	-11.413
13868	1665.000	-0.982	-1.153	0.000	-123.194	7.917
13884	1665.000	-0.924	-1.007	0.000	-121.496	20.751
13900	1665.000	-0.966	-1.070	0.000	-121.755	14.718
13916	1665.000	-0.911	-0.950	0.021	-121.730	16.165
13932	1665.000	-0.851	-0.658	0.156	-123.310	-20.749
13948	1665.000	-0.977	-1.396	0.000	-121.496	-18.065
13964	1665.000	-0.987	-1.446	0.000	-122.342	-22.243
13980	1665.000	-0.976	-0.768	0.087	-138.631	18.222
13996	1665.000	-0.987	-1.186	0.000	-133.084	14.441
14012	1665.000	-0.974	-0.993	0.022	-123.744	13.579
14028	1665.000	-1.011	-1.305	0.000	-138.533	8.045
14044	1665.000	-1.000	-1.520	0.000	-129.233	-22.792
14060	1665.000	-0.869	-1.398	0.000	-121.509	-18.335
14076	1665.000	-0.996	-1.170	0.000	-127.523	10.542
14092	1665.000	-1.009	-1.405	0.000	-125.584	-14.904
14108	1665.000	-0.931	-1.022	0.043	-122.239	-1.723
14124	1665.000	1.259	3.532	0.000	-135.561	-11.229
14140	1665.000	-1.048	-1.277	0.000	-137.693	9.995
14156	1665.000	-0.971	-1.159	0.000	-121.530	5.619
14172	1665.000	-0.918	-1.194	0.000	-123.715	4.359
14188	1665.000	-0.936	-0.997	0.064	-132.556	1.002
14204	1665.000	-0.937	-1.232	0.000	-121.496	-1.683
14220	1665.000	-0.992	-1.323	0.000	-121.536	-10.753
14236	1665.000	-1.002	-1.463	0.000	-127.136	-19.166
14252	1665.000	-0.924	-1.331	0.000	-121.496	-11.577
14268	1665.000	-0.922	-1.156	0.000	-123.998	8.421
14284	1665.000	-0.829	-0.847	0.095	-122.068	-10.051
14300	1665.000	-0.883	-1.289	0.040	-126.579	-22.126
14316	1665.000	-0.943	-1.111	0.000	-121.541	10.481
14332	1665.000	-0.952	-1.232	0.000	-125.571	2.404
14348	1665.000	-0.997	-1.252	0.000	-133.730	8.504
14364	1665.000	-0.951	-1.356	0.000	-121.496	-14.064
14380	1665.000	-1.030	-1.181	0.000	-134.141	16.043
