# NEST version: 3.6.0-post0.dev0
# RecordingBackendASCII version: 2
sender	time_ms	V_m	I_tot	I_exc	I_inh	I_noise
16	1662.000	-0.717	-0.781	0.000	-82.477	4.382
32	1662.000	-1.005	-0.927	0.000	-81.558	-11.171
48	1662.000	-0.978	-0.790	0.000	-78.555	-0.467
64	1662.000	-1.011	-0.596	0.000	-80.190	20.542
80	1662.000	-0.943	-0.957	0.000	-81.241	-14.441
96	1662.000	-0.935	-0.541	0.000	-78.555	24.479
112	1662.000	-0.604	-0.915	0.000	-78.691	-12.846
128	1662.000	-1.041	-1.000	0.000	-78.920	-21.072
144	1662.000	-0.955	-0.641	0.000	-80.344	16.287
160	1662.000	-0.797	-0.560	0.000	-78.969	22.964
176	1662.000	-0.980	-0.685	0.000	-79.322	10.795
192	1662.000	-1.007	-0.882	0.000	-81.612	-6.635
208	1662.000	-0.923	-0.730	0.000	-78.601	5.561
224	1662.000	-0.993	-0.989	0.000	-79.538	-19.397
240	1662.000	-0.706	-0.892	0.000	-78.574	-10.631
256	1662.000	-0.973	-0.881	0.000	-78.555	-9.508
272	1662.000	-0.758	-0.637	0.000	-78.555	14.873
288	1662.000	-0.924	-0.617	0.000	-78.555	16.853
304	1662.000	-1.020	-0.798	0.000	-78.555	-1.258
320	1662.000	-0.880	-0.952	0.000	-78.555	-16.628
336	1662.000	-0.943	-0.844	0.000	-79.374	-5.037
352	1662.000	-1.023	-0.582	0.000	-79.953	21.713
368	1662.000	-0.964	-0.747	0.000	-78.572	3.827
384	1662.000	-1.034	-0.979	0.000	-80.701	-17.176
400	1662.000	-1.030	-0.975	0.000	-78.570	-18.907
416	1662.000	-1.022	-0.716	0.000	-81.283	9.729
432	1662.000	-0.946	-0.585	0.000	-78.555	20.066
448	1662.000	-1.004	-0.665	0.000	-79.369	12.916
464	1662.000	-1.029	-0.832	0.000	-79.704	-3.470
480	1662.000	-0.995	-0.598	0.000	-79.341	19.564
496	1662.000	-0.906	-0.554	0.000	-78.596	23.209
512	1662.000	-1.037	-0.855	0.000	-78.572	-6.916
528	1662.000	-0.903	-0.584	0.000	-78.614	20.250
544	1662.000	-0.966	-0.849	0.000	-78.564	-6.369
560	1662.000	-0.985	-0.741	0.000	-81.083	6.972
576	1662.000	-1.028	-0.690	0.000	-78.600	9.591
592	1662.000	-0.959	-0.645	0.000	-79.947	15.478
608	1662.000	-1.048	-0.923	0.000	-82.149	-10.132
624	1662.000	-0.999	-0.954	0.000	-78.609	-16.824
1264	1662.000	-0.256	-0.034	0.000	-24.830	21.417
1280	1662.000	-0.285	-0.335	0.000	-24.789	-8.745
1296	1662.000	-0.269	-0.097	0.000	-25.007	15.352
1312	1662.000	-0.365	-0.418	0.000	-25.038	-16.789
1328	1662.000	-0.288	-0.263	0.000	-24.659	-1.671
1344	1662.000	-0.310	-0.313	0.000	-25.053	-6.249
1360	1662.000	-0.263	-0.124	0.000	-24.563	12.209
1376	1662.000	-0.296	-0.108	0.000	-24.681	13.871
1392	1662.000	-0.312	-0.190	0.000	-24.563	5.603
1408	1662.000	-0.351	-0.295	0.000	-24.685	-4.840
1424	1662.000	-0.279	-0.305	0.000	-25.128	-5.421
1440	1662.000	-0.273	-0.287	0.000	-25.012	-3.727
1456	1662.000	-0.359	-0.280	0.000	-24.681	-3.302
1472	1662.000	-0.322	0.000	0.000	-24.642	24.682
1488	1662.000	-0.257	-0.086	0.000	-24.643	16.088
1504	1662.000	-0.340	-0.359	0.000	-24.561	-11.367
1520	1662.000	-0.300	-0.489	0.000	-24.664	-24.264
1536	1662.000	-0.272	-0.056	0.000	-24.650	19.021
1552	1662.000	-0.312	-0.037	0.000	-24.881	21.222
1568	1662.000	-0.232	-0.045	0.000	-24.745	20.249
1584	1662.000	-0.319	-0.336	0.000	-24.567	-8.984
1600	1662.000	-0.316	-0.091	0.000	-25.052	15.922
1616	1662.000	-0.334	-0.344	0.000	-24.952	-9.406
1632	1662.000	-0.292	-0.065	0.000	-24.656	18.194
1648	1662.000	-0.299	-0.204	0.000	-24.757	4.316
1664	1662.000	-0.296	-0.341	0.000	-25.462	-8.664
1680	1662.000	-0.370	-0.486	0.000	-24.567	-24.009
1696	1662.000	-0.303	-0.160	0.000	-24.855	8.853
1712	1662.000	-0.292	-0.124	0.000	-24.648	12.279
1728	1662.000	-0.288	-0.096	0.000	-24.674	15.044
1744	1662.000	-0.304	-0.065	0.000	-24.932	18.436
1760	1662.000	-0.274	-0.171	0.000	-24.567	7.434
1776	1662.000	-0.276	-0.380	0.000	-24.830	-13.159
1792	1662.000	-0.318	-0.244	0.000	-25.042	0.667
1808	1662.000	-0.321	-0.345	0.000	-24.731	-9.764
1824	1662.000	-0.299	-0.171	0.000	-25.616	8.537
1840	1662.000	-0.300	-0.320	0.000	-25.581	-6.446
1856	1662.000	-0.231	-0.036	0.000	-24.675	21.123
1872	1662.000	-0.287	-0.062	0.000	-24.979	18.798
2512	1662.000	-0.426	-0.367	0.000	-33.737	-2.993
2528	1662.000	-0.414	-0.315	0.000	-33.928	2.392
2544	1662.000	-0.421	-0.503	0.000	-33.577	-16.675
2560	1662.000	-0.402	-0.466	0.000	-32.979	-13.645
2576	1662.000	-0.418	-0.357	0.000	-33.781	-1.876
2592	1662.000	-0.425	-0.260	0.000	-33.519	7.521
2608	1662.000	-0.417	-0.514	0.000	-32.895	-18.477
2624	1662.000	-0.396	-0.479	0.000	-33.113	-14.757
2640	1662.000	-0.407	-0.217	0.000	-33.770	12.096
2656	1662.000	-0.427	-0.576	0.000	-33.328	-24.311
2672	1662.000	-0.392	-0.136	0.000	-33.018	19.393
2688	1662.000	-0.344	-0.367	0.000	-33.524	-3.143
2704	1662.000	-0.385	-0.527	0.000	-32.891	-19.760
2720	1662.000	-0.398	-0.102	0.000	-33.312	23.129
2736	1662.000	-0.374	-0.278	0.000	-33.167	5.341
2752	1662.000	-0.355	-0.180	0.000	-32.936	14.986
2768	1662.000	-0.399	-0.501	0.000	-32.984	-17.129
2784	1662.000	-0.433	-0.472	0.000	-33.229	-14.014
2800	1662.000	-0.428	-0.491	0.000	-33.400	-15.729
2816	1662.000	-0.443	-0.380	0.000	-32.895	-5.064
2832	1662.000	-0.385	-0.375	0.000	-33.063	-4.411
2848	1662.000	-0.453	-0.370	0.000	-33.027	-3.985
2864	1662.000	-0.384	-0.203	0.000	-33.737	13.424
2880	1662.000	-0.459	-0.332	0.000	-33.081	-0.142
2896	1662.000	-0.406	-0.184	0.000	-33.249	14.871
2912	1662.000	-0.461	-0.308	0.000	-33.627	2.824
2928	1662.000	-0.465	-0.364	0.000	-32.897	-3.533
2944	1662.000	-0.380	-0.219	0.000	-33.261	11.380
2960	1662.000	-0.451	-0.388	0.000	-34.307	-4.445
2976	1662.000	-0.473	-0.319	0.000	-32.990	1.130
2992	1662.000	-0.435	-0.200	0.000	-33.104	13.095
3008	1662.000	-0.389	-0.186	0.000	-33.170	14.569
3024	1662.000	-0.413	-0.282	0.000	-32.945	4.762
3040	1662.000	-0.383	-0.462	0.000	-33.438	-12.715
3056	1662.000	-0.427	-0.357	0.000	-33.473	-2.253
3072	1662.000	-0.412	-0.226	0.000	-33.400	10.769
3088	1662.000	-0.492	-0.458	0.000	-33.562	-12.202
3104	1662.000	-0.406	-0.348	0.000	-33.515	-1.314
3120	1662.000	-0.431	-0.353	0.000	-33.871	-1.462
3760	1662.000	-0.413	-0.414	0.000	-32.954	-8.469
3776	1662.000	-0.388	-0.098	0.000	-32.687	22.886
3792	1662.000	-0.395	-0.401	0.000	-32.894	-7.208
3808	1662.000	-0.450	-0.523	0.000	-32.737	-19.547
3824	1662.000	-0.405	-0.521	0.000	-32.768	-19.285
3840	1662.000	-0.437	-0.083	0.000	-32.809	24.481
3856	1662.000	-0.399	-0.365	0.000	-32.585	-3.899
3872	1662.000	-0.408	-0.331	0.000	-32.778	-0.367
3888	1662.000	-0.420	-0.252	0.000	-33.066	7.887
3904	1662.000	-0.421	-0.497	0.000	-32.667	-17.010
3920	1662.000	-0.383	-0.368	0.000	-33.042	-3.795
3936	1662.000	-0.348	-0.092	0.000	-32.969	23.750
3952	1662.000	-0.364	-0.330	0.000	-32.843	-0.133
3968	1662.000	-0.411	-0.166	0.000	-33.210	16.568
3984	1662.000	-0.413	-0.541	0.000	-32.766	-21.314
4000	1662.000	-0.435	-0.351	0.000	-32.991	-2.108
4016	1662.000	-0.422	-0.481	0.000	-33.016	-15.046
4032	1662.000	-0.495	-0.451	0.000	-32.761	-12.372
4048	1662.000	-0.402	-0.286	0.000	-33.077	4.524
4064	1662.000	-0.363	-0.263	0.000	-32.814	6.473
4080	1662.000	-0.462	-0.352	0.000	-32.809	-2.342
4096	1662.000	-0.388	-0.190	0.000	-33.328	14.329
4112	1662.000	-0.361	-0.117	0.000	-33.277	21.604
4128	1662.000	-0.365	-0.125	0.000	-32.699	20.224
4144	1662.000	-0.409	-0.115	0.000	-33.446	21.904
4160	1662.000	-0.435	-0.404	0.000	-32.724	-7.712
4176	1662.000	-0.437	-0.349	0.000	-32.993	-1.887
4192	1662.000	-0.448	-0.269	0.000	-32.831	5.942
4208	1662.000	-0.400	-0.134	0.000	-32.467	19.085
4224	1662.000	-0.440	-0.477	0.000	-33.351	-14.357
4240	1662.000	-0.414	-0.504	0.000	-32.941	-17.446
4256	1662.000	-0.450	-0.430	0.000	-32.698	-10.286
4272	1662.000	-0.423	-0.252	0.000	-33.482	8.320
4288	1662.000	-0.425	-0.377	0.000	-32.797	-4.882
4304	1662.000	-0.416	-0.523	0.000	-32.553	-19.722
4320	1662.000	-0.417	-0.480	0.000	-32.746	-15.233
4336	1662.000	-0.442	-0.540	0.000	-33.004	-20.979
4352	1662.000	-0.420	-0.299	0.000	-32.502	2.636
4368	1662.000	-0.468	-0.577	0.000	-32.978	-24.680
5008	1662.000	-0.313	-0.388	0.000	-23.521	-15.238
5024	1662.000	-0.288	-0.410	0.000	-23.514	-17.468
5040	1662.000	-0.326	-0.257	0.000	-23.668	-2.071
5056	1662.000	-0.306	-0.332	0.000	-23.534	-9.669
5072	1662.000	-0.316	-0.048	0.000	-23.665	18.823
5088	1662.000	-0.264	-0.087	0.000	-23.939	15.259
5104	1662.000	-0.262	-0.086	0.000	-23.619	15.042
5120	1662.000	-0.302	-0.127	0.000	-23.732	11.029
5136	1662.000	-0.375	-0.353	0.000	-23.712	-11.551
5152	1662.000	-0.300	-0.299	0.000	-23.734	-6.175
5168	1662.000	-0.311	-0.338	0.000	-23.866	-9.978
5184	1662.000	-0.300	-0.071	0.000	-23.594	16.493
5200	1662.000	-0.348	-0.303	0.000	-24.062	-6.211
5216	1662.000	-0.291	-0.391	0.000	-23.825	-15.278
5232	1662.000	-0.303	-0.257	0.000	-23.611	-2.039
5248	1662.000	-0.307	-0.206	0.000	-24.165	3.601
5264	1662.000	-0.290	0.003	0.000	-24.037	24.327
5280	1662.000	-0.275	-0.050	0.000	-23.665	18.628
5296	1662.000	-0.313	-0.241	0.000	-24.014	-0.102
5312	1662.000	-0.296	0.010	0.000	-23.540	24.546
5328	1662.000	-0.286	-0.138	0.000	-24.140	10.308
5344	1662.000	-0.325	-0.145	0.000	-24.009	9.493
5360	1662.000	-0.307	-0.180	0.000	-23.439	5.463
5376	1662.000	-0.271	-0.066	0.000	-24.799	18.179
5392	1662.000	-0.265	0.006	0.000	-23.614	24.237
5408	1662.000	-0.336	-0.225	0.000	-23.429	0.905
5424	1662.000	-0.260	0.006	0.000	-23.973	24.554
5440	1662.000	-0.267	-0.289	0.000	-23.643	-5.277
5456	1662.000	-0.286	-0.081	0.000	-23.504	15.381
5472	1662.000	-0.219	-0.136	0.000	-23.427	9.815
5488	1662.000	-0.279	-0.260	0.000	-23.430	-2.566
5504	1662.000	-0.280	-0.170	0.000	-23.584	6.544
5520	1662.000	-0.303	-0.394	0.000	-23.430	-15.930
5536	1662.000	-0.292	-0.443	0.000	-23.426	-20.875
5552	1662.000	-0.244	-0.122	0.000	-23.863	11.640
5568	1662.000	-0.302	-0.437	0.000	-23.545	-20.136
5584	1662.000	-0.259	-0.010	0.000	-23.549	22.570
5600	1662.000	-0.294	-0.027	0.000	-23.574	20.911
5616	1662.000	-0.239	-0.189	0.000	-23.659	4.802
6272	1662.000	-1.043	-0.643	0.000	-81.722	17.396
6288	1662.000	-1.011	-0.716	0.000	-81.366	9.718
6304	1662.000	-1.051	-0.851	0.000	-81.334	-3.724
6320	1662.000	-1.038	-0.791	0.000	-82.088	3.004
6336	1662.000	-1.005	-0.897	0.000	-81.316	-8.408
6352	1662.000	-1.006	-0.722	0.000	-81.317	9.158
6368	1662.000	-1.109	-1.065	0.000	-83.398	-23.150
6384	1662.000	-1.007	-0.581	0.000	-82.182	24.035
6400	1662.000	-0.843	-0.725	0.000	-81.318	8.828
6416	1662.000	-1.047	-1.064	0.000	-83.732	-22.670
6432	1662.000	-0.991	-0.962	0.000	-84.429	-11.784
6448	1662.000	-1.063	-0.697	0.000	-82.089	12.414
6464	1662.000	-0.973	-0.747	0.000	-82.079	7.410
6480	1662.000	-1.044	-0.729	0.000	-81.341	8.401
6496	1662.000	-1.057	-0.635	0.000	-81.334	17.853
6512	1662.000	-1.011	-0.870	0.000	-82.050	-4.937
6528	1662.000	-0.930	-0.564	0.000	-81.359	24.961
6544	1662.000	-1.011	-1.061	0.000	-81.362	-24.726
6560	1662.000	-1.020	-0.662	0.000	-82.457	16.218
6576	1662.000	-1.014	-0.708	0.000	-83.601	12.845
6592	1662.000	-1.033	-0.843	0.000	-82.086	-2.201
6608	1662.000	-1.048	-0.754	0.000	-82.471	7.095
6624	1662.000	-1.045	-0.810	0.000	-83.550	2.536
6640	1662.000	-1.042	-0.671	0.000	-83.377	16.301
6656	1662.000	-1.126	-1.053	0.000	-83.442	-21.889
6672	1662.000	-0.952	-0.716	0.000	-81.348	9.754
6688	1662.000	-1.007	-0.630	0.000	-81.412	18.381
6704	1662.000	-1.007	-0.821	0.000	-83.066	0.976
6720	1662.000	-1.045	-0.983	0.000	-81.316	-17.021
6736	1662.000	-0.984	-0.989	0.000	-81.704	-17.209
6752	1662.000	-1.043	-0.641	0.000	-84.366	20.295
6768	1662.000	-1.015	-0.714	0.000	-81.317	9.949
6784	1662.000	-1.056	-0.788	0.000	-81.317	2.545
6800	1662.000	-1.049	-0.953	0.000	-82.861	-12.487
6816	1662.000	-0.554	-0.995	0.000	-82.179	-17.304
6832	1662.000	-1.022	-0.590	0.000	-81.334	22.356
6848	1662.000	-1.095	-1.038	0.000	-83.430	-20.411
6864	1662.000	-0.960	-0.841	0.000	-81.355	-2.745
6880	1662.000	-1.021	-0.697	0.000	-81.353	11.641
7520	1662.000	-0.970	-0.819	0.000	-78.479	-3.432
7536	1662.000	-0.953	-0.937	0.000	-78.832	-14.887
7552	1662.000	-0.957	-0.932	0.000	-78.768	-14.408
7568	1662.000	-1.012	-0.727	0.000	-78.452	5.721
7584	1662.000	-0.950	-0.625	0.000	-80.477	17.964
7600	1662.000	-0.964	-0.856	0.000	-80.727	-4.866
7616	1662.000	-0.989	-0.754	0.000	-78.459	3.108
7632	1662.000	-0.992	-0.764	0.000	-80.029	3.604
7648	1662.000	-1.019	-0.781	0.000	-78.768	0.688
7664	1662.000	-0.973	-0.623	0.000	-81.191	18.872
7680	1662.000	-0.962	-0.860	0.000	-78.504	-7.513
7696	1662.000	-1.034	-0.631	0.000	-79.222	16.087
7712	1662.000	-1.005	-0.597	0.000	-79.918	20.220
7728	1662.000	-0.948	-0.602	0.000	-78.903	18.679
7744	1662.000	-1.035	-0.934	0.000	-78.547	-14.868
7760	1662.000	-0.925	-0.627	0.000	-78.436	15.702
7776	1662.000	-0.967	-0.594	0.000	-81.112	21.717
7792	1662.000	-1.008	-0.905	0.000	-78.519	-11.970
7808	1662.000	-0.886	-0.960	0.000	-78.436	-17.530
7824	1662.000	-1.071	-0.942	0.000	-80.907	-13.292
7840	1662.000	-0.972	-0.767	0.000	-78.475	1.805
7856	1662.000	-0.997	-1.022	0.000	-78.800	-23.360
7872	1662.000	-1.008	-0.971	0.000	-83.143	-13.936
7888	1662.000	-0.982	-0.999	0.000	-78.805	-21.110
7904	1662.000	-0.986	-0.681	0.000	-78.436	10.373
7920	1662.000	-0.964	-0.682	0.000	-80.960	12.740
7936	1662.000	-0.982	-0.599	0.000	-81.137	21.279
7952	1662.000	-0.871	-0.735	0.000	-79.478	6.005
7968	1662.000	-0.976	-0.846	0.000	-78.472	-6.148
7984	1662.000	-1.034	-0.962	0.000	-78.851	-17.350
8000	1662.000	-0.947	-0.691	0.000	-79.493	10.375
8016	1662.000	-1.030	-0.637	0.000	-79.868	16.124
8032	1662.000	-1.003	-0.629	0.000	-78.444	15.556
8048	1662.000	-0.933	-0.572	0.000	-79.413	22.215
8064	1662.000	-0.981	-1.023	0.000	-79.313	-22.965
8080	1662.000	-0.963	-0.666	0.000	-78.480	11.869
8096	1662.000	-1.008	-0.746	0.000	-79.406	4.825
8112	1662.000	-0.965	-0.849	0.000	-78.496	-6.430
8128	1662.000	-0.947	-0.549	0.000	-78.495	23.641
8768	1662.000	-0.355	-0.416	0.000	-27.287	-14.281
8784	1662.000	-0.377	-0.416	0.000	-27.348	-14.263
8800	1662.000	-0.312	-0.160	0.000	-27.816	11.819
8816	1662.000	-0.327	-0.212	0.000	-27.729	6.521
8832	1662.000	-0.297	-0.035	0.000	-27.424	23.952
8848	1662.000	-0.293	-0.190	0.000	-27.699	8.658
8864	1662.000	-0.349	-0.361	0.000	-27.675	-8.402
8880	1662.000	-0.316	-0.118	0.000	-27.335	15.569
8896	1662.000	-0.351	-0.182	0.000	-27.789	9.609
8912	1662.000	-0.351	-0.220	0.000	-27.271	5.315
8928	1662.000	-0.344	-0.245	0.000	-27.173	2.631
8944	1662.000	-0.293	-0.053	0.000	-27.303	21.996
8960	1662.000	-0.359	-0.457	0.000	-27.559	-18.163
8976	1662.000	-0.367	-0.492	0.000	-27.574	-21.658
8992	1662.000	-0.362	-0.312	0.000	-28.078	-3.152
9008	1662.000	-0.325	-0.385	0.000	-27.737	-10.742
9024	1662.000	-0.380	-0.211	0.000	-28.379	7.266
9040	1662.000	-0.363	-0.472	0.000	-27.963	-19.245
9056	1662.000	-0.393	-0.412	0.000	-27.987	-13.194
9072	1662.000	-0.319	-0.128	0.000	-27.814	15.053
9088	1662.000	-0.360	-0.516	0.000	-27.223	-24.404
9104	1662.000	-0.334	-0.150	0.000	-27.213	12.175
9120	1662.000	-0.347	-0.221	0.000	-28.137	6.041
9136	1662.000	-0.364	-0.497	0.000	-27.213	-22.509
9152	1662.000	-0.312	-0.079	0.000	-27.176	19.249
9168	1662.000	-0.314	-0.366	0.000	-27.589	-9.049
9184	1662.000	-0.287	-0.185	0.000	-27.403	8.884
9200	1662.000	-0.346	-0.386	0.000	-27.616	-11.022
9216	1662.000	-0.370	-0.269	0.000	-27.259	0.327
9232	1662.000	-0.362	-0.398	0.000	-27.258	-12.511
9248	1662.000	-0.332	-0.091	0.000	-27.559	18.460
9264	1662.000	-0.341	-0.318	0.000	-27.250	-4.521
9280	1662.000	-0.308	-0.256	0.000	-27.258	1.658
9296	1662.000	-0.327	-0.118	0.000	-27.357	15.563
9312	1662.000	-0.367	-0.338	0.000	-27.520	-6.303
9328	1662.000	-0.302	-0.030	0.000	-27.540	24.502
9344	1662.000	-0.357	-0.188	0.000	-27.173	8.419
9360	1662.000	-0.353	-0.179	0.000	-27.765	9.821
9376	1662.000	-0.373	-0.366	0.000	-27.477	-9.089
10016	1662.000	-0.429	-0.292	0.000	-32.657	3.442
10032	1662.000	-0.372	-0.185	0.000	-32.557	14.100
10048	1662.000	-0.340	-0.138	0.000	-32.735	18.889
10064	1662.000	-0.400	-0.398	0.000	-32.805	-7.017
10080	1662.000	-0.445	-0.354	0.000	-32.612	-2.794
10096	1662.000	-0.442	-0.485	0.000	-33.331	-15.125
10112	1662.000	-0.399	-0.148	0.000	-32.935	18.107
10128	1662.000	-0.368	-0.121	0.000	-32.889	20.781
10144	1662.000	-0.401	-0.333	0.000	-33.208	-0.056
10160	1662.000	-0.410	-0.296	0.000	-32.663	3.097
10176	1662.000	-0.392	-0.486	0.000	-33.067	-15.570
10192	1662.000	-0.368	-0.104	0.000	-32.728	22.282
10208	1662.000	-0.362	-0.194	0.000	-32.554	13.131
10224	1662.000	-0.402	-0.128	0.000	-32.637	19.822
10240	1662.000	-0.413	-0.478	0.000	-33.109	-14.737
10256	1662.000	-0.362	-0.127	0.000	-32.871	20.201
10272	1662.000	-0.393	-0.208	0.000	-32.810	12.015
10288	1662.000	-0.374	-0.174	0.000	-32.908	15.544
10304	1662.000	-0.453	-0.362	0.000	-33.370	-2.807
10320	1662.000	-0.424	-0.251	0.000	-33.091	8.013
10336	1662.000	-0.438	-0.145	0.000	-33.435	18.886
10352	1662.000	-0.482	-0.516	0.000	-33.362	-18.190
10368	1662.000	-0.520	-0.408	0.000	-33.379	-7.445
10384	1662.000	-0.422	-0.468	0.000	-33.486	-13.299
10400	1662.000	-0.427	-0.234	0.000	-33.496	10.070
10416	1662.000	-0.417	-0.253	0.000	-32.894	7.569
10432	1662.000	-0.355	-0.266	0.000	-33.022	6.412
10448	1662.000	-0.368	-0.209	0.000	-32.888	11.976
10464	1662.000	-0.352	-0.100	0.000	-32.847	22.841
10480	1662.000	-0.403	-0.334	0.000	-33.198	-0.153
10496	1662.000	-0.436	-0.420	0.000	-33.705	-8.285
10512	1662.000	-0.452	-0.374	0.000	-33.748	-3.617
10528	1662.000	-0.405	-0.565	0.000	-32.856	-23.616
10544	1662.000	-0.415	-0.364	0.000	-33.633	-2.774
10560	1662.000	-0.457	-0.574	0.000	-33.102	-24.344
10576	1662.000	-0.472	-0.490	0.000	-32.681	-16.275
10592	1662.000	-0.412	-0.348	0.000	-32.652	-2.154
10608	1662.000	-0.373	-0.297	0.000	-32.558	2.900
10624	1662.000	-0.420	-0.301	0.000	-32.570	2.500
11264	1662.000	-0.387	-0.491	0.000	-32.024	-17.029
11280	1662.000	-0.447	-0.430	0.000	-32.293	-10.751
11296	1662.000	-0.368	-0.501	0.000	-33.130	-16.934
11312	1662.000	-0.425	-0.558	0.000	-32.253	-23.537
11328	1662.000	-0.429	-0.401	0.000	-32.712	-7.345
11344	1662.000	-0.473	-0.304	0.000	-32.777	2.356
11360	1662.000	-0.405	-0.174	0.000	-31.817	14.467
11376	1662.000	-0.428	-0.171	0.000	-32.407	15.282
11392	1662.000	-0.341	-0.182	0.000	-32.469	14.252
11408	1662.000	-0.434	-0.533	0.000	-31.902	-21.380
11424	1662.000	-0.353	-0.297	0.000	-31.908	2.204
11440	1662.000	-0.370	-0.343	0.000	-32.453	-1.872
11456	1662.000	-0.380	-0.089	0.000	-32.932	24.019
11472	1662.000	-0.378	-0.554	0.000	-32.032	-23.350
11488	1662.000	-0.403	-0.261	0.000	-32.068	5.996
11504	1662.000	-0.387	-0.533	0.000	-32.842	-20.498
11520	1662.000	-0.345	-0.199	0.000	-32.456	12.521
11536	1662.000	-0.350	-0.101	0.000	-31.817	21.755
11552	1662.000	-0.422	-0.280	0.000	-32.208	4.221
11568	1662.000	-0.406	-0.392	0.000	-32.522	-6.726
11584	1662.000	-0.414	-0.455	0.000	-31.817	-13.673
11600	1662.000	-0.453	-0.430	0.000	-32.681	-10.343
11616	1662.000	-0.399	-0.353	0.000	-32.234	-3.070
11632	1662.000	-0.357	-0.291	0.000	-32.098	3.041
11648	1662.000	-0.415	-0.180	0.000	-33.352	15.352
11664	1662.000	-0.384	-0.149	0.000	-31.871	16.982
11680	1662.000	-0.374	-0.199	0.000	-32.526	12.586
11696	1662.000	-0.410	-0.468	0.000	-32.088	-14.748
11712	1662.000	-0.404	-0.270	0.000	-31.855	4.895
11728	1662.000	-0.416	-0.209	0.000	-31.965	11.016
11744	1662.000	-0.410	-0.298	0.000	-32.454	2.635
11760	1662.000	-0.410	-0.449	0.000	-31.830	-13.089
11776	1662.000	-0.373	-0.241	0.000	-31.826	7.743
11792	1662.000	-0.406	-0.337	0.000	-32.614	-1.120
11808	1662.000	-0.440	-0.351	0.000	-31.839	-3.221
11824	1662.000	-0.409	-0.504	0.000	-31.988	-18.430
11840	1662.000	-0.380	-0.145	0.000	-32.289	17.813
11856	1662.000	-0.409	-0.387	0.000	-32.140	-6.580
11872	1662.000	-0.439	-0.463	0.000	-32.984	-13.282
12528	1662.000	-0.370	-0.505	0.000	-26.288	-24.169
12544	1662.000	-0.307	-0.385	0.000	-26.034	-12.508
12560	1662.000	-0.323	-0.149	0.000	-25.841	10.982
12576	1662.000	-0.376	-0.180	0.000	-26.105	8.109
12592	1662.000	-0.316	-0.092	0.000	-25.793	16.550
12608	1662.000	-0.329	-0.368	0.000	-25.540	-11.305
12624	1662.000	-0.346	-0.174	0.000	-25.908	8.473
12640	1662.000	-0.331	-0.405	0.000	-25.634	-14.867
12656	1662.000	-0.350	-0.275	0.000	-25.540	-1.947
12672	1662.000	-0.341	-0.306	0.000	-26.402	-4.199
12688	1662.000	-0.406	-0.357	0.000	-25.540	-10.186
12704	1662.000	-0.347	-0.341	0.000	-25.540	-8.544
12720	1662.000	-0.265	-0.334	0.000	-25.744	-7.665
12736	1662.000	-0.277	-0.262	0.000	-25.775	-0.403
12752	1662.000	-0.276	-0.094	0.000	-25.540	16.144
12768	1662.000	-0.296	-0.024	0.000	-25.541	23.121
12784	1662.000	-0.363	-0.442	0.000	-26.246	-17.983
12800	1662.000	-0.309	-0.341	0.000	-25.546	-8.555
12816	1662.000	-0.339	-0.206	0.000	-25.712	5.130
12832	1662.000	-0.388	-0.340	0.000	-26.248	-7.720
12848	1662.000	-0.299	-0.311	0.000	-25.559	-5.507
12864	1662.000	-0.313	-0.149	0.000	-26.064	11.158
12880	1662.000	-0.357	-0.267	0.000	-26.170	-0.511
12896	1662.000	-0.300	-0.153	0.000	-25.791	10.474
12912	1662.000	-0.342	-0.228	0.000	-25.711	2.876
12928	1662.000	-0.314	-0.276	0.000	-25.781	-1.795
12944	1662.000	-0.373	-0.502	0.000	-25.660	-24.586
12960	1662.000	-0.321	-0.157	0.000	-25.551	9.882
12976	1662.000	-0.346	-0.072	0.000	-26.116	18.878
12992	1662.000	-0.402	-0.472	0.000	-26.318	-20.862
13008	1662.000	-0.376	-0.370	0.000	-25.631	-11.411
13024	1662.000	-0.344	-0.223	0.000	-25.653	3.376
13040	1662.000	-0.360	-0.244	0.000	-26.118	1.694
13056	1662.000	-0.290	-0.226	0.000	-25.781	3.170
13072	1662.000	-0.322	-0.085	0.000	-25.962	17.508
13088	1662.000	-0.338	-0.373	0.000	-25.722	-11.593
13104	1662.000	-0.281	-0.203	0.000	-26.481	6.160
13120	1662.000	-0.347	-0.121	0.000	-26.263	14.136
13136	1662.000	-0.315	-0.280	0.000	-25.819	-2.154
13776	1662.000	-0.979	-0.690	0.000	-81.558	12.604
13792	1662.000	-1.046	-0.999	0.000	-80.561	-19.326
13808	1662.000	-1.021	-0.903	0.000	-80.586	-9.697
13824	1662.000	-1.039	-0.845	0.000	-82.638	-1.821
13840	1662.000	-0.993	-0.610	0.000	-80.569	19.580
13856	1662.000	-0.951	-0.719	0.000	-80.579	8.668
13872	1662.000	-1.013	-0.850	0.000	-80.561	-4.437
13888	1662.000	-0.995	-1.019	0.000	-80.608	-21.291
13904	1662.000	-1.063	-1.053	0.000	-82.126	-23.147
13920	1662.000	-0.983	-0.621	0.000	-80.877	18.813
13936	1662.000	-1.081	-1.010	0.000	-81.704	-19.250
13952	1662.000	-1.080	-0.985	0.000	-83.557	-14.944
13968	1662.000	-1.027	-1.012	0.000	-81.417	-19.821
13984	1662.000	-1.060	-0.998	0.000	-80.561	-19.227
14000	1662.000	-0.992	-0.703	0.000	-80.899	10.601
14016	1662.000	-1.030	-0.639	0.000	-80.579	16.665
14032	1662.000	-0.953	-0.733	0.000	-80.561	7.220
14048	1662.000	-1.038	-1.005	0.000	-80.561	-19.900
14064	1662.000	-1.095	-0.931	0.000	-80.561	-12.532
14080	1662.000	-0.960	-0.565	0.000	-80.561	24.105
14096	1662.000	-0.937	-0.772	0.000	-82.222	5.071
14112	1662.000	-1.018	-0.625	0.000	-81.593	19.111
14128	1662.000	-0.921	-0.601	0.000	-80.578	20.484
14144	1662.000	-1.018	-0.919	0.000	-82.233	-9.683
14160	1662.000	-1.048	-0.672	0.000	-84.704	17.461
14176	1662.000	-1.015	-0.961	0.000	-80.561	-15.518
14192	1662.000	-1.022	-0.790	0.000	-82.186	3.138
14208	1662.000	-0.716	-0.674	0.000	-80.896	13.484
14224	1662.000	-1.113	-0.929	0.000	-82.362	-10.495
14240	1662.000	-1.063	-0.949	0.000	-82.190	-12.726
14256	1662.000	-1.013	-0.950	0.000	-80.561	-14.407
14272	1662.000	-1.065	-0.999	0.000	-84.633	-15.278
14288	1662.000	-1.014	-0.644	0.000	-82.101	17.663
14304	1662.000	-1.005	-0.578	0.000	-80.578	22.747
14320	1662.000	-0.993	-0.994	0.000	-82.390	-17.025
14336	1662.000	-0.964	-0.624	0.000	-80.561	18.125
14352	1662.000	-1.012	-1.052	0.000	-80.561	-24.630
14368	1662.000	-0.996	-0.627	0.000	-80.621	17.902
14384	1662.000	-1.011	-1.040	0.000	-80.580	-23.449
16	1663.000	0.176	4.246	0.000	-78.898	3.536
32	1663.000	-0.958	-0.578	0.000	-78.067	20.228
48	1663.000	-0.914	-0.562	0.000	-75.349	19.130
64	1663.000	-0.992	-0.987	0.000	-76.829	-21.901
80	1663.000	-0.894	-0.552	0.000	-77.780	22.532
96	1663.000	-0.907	-0.682	0.000	-75.349	7.107
112	1663.000	-0.637	-0.693	0.000	-75.472	6.202
128	1663.000	-1.019	-0.959	0.000	-75.679	-20.241
144	1663.000	-0.919	-0.757	0.000	-76.968	1.244
160	1663.000	-0.794	-0.857	0.000	-75.723	-10.014
176	1663.000	-0.963	-0.819	0.000	-76.043	-5.858
192	1663.000	-0.978	-0.691	0.000	-78.116	9.042
208	1663.000	-0.864	-0.623	0.000	-75.391	13.084
224	1663.000	-0.938	-0.623	0.000	-76.239	13.934
240	1663.000	-0.753	-0.975	0.000	-75.367	-22.094
256	1663.000	-0.935	-0.940	0.000	-75.349	-18.652
272	1663.000	-0.742	-0.559	0.000	-75.349	19.425
288	1663.000	-0.898	-0.737	0.000	-75.349	1.620
304	1663.000	-0.963	-0.556	0.000	-75.349	19.700
320	1663.000	-0.863	-0.664	0.000	-75.349	8.927
336	1663.000	-0.904	-0.600	0.000	-76.090	16.053
352	1663.000	-0.971	-0.771	0.000	-76.615	-0.462
368	1663.000	-0.923	-0.926	0.000	-75.365	-17.230
384	1663.000	-0.071	4.382	0.000	-77.291	15.541
400	1663.000	-0.962	-0.727	0.000	-75.363	2.689
416	1663.000	-0.971	-0.744	0.000	-77.818	3.431
432	1663.000	-0.934	-0.888	0.000	-75.349	-13.463
448	1663.000	-0.977	-0.837	0.000	-76.085	-7.579
464	1663.000	-0.979	-0.722	0.000	-76.389	4.159
480	1663.000	-0.981	-0.915	0.000	-76.061	-15.467
496	1663.000	-0.887	-0.832	0.000	-75.387	-7.782
512	1663.000	-1.002	-0.872	0.000	-75.365	-11.855
528	1663.000	-0.847	-0.551	0.000	-75.403	20.263
544	1663.000	-0.936	-0.736	0.000	-75.357	1.723
560	1663.000	-0.979	-1.007	0.000	-77.636	-23.070
576	1663.000	-1.001	-0.967	0.000	-75.390	-21.344
592	1663.000	-0.906	-0.735	0.000	-76.609	3.098
608	1663.000	-1.006	-1.012	0.000	-78.601	-22.613
624	1663.000	-0.959	-0.962	0.000	-75.398	-20.754
1264	1663.000	-0.241	-0.296	0.000	-23.802	-5.847
1280	1663.000	-0.310	-0.477	0.000	-23.765	-23.899
1296	1663.000	-0.271	-0.372	0.000	-23.962	-13.266
1312	1663.000	-0.361	-0.430	0.000	-23.991	-18.971
1328	1663.000	-0.279	-0.435	0.000	-23.647	-19.836
1344	1663.000	-0.300	-0.237	0.000	-24.003	0.313
1360	1663.000	-0.272	-0.276	0.000	-23.561	-3.997
1376	1663.000	-0.263	-0.197	0.000	-23.667	3.917
1392	1663.000	-0.270	-0.033	0.000	-23.561	20.238
1408	1663.000	-0.348	-0.353	0.000	-23.670	-11.626
1424	1663.000	-0.256	-0.099	0.000	-24.072	14.166
1440	1663.000	-0.261	-0.087	0.000	-23.967	15.295
1456	1663.000	-0.342	-0.114	0.000	-23.667	12.222
1472	1663.000	-0.313	-0.383	0.000	-23.632	-14.704
1488	1663.000	-0.254	-0.264	0.000	-23.633	-2.796
1504	1663.000	-0.324	-0.425	0.000	-23.559	-18.952
1520	1663.000	-0.250	-0.056	0.000	-23.652	18.090
1536	1663.000	-0.295	-0.407	0.000	-23.639	-17.060
1552	1663.000	-0.276	-0.084	0.000	-23.849	15.483
1568	1663.000	-0.218	-0.199	0.000	-23.725	3.805
1584	1663.000	-0.313	-0.426	0.000	-23.564	-18.990
1600	1663.000	-0.298	-0.211	0.000	-24.003	2.921
1616	1663.000	-0.302	-0.134	0.000	-23.912	10.559
1632	1663.000	-0.282	-0.428	0.000	-23.644	-19.115
1648	1663.000	-0.272	-0.025	0.000	-23.736	21.194
1664	1663.000	-0.303	-0.442	0.000	-24.374	-19.865
1680	1663.000	-0.319	-0.166	0.000	-23.564	6.967
1696	1663.000	-0.290	-0.025	0.000	-23.824	21.344
1712	1663.000	-0.275	-0.062	0.000	-23.637	17.430
1728	1663.000	-0.273	-0.276	0.000	-23.661	-3.946
1744	1663.000	-0.297	-0.292	0.000	-23.894	-5.279
1760	1663.000	-0.253	-0.095	0.000	-23.564	14.058
1776	1663.000	-0.309	-0.459	0.000	-23.802	-22.055
1792	1663.000	-0.285	-0.180	0.000	-23.994	5.996
1808	1663.000	-0.318	-0.417	0.000	-23.713	-17.970
1824	1663.000	-0.294	-0.256	0.000	-24.513	-1.126
1840	1663.000	-0.276	-0.239	0.000	-24.482	0.592
1856	1663.000	-0.208	-0.046	0.000	-23.661	19.040
1872	1663.000	-0.293	-0.194	0.000	-23.937	4.509
2512	1663.000	-0.389	-0.340	0.000	-32.314	-1.684
2528	1663.000	-0.403	-0.374	0.000	-32.487	-4.888
2544	1663.000	-0.417	-0.353	0.000	-32.169	-3.149
2560	1663.000	-0.380	-0.241	0.000	-31.628	7.535
2576	1663.000	-0.423	-0.493	0.000	-32.354	-16.908
2592	1663.000	-0.433	-0.406	0.000	-32.117	-8.448
2608	1663.000	-0.371	-0.111	0.000	-31.552	20.461
2624	1663.000	-0.410	-0.539	0.000	-31.750	-22.124
2640	1663.000	-0.391	-0.405	0.000	-32.344	-8.201
2656	1663.000	-0.411	-0.246	0.000	-31.944	7.315
2672	1663.000	-0.379	-0.232	0.000	-31.664	8.467
2688	1663.000	-0.328	-0.229	0.000	-32.122	9.256
2704	1663.000	-0.385	-0.384	0.000	-31.548	-6.829
2720	1663.000	-0.399	-0.406	0.000	-31.929	-8.702
2736	1663.000	-0.338	-0.152	0.000	-31.799	16.642
2752	1663.000	-0.358	-0.298	0.000	-31.589	1.770
2768	1663.000	-0.399	-0.349	0.000	-31.633	-3.255
2784	1663.000	-0.416	-0.274	0.000	-31.854	4.459
2800	1663.000	-0.423	-0.321	0.000	-32.010	-0.064
2816	1663.000	-0.435	-0.330	0.000	-31.552	-1.424
2832	1663.000	-0.347	-0.088	0.000	-31.704	22.926
2848	1663.000	-0.428	-0.436	0.000	-31.672	-11.908
2864	1663.000	-0.378	-0.197	0.000	-32.314	12.633
2880	1663.000	-0.436	-0.335	0.000	-31.720	-1.807
2896	1663.000	-0.395	-0.375	0.000	-31.873	-5.636
2912	1663.000	-0.458	-0.530	0.000	-32.214	-20.740
2928	1663.000	-0.475	-0.563	0.000	-31.554	-24.729
2944	1663.000	-0.388	-0.297	0.000	-31.883	2.184
2960	1663.000	-0.415	-0.101	0.000	-32.829	22.710
2976	1663.000	-0.473	-0.560	0.000	-31.638	-24.377
2992	1663.000	-0.416	-0.347	0.000	-31.741	-2.965
3008	1663.000	-0.376	-0.379	0.000	-31.801	-6.089
3024	1663.000	-0.406	-0.290	0.000	-31.597	2.591
3040	1663.000	-0.353	-0.124	0.000	-32.044	19.599
3056	1663.000	-0.435	-0.563	0.000	-32.075	-24.199
3072	1663.000	-0.393	-0.399	0.000	-32.009	-7.850
3088	1663.000	-0.468	-0.515	0.000	-32.156	-19.367
3104	1663.000	-0.404	-0.498	0.000	-32.113	-17.678
3120	1663.000	-0.402	-0.246	0.000	-32.436	7.827
3760	1663.000	-0.392	-0.455	0.000	-31.582	-13.909
3776	1663.000	-0.397	-0.480	0.000	-31.341	-16.700
3792	1663.000	-0.374	-0.360	0.000	-31.528	-4.506
3808	1663.000	-0.391	-0.156	0.000	-31.385	15.819
3824	1663.000	-0.393	-0.558	0.000	-31.414	-24.408
3840	1663.000	-0.412	-0.373	0.000	-31.451	-5.803
3856	1663.000	-0.355	-0.082	0.000	-31.248	23.094
3872	1663.000	-0.411	-0.379	0.000	-31.423	-6.436
3888	1663.000	-0.408	-0.216	0.000	-31.684	10.035
3904	1663.000	-0.401	-0.395	0.000	-31.323	-8.134
3920	1663.000	-0.376	-0.209	0.000	-31.662	10.772
3936	1663.000	-0.336	-0.112	0.000	-31.596	20.412
3952	1663.000	-0.355	-0.286	0.000	-31.482	2.852
3968	1663.000	-0.377	-0.323	0.000	-31.814	-0.450
3984	1663.000	-0.410	-0.557	0.000	-31.412	-24.286
4000	1663.000	-0.451	-0.511	0.000	-31.616	-19.460
4016	1663.000	-0.421	-0.451	0.000	-31.638	-13.435
4032	1663.000	-0.456	-0.456	0.000	-31.408	-14.165
4048	1663.000	-0.382	-0.260	0.000	-31.694	5.668
4064	1663.000	-0.345	-0.125	0.000	-31.455	19.004
4080	1663.000	-0.404	-0.128	0.000	-31.451	18.695
4096	1663.000	-0.342	-0.133	0.000	-31.921	18.620
4112	1663.000	-0.354	-0.452	0.000	-31.874	-13.326
4128	1663.000	-0.355	-0.488	0.000	-31.352	-17.495
4144	1663.000	-0.386	-0.192	0.000	-32.028	12.783
4160	1663.000	-0.420	-0.237	0.000	-31.374	7.653
4176	1663.000	-0.409	-0.430	0.000	-31.617	-11.400
4192	1663.000	-0.445	-0.392	0.000	-31.471	-7.682
4208	1663.000	-0.383	-0.207	0.000	-31.141	10.424
4224	1663.000	-0.411	-0.235	0.000	-31.942	8.431
4240	1663.000	-0.391	-0.216	0.000	-31.571	9.957
4256	1663.000	-0.405	-0.226	0.000	-31.350	8.769
4272	1663.000	-0.435	-0.457	0.000	-32.060	-13.654
4288	1663.000	-0.382	-0.241	0.000	-31.440	7.302
4304	1663.000	-0.382	-0.328	0.000	-31.220	-1.627
4320	1663.000	-0.390	-0.091	0.000	-31.394	22.311
4336	1663.000	-0.421	-0.257	0.000	-31.628	5.912
4352	1663.000	-0.423	-0.492	0.000	-31.173	-18.041
4368	1663.000	-0.457	-0.327	0.000	-31.604	-1.054
5008	1663.000	-0.308	-0.371	0.000	-22.556	-14.561
5024	1663.000	-0.276	-0.157	0.000	-22.550	6.853
5040	1663.000	-0.307	-0.345	0.000	-22.689	-11.842
5056	1663.000	-0.278	-0.047	0.000	-22.568	17.912
5072	1663.000	-0.301	-0.175	0.000	-22.686	5.205
5088	1663.000	-0.256	0.009	0.000	-22.934	23.862
5104	1663.000	-0.239	-0.195	0.000	-22.644	3.161
5120	1663.000	-0.268	-0.091	0.000	-22.746	13.646
5136	1663.000	-0.349	-0.310	0.000	-22.729	-8.251
5152	1663.000	-0.301	-0.346	0.000	-22.749	-11.861
5168	1663.000	-0.313	-0.287	0.000	-22.868	-5.846
5184	1663.000	-0.299	-0.153	0.000	-22.622	7.356
5200	1663.000	-0.323	-0.141	0.000	-23.045	8.903
5216	1663.000	-0.257	-0.200	0.000	-22.831	2.848
5232	1663.000	-0.300	-0.300	0.000	-22.638	-7.371
5248	1663.000	-0.275	-0.052	0.000	-23.139	17.950
5264	1663.000	-0.249	-0.068	0.000	-23.022	16.249
5280	1663.000	-0.239	-0.120	0.000	-22.686	10.700
5296	1663.000	-0.321	-0.403	0.000	-23.002	-17.267
5312	1663.000	-0.283	-0.294	0.000	-22.573	-6.801
5328	1663.000	-0.305	-0.407	0.000	-23.116	-17.622
5344	1663.000	-0.323	-0.319	0.000	-22.997	-8.868
5360	1663.000	-0.307	-0.396	0.000	-22.482	-17.107
5376	1663.000	-0.257	0.005	0.000	-23.712	24.176
5392	1663.000	-0.259	-0.312	0.000	-22.640	-8.535
5408	1663.000	-0.305	-0.306	0.000	-22.472	-8.158
5424	1663.000	-0.221	-0.030	0.000	-22.965	19.915
5440	1663.000	-0.292	-0.388	0.000	-22.666	-16.096
5456	1663.000	-0.310	-0.394	0.000	-22.540	-16.905
5472	1663.000	-0.205	0.016	0.000	-22.471	24.061
5488	1663.000	-0.256	-0.028	0.000	-22.473	19.641
5504	1663.000	-0.257	-0.055	0.000	-22.613	17.086
5520	1663.000	-0.291	-0.226	0.000	-22.474	-0.143
5536	1663.000	-0.312	-0.334	0.000	-22.470	-10.979
5552	1663.000	-0.228	-0.303	0.000	-22.865	-7.390
5568	1663.000	-0.285	-0.272	0.000	-22.578	-4.634
5584	1663.000	-0.217	-0.012	0.000	-22.581	21.426
5600	1663.000	-0.246	-0.072	0.000	-22.604	15.388
5616	1663.000	-0.246	-0.338	0.000	-22.681	-11.131
6272	1663.000	-0.993	-0.694	0.000	-78.365	8.940
6288	1663.000	-0.952	-0.557	0.000	-78.043	22.339
6304	1663.000	-1.009	-0.879	0.000	-78.014	-9.872
6320	1663.000	-1.010	-0.956	0.000	-78.696	-16.916
6336	1663.000	-0.059	4.206	0.000	-77.998	-1.440
6352	1663.000	-0.988	-0.934	0.000	-77.998	-15.447
6368	1663.000	-1.029	-0.640	0.000	-79.881	15.879
6384	1663.000	-0.969	-1.005	0.000	-78.781	-21.701
6400	1663.000	-0.835	-0.754	0.000	-77.999	2.624
6416	1663.000	-0.058	4.396	0.000	-80.184	19.826
6432	1663.000	-0.956	-0.926	0.000	-80.814	-11.786
6448	1663.000	-1.014	-0.806	0.000	-78.697	-1.865
6464	1663.000	-0.950	-0.981	0.000	-78.688	-19.425
6480	1663.000	-1.004	-0.933	0.000	-78.020	-15.326
6496	1663.000	-0.978	-0.644	0.000	-78.014	13.660
6512	1663.000	-0.956	-0.612	0.000	-78.661	17.491
6528	1663.000	-0.898	-0.726	0.000	-78.036	5.426
6544	1663.000	-0.963	-0.720	0.000	-78.039	6.047
6560	1663.000	-0.958	-0.622	0.000	-79.030	16.861
6576	1663.000	-0.990	-0.984	0.000	-80.065	-18.350
6592	1663.000	-1.020	-0.911	0.000	-78.694	-12.393
6608	1663.000	-0.996	-0.724	0.000	-79.043	6.661
6624	1663.000	-0.998	-0.901	0.000	-80.019	-10.045
6640	1663.000	-1.018	-1.045	0.000	-79.863	-24.642
6656	1663.000	-1.088	-1.022	0.000	-79.921	-22.309
6672	1663.000	-0.911	-0.677	0.000	-78.026	10.357
6688	1663.000	-0.956	-0.689	0.000	-78.084	9.153
6704	1663.000	-0.970	-0.878	0.000	-79.581	-8.225
6720	1663.000	-0.985	-0.574	0.000	-77.998	20.592
6736	1663.000	-0.949	-0.876	0.000	-78.348	-9.242
6752	1663.000	-1.024	-1.034	0.000	-80.757	-22.665
6768	1663.000	-0.973	-0.813	0.000	-77.998	-3.291
6784	1663.000	-0.971	-0.607	0.000	-77.998	17.273
6800	1663.000	-0.984	-0.685	0.000	-79.395	10.931
6816	1663.000	0.292	4.231	0.000	-78.778	1.920
6832	1663.000	-0.997	-0.981	0.000	-78.013	-20.090
6848	1663.000	-1.070	-0.930	0.000	-79.910	-13.058
6864	1663.000	-0.963	-0.932	0.000	-78.033	-15.202
6880	1663.000	-0.979	-0.736	0.000	-78.031	4.455
7520	1663.000	-0.926	-0.563	0.000	-75.274	18.988
7536	1663.000	-0.906	-0.532	0.000	-75.594	22.364
7552	1663.000	-0.942	-0.980	0.000	-75.535	-22.496
7568	1663.000	-0.960	-0.779	0.000	-75.249	-2.668
7584	1663.000	-0.921	-0.811	0.000	-77.082	-3.988
7600	1663.000	-0.960	-0.912	0.000	-77.308	-13.871
7616	1663.000	-0.987	-0.955	0.000	-75.256	-20.231
7632	1663.000	-0.950	-0.702	0.000	-76.676	6.469
7648	1663.000	-0.976	-0.888	0.000	-75.536	-13.222
7664	1663.000	-0.914	-0.674	0.000	-77.728	10.327
7680	1663.000	-0.943	-0.959	0.000	-75.297	-20.640
7696	1663.000	-0.999	-0.778	0.000	-75.946	-1.874
7712	1663.000	-0.980	-1.002	0.000	-76.576	-23.597
7728	1663.000	-0.929	-0.758	0.000	-75.657	-0.106
7744	1663.000	-0.947	-0.524	0.000	-75.335	22.980
7760	1663.000	-0.908	-0.764	0.000	-75.235	-1.149
7776	1663.000	-0.942	-0.707	0.000	-77.656	6.908
7792	1663.000	-0.958	-0.790	0.000	-75.310	-3.700
7808	1663.000	-0.868	-0.843	0.000	-75.235	-9.082
7824	1663.000	-1.014	-0.749	0.000	-77.470	2.521
7840	1663.000	-0.951	-0.939	0.000	-75.270	-18.676
7856	1663.000	-0.986	-0.909	0.000	-75.564	-15.296
7872	1663.000	-0.974	-0.846	0.000	-79.494	-5.057
7888	1663.000	-0.965	-0.790	0.000	-75.569	-3.439
7904	1663.000	-0.959	-0.688	0.000	-75.235	6.413
7920	1663.000	-0.939	-0.970	0.000	-77.519	-19.527
7936	1663.000	-0.958	-0.749	0.000	-77.679	2.800
7952	1663.000	-0.844	-0.606	0.000	-76.178	15.567
7968	1663.000	-0.951	-0.777	0.000	-75.268	-2.471
7984	1663.000	-0.991	-0.616	0.000	-75.611	14.052
8000	1663.000	-0.902	-0.790	0.000	-76.192	-2.844
8016	1663.000	-0.966	-0.702	0.000	-76.530	6.347
8032	1663.000	-0.948	-0.659	0.000	-75.242	9.387
8048	1663.000	-0.891	-0.790	0.000	-76.119	-2.928
8064	1663.000	-0.945	-0.832	0.000	-76.029	-7.173
8080	1663.000	-0.904	-0.699	0.000	-75.275	5.353
8096	1663.000	-1.004	-0.990	0.000	-76.113	-22.855
8112	1663.000	-0.894	-0.528	0.000	-75.289	22.520
8128	1663.000	-0.906	-0.620	0.000	-75.288	13.255
8768	1663.000	-0.310	-0.131	0.000	-26.167	13.030
8784	1663.000	-0.347	-0.359	0.000	-26.222	-9.702
8800	1663.000	-0.278	-0.055	0.000	-26.646	21.178
8816	1663.000	-0.312	-0.334	0.000	-26.567	-6.807
8832	1663.000	-0.278	-0.284	0.000	-26.291	-2.144
8848	1663.000	-0.248	-0.037	0.000	-26.540	22.826
8864	1663.000	-0.359	-0.413	0.000	-26.518	-14.754
8880	1663.000	-0.312	-0.370	0.000	-26.210	-10.771
8896	1663.000	-0.342	-0.131	0.000	-26.622	13.494
8912	1663.000	-0.321	-0.141	0.000	-26.153	12.038
8928	1663.000	-0.363	-0.485	0.000	-26.064	-22.458
8944	1663.000	-0.279	-0.349	0.000	-26.182	-8.733
8960	1663.000	-0.304	-0.054	0.000	-26.413	21.010
8976	1663.000	-0.367	-0.269	0.000	-26.427	-0.424
8992	1663.000	-0.336	-0.296	0.000	-26.883	-2.713
9008	1663.000	-0.297	-0.160	0.000	-26.574	10.579
9024	1663.000	-0.332	-0.118	0.000	-27.155	15.390
9040	1663.000	-0.325	-0.210	0.000	-26.779	5.734
9056	1663.000	-0.403	-0.421	0.000	-26.801	-15.307
9072	1663.000	-0.338	-0.456	0.000	-26.644	-18.931
9088	1663.000	-0.337	-0.374	0.000	-26.110	-11.265
9104	1663.000	-0.306	-0.168	0.000	-26.101	9.257
9120	1663.000	-0.343	-0.270	0.000	-26.936	-0.027
9136	1663.000	-0.348	-0.393	0.000	-26.100	-13.182
9152	1663.000	-0.280	-0.149	0.000	-26.067	11.179
9168	1663.000	-0.287	-0.197	0.000	-26.440	6.722
9184	1663.000	-0.285	-0.148	0.000	-26.272	11.461
9200	1663.000	-0.325	-0.312	0.000	-26.465	-4.693
9216	1663.000	-0.336	-0.028	0.000	-26.142	23.342
9232	1663.000	-0.333	-0.360	0.000	-26.141	-9.865
9248	1663.000	-0.294	-0.169	0.000	-26.413	9.467
9264	1663.000	-0.338	-0.292	0.000	-26.134	-3.099
9280	1663.000	-0.304	-0.396	0.000	-26.141	-13.461
9296	1663.000	-0.323	-0.467	0.000	-26.231	-20.462
9312	1663.000	-0.385	-0.486	0.000	-26.378	-22.212
9328	1663.000	-0.322	-0.484	0.000	-26.396	-22.024
9344	1663.000	-0.381	-0.494	0.000	-26.064	-23.330
9360	1663.000	-0.329	-0.096	0.000	-26.599	17.039
9376	1663.000	-0.376	-0.377	0.000	-26.339	-11.395
10016	1663.000	-0.401	-0.103	0.000	-31.319	21.021
10032	1663.000	-0.378	-0.360	0.000	-31.228	-4.782
10048	1663.000	-0.362	-0.382	0.000	-31.389	-6.814
10064	1663.000	-0.358	-0.104	0.000	-31.453	21.033
10080	1663.000	-0.440	-0.295	0.000	-31.278	1.805
10096	1663.000	-0.416	-0.454	0.000	-31.928	-13.513
10112	1663.000	-0.399	-0.302	0.000	-31.570	1.325
10128	1663.000	-0.355	-0.362	0.000	-31.529	-4.639
10144	1663.000	-0.354	-0.201	0.000	-31.817	11.730
10160	1663.000	-0.368	-0.271	0.000	-31.324	4.225
10176	1663.000	-0.366	-0.208	0.000	-31.690	10.901
10192	1663.000	-0.378	-0.351	0.000	-31.383	-3.743
10208	1663.000	-0.351	-0.235	0.000	-31.225	7.724
10224	1663.000	-0.397	-0.251	0.000	-31.301	6.219
10240	1663.000	-0.361	-0.069	0.000	-31.728	24.783
10256	1663.000	-0.371	-0.541	0.000	-31.512	-22.551
10272	1663.000	-0.365	-0.066	0.000	-31.457	24.887
10288	1663.000	-0.356	-0.453	0.000	-31.546	-13.730
10304	1663.000	-0.445	-0.328	0.000	-31.964	-0.822
10320	1663.000	-0.386	-0.077	0.000	-31.712	23.981
10336	1663.000	-0.388	-0.089	0.000	-32.023	23.124
10352	1663.000	-0.471	-0.394	0.000	-31.956	-7.477
10368	1663.000	-0.473	-0.278	0.000	-31.972	4.147
10384	1663.000	-0.374	-0.189	0.000	-32.069	13.137
10400	1663.000	-0.407	-0.125	0.000	-32.078	19.607
10416	1663.000	-0.422	-0.542	0.000	-31.533	-22.674
10432	1663.000	-0.357	-0.353	0.000	-31.649	-3.663
10448	1663.000	-0.335	-0.224	0.000	-31.528	9.111
10464	1663.000	-0.353	-0.508	0.000	-31.490	-19.291
10480	1663.000	-0.421	-0.513	0.000	-31.808	-19.533
10496	1663.000	-0.428	-0.425	0.000	-32.267	-10.189
10512	1663.000	-0.410	-0.222	0.000	-32.306	10.058
10528	1663.000	-0.392	-0.374	0.000	-31.499	-5.917
10544	1663.000	-0.376	-0.282	0.000	-32.202	4.027
10560	1663.000	-0.427	-0.203	0.000	-31.722	11.467
10576	1663.000	-0.455	-0.433	0.000	-31.340	-12.002
10592	1663.000	-0.378	-0.323	0.000	-31.314	-1.018
10608	1663.000	-0.341	-0.169	0.000	-31.229	14.324
10624	1663.000	-0.365	-0.152	0.000	-31.240	16.052
11264	1663.000	-0.358	-0.214	0.000	-30.706	9.293
11280	1663.000	-0.411	-0.365	0.000	-30.950	-5.593
11296	1663.000	-0.337	-0.190	0.000	-31.707	12.662
11312	1663.000	-0.373	-0.144	0.000	-30.913	16.557
11328	1663.000	-0.397	-0.328	0.000	-31.328	-1.491
11344	1663.000	-0.421	-0.260	0.000	-31.388	5.412
11360	1663.000	-0.390	-0.299	0.000	-30.518	0.594
11376	1663.000	-0.405	-0.495	0.000	-31.052	-18.484
11392	1663.000	-0.340	-0.347	0.000	-31.108	-3.635
11408	1663.000	-0.385	-0.056	0.000	-30.595	24.972
11424	1663.000	-0.359	-0.496	0.000	-30.601	-18.982
11440	1663.000	-0.385	-0.417	0.000	-31.094	-10.636
11456	1663.000	-0.370	-0.191	0.000	-31.528	12.468
11472	1663.000	-0.358	-0.158	0.000	-30.713	14.891
11488	1663.000	-0.402	-0.330	0.000	-30.745	-2.216
11504	1663.000	-0.376	-0.124	0.000	-31.446	19.064
11520	1663.000	-0.303	-0.137	0.000	-31.097	17.378
11536	1663.000	-0.377	-0.524	0.000	-30.518	-21.927
11552	1663.000	-0.376	-0.137	0.000	-30.873	17.221
11568	1663.000	-0.366	-0.231	0.000	-31.157	8.031
11584	1663.000	-0.381	-0.215	0.000	-30.518	9.048
11600	1663.000	-0.425	-0.307	0.000	-31.300	0.593
11616	1663.000	-0.371	-0.209	0.000	-30.896	9.986
11632	1663.000	-0.388	-0.499	0.000	-30.773	-19.176
11648	1663.000	-0.412	-0.529	0.000	-31.908	-20.978
11664	1663.000	-0.356	-0.172	0.000	-30.568	13.396
11680	1663.000	-0.334	-0.155	0.000	-31.160	15.660
11696	1663.000	-0.413	-0.401	0.000	-30.764	-9.358
11712	1663.000	-0.374	-0.209	0.000	-30.553	9.616
11728	1663.000	-0.410	-0.352	0.000	-30.653	-4.530
11744	1663.000	-0.416	-0.556	0.000	-31.095	-24.472
11760	1663.000	-0.384	-0.230	0.000	-30.530	7.485
11776	1663.000	-0.363	-0.201	0.000	-30.527	10.461
11792	1663.000	-0.397	-0.197	0.000	-31.240	11.553
11808	1663.000	-0.438	-0.353	0.000	-30.539	-4.790
11824	1663.000	-0.406	-0.371	0.000	-30.673	-6.457
11840	1663.000	-0.398	-0.453	0.000	-30.945	-14.381
11856	1663.000	-0.411	-0.409	0.000	-30.811	-10.045
11872	1663.000	-0.458	-0.524	0.000	-31.574	-20.787
12528	1663.000	-0.329	-0.220	0.000	-25.175	3.206
12544	1663.000	-0.326	-0.345	0.000	-24.945	-9.564
12560	1663.000	-0.322	-0.171	0.000	-24.770	7.635
12576	1663.000	-0.385	-0.469	0.000	-25.009	-21.916
12592	1663.000	-0.335	-0.481	0.000	-24.727	-23.330
12608	1663.000	-0.324	-0.242	0.000	-24.498	0.313
12624	1663.000	-0.335	-0.207	0.000	-24.830	4.146
12640	1663.000	-0.315	-0.391	0.000	-24.583	-14.565
12656	1663.000	-0.316	-0.116	0.000	-24.498	12.892
12672	1663.000	-0.355	-0.407	0.000	-25.278	-15.446
12688	1663.000	-0.380	-0.367	0.000	-24.498	-12.197
12704	1663.000	-0.350	-0.286	0.000	-24.498	-4.127
12720	1663.000	-0.237	-0.139	0.000	-24.682	10.795
12736	1663.000	-0.271	-0.245	0.000	-24.710	0.210
12752	1663.000	-0.282	-0.221	0.000	-24.498	2.363
12768	1663.000	-0.294	-0.290	0.000	-24.499	-4.453
12784	1663.000	-0.356	-0.403	0.000	-25.136	-15.209
12800	1663.000	-0.294	-0.386	0.000	-24.503	-14.069
12816	1663.000	-0.297	-0.099	0.000	-24.653	14.755
12832	1663.000	-0.338	-0.145	0.000	-25.138	10.597
12848	1663.000	-0.290	-0.322	0.000	-24.515	-7.637
12864	1663.000	-0.322	-0.263	0.000	-24.972	-1.375
12880	1663.000	-0.324	-0.023	0.000	-25.068	22.773
12896	1663.000	-0.317	-0.317	0.000	-24.725	-7.024
12912	1663.000	-0.343	-0.382	0.000	-24.652	-13.522
12928	1663.000	-0.261	-0.029	0.000	-24.716	21.832
12944	1663.000	-0.307	0.002	0.000	-24.607	24.838
12960	1663.000	-0.300	-0.041	0.000	-24.508	20.403
12976	1663.000	-0.301	-0.006	0.000	-25.019	24.411
12992	1663.000	-0.405	-0.421	0.000	-25.202	-16.857
13008	1663.000	-0.361	-0.361	0.000	-24.580	-11.529
13024	1663.000	-0.331	-0.159	0.000	-24.600	8.657
13040	1663.000	-0.314	-0.051	0.000	-25.021	19.917
13056	1663.000	-0.296	-0.474	0.000	-24.716	-22.685
13072	1663.000	-0.294	-0.001	0.000	-24.880	24.734
13088	1663.000	-0.340	-0.315	0.000	-24.662	-6.884
13104	1663.000	-0.274	-0.405	0.000	-25.350	-15.139
13120	1663.000	-0.346	-0.495	0.000	-25.151	-24.348
13136	1663.000	-0.277	-0.137	0.000	-24.750	11.067
13776	1663.000	-0.948	-0.961	0.000	-78.175	-17.890
13792	1663.000	-0.994	-0.743	0.000	-77.274	2.979
13808	1663.000	-0.057	4.206	0.000	-77.296	-2.125
13824	1663.000	-1.004	-1.025	0.000	-79.153	-23.336
13840	1663.000	-0.951	-0.701	0.000	-77.281	7.155
13856	1663.000	-0.914	-0.764	0.000	-77.289	0.935
13872	1663.000	-0.987	-0.880	0.000	-77.274	-10.748
13888	1663.000	-0.941	-0.675	0.000	-77.315	9.819
13904	1663.000	-1.011	-0.767	0.000	-78.689	2.016
13920	1663.000	-0.985	-0.964	0.000	-77.559	-18.817
13936	1663.000	-1.045	-0.895	0.000	-78.307	-11.214
13952	1663.000	-1.016	-0.571	0.000	-79.984	22.873
13968	1663.000	-0.979	-0.866	0.000	-78.048	-8.601
13984	1663.000	-1.051	-1.011	0.000	-77.274	-23.833
14000	1663.000	-0.969	-0.851	0.000	-77.579	-7.524
14016	1663.000	-1.010	-0.826	0.000	-77.289	-5.339
14032	1663.000	-0.928	-0.941	0.000	-77.274	-16.787
14048	1663.000	-0.999	-0.737	0.000	-77.274	3.540
14064	1663.000	-1.003	-0.549	0.000	-77.274	22.375
14080	1663.000	-0.946	-0.791	0.000	-77.274	-1.835
14096	1663.000	0.003	4.384	0.000	-78.777	17.144
14112	1663.000	-1.000	-0.941	0.000	-78.207	-15.923
14128	1663.000	-0.885	-0.761	0.000	-77.289	1.232
14144	1663.000	-0.995	-1.000	0.000	-78.786	-21.205
14160	1663.000	-1.006	-0.970	0.000	-81.022	-16.023
14176	1663.000	-0.956	-0.638	0.000	-77.274	13.515
14192	1663.000	-1.005	-0.864	0.000	-78.743	-7.686
14208	1663.000	-0.738	-0.659	0.000	-77.576	11.627
14224	1663.000	-1.036	-0.624	0.000	-78.903	16.493
14240	1663.000	-1.033	-0.769	0.000	-78.747	1.800
14256	1663.000	-0.976	-0.642	0.000	-77.274	13.122
14272	1663.000	-1.013	-0.881	0.000	-80.958	-7.114
14288	1663.000	-0.990	-0.809	0.000	-78.666	-2.202
14304	1663.000	-0.968	-0.967	0.000	-77.289	-19.452
14320	1663.000	-0.075	4.127	0.000	-78.928	-8.350
14336	1663.000	-0.896	-0.593	0.000	-77.274	17.953
14352	1663.000	-0.957	-0.534	0.000	-77.274	23.878
14368	1663.000	-0.960	-0.766	0.000	-77.328	0.748
14384	1663.000	-0.996	-0.863	0.000	-77.291	-9.049
16	1664.000	0.913	4.194	0.000	-76.826	-3.786
32	1664.000	-0.915	-0.730	0.000	-76.073	3.036
48	1664.000	-0.871	-0.556	0.000	-73.615	17.980
64	1664.000	-0.985	-0.925	0.000	-74.953	-17.519
80	1664.000	-0.850	-0.582	0.000	-75.813	17.654
96	1664.000	-0.866	-0.841	0.000	-73.615	-10.453
112	1664.000	-0.688	-0.983	0.000	-73.725	-24.567
128	1664.000	-0.944	-0.494	0.000	-73.913	24.468
144	1664.000	-0.894	-0.991	0.000	-75.079	-23.972
160	1664.000	-0.819	-0.932	0.000	-73.953	-19.288
176	1664.000	-0.934	-0.905	0.000	-74.243	-16.302
192	1664.000	-0.925	-0.799	0.000	-76.117	-3.819
208	1664.000	-0.829	-0.535	0.000	-73.652	20.156
224	1664.000	-0.926	-0.836	0.000	-74.419	-9.134
240	1664.000	-0.718	-0.495	0.000	-73.630	24.161
256	1664.000	-0.893	-0.546	0.000	-73.615	19.004
272	1664.000	-0.752	-0.876	0.000	-73.615	-13.938
288	1664.000	-0.873	-0.957	0.000	-73.615	-22.076
304	1664.000	-0.935	-0.869	0.000	-73.615	-13.316
320	1664.000	-0.835	-0.889	0.000	-73.615	-15.236
336	1664.000	-0.872	-0.632	0.000	-74.285	11.094
352	1664.000	-0.477	4.167	1.000	-74.759	-8.574
368	1664.000	-0.846	-0.504	0.000	-73.629	23.273
384	1664.000	0.714	4.211	0.000	-75.372	-3.561
400	1664.000	-0.904	-0.724	0.000	-73.627	1.198
416	1664.000	-0.916	-0.720	0.000	-75.848	3.818
432	1664.000	-0.897	-0.554	0.000	-73.615	18.201
448	1664.000	-0.949	-0.955	0.000	-74.280	-21.229
464	1664.000	-0.933	-0.753	0.000	-76.637	1.310
480	1664.000	-0.968	-0.868	0.000	-74.258	-12.577
496	1664.000	-0.880	-0.816	0.000	-73.648	-7.928
512	1664.000	-0.962	-0.655	0.000	-73.629	8.140
528	1664.000	-0.832	-0.766	0.000	-73.663	-2.973
544	1664.000	-0.919	-0.820	0.000	-73.621	-8.393
560	1664.000	-0.965	-0.814	0.000	-75.684	-5.711
576	1664.000	-0.920	-0.533	0.000	-73.651	20.367
592	1664.000	-0.862	-0.692	0.000	-74.754	5.585
608	1664.000	-0.975	-0.835	0.000	-76.557	-6.954
624	1664.000	-0.943	-0.873	0.000	-73.658	-13.665
1264	1664.000	-0.262	-0.451	0.000	-22.818	-22.274
1280	1664.000	-0.282	-0.048	0.000	-22.784	17.955
1296	1664.000	-0.256	-0.181	0.000	-22.962	4.876
1312	1664.000	-0.326	-0.265	0.000	-22.988	-3.480
1328	1664.000	-0.299	-0.339	0.000	-22.677	-11.239
1344	1664.000	-0.289	-0.106	0.000	-23.000	12.378
1360	1664.000	-0.243	-0.097	0.000	-22.599	12.923
1376	1664.000	-0.238	-0.187	0.000	-22.695	3.974
1392	1664.000	-0.235	0.009	0.000	-22.599	23.506
1408	1664.000	-0.307	-0.114	0.000	-22.698	11.256
1424	1664.000	-0.218	-0.103	0.000	-23.062	12.791
1440	1664.000	-0.217	0.014	0.000	-22.967	24.376
1456	1664.000	-0.309	-0.189	0.000	-22.695	3.830
1472	1664.000	-0.334	-0.446	0.000	-22.663	-21.984
1488	1664.000	-0.256	-0.187	0.000	-22.664	4.003
1504	1664.000	-0.335	-0.377	0.000	-22.597	-15.141
1520	1664.000	-0.255	-0.120	0.000	-22.682	10.731
1536	1664.000	-0.301	-0.465	0.000	-22.670	-23.872
1552	1664.000	-0.235	-0.002	0.000	-22.860	22.704
1568	1664.000	-0.216	-0.175	0.000	-22.748	5.254
1584	1664.000	-0.311	-0.428	0.000	-22.602	-20.212
1600	1664.000	-0.264	-0.057	0.000	-22.999	17.257
1616	1664.000	-0.288	-0.220	0.000	-22.917	0.875
1632	1664.000	-0.283	-0.359	0.000	-22.675	-13.273
1648	1664.000	-0.261	-0.088	0.000	-22.758	13.997
1664	1664.000	-0.246	0.123	0.023	-23.335	24.293
1680	1664.000	-0.260	-0.008	0.000	-22.602	21.800
1696	1664.000	-0.278	-0.281	0.000	-22.838	-5.213
1712	1664.000	-0.246	-0.144	0.000	-22.668	8.309
1728	1664.000	-0.279	-0.233	0.000	-22.690	-0.593
1744	1664.000	-0.285	-0.403	0.000	-22.901	-17.378
1760	1664.000	-0.249	-0.208	0.000	-22.602	1.820
1776	1664.000	-0.265	-0.100	0.000	-22.818	12.782
1792	1664.000	-0.288	-0.228	0.000	-22.991	0.201
1808	1664.000	-0.302	-0.154	0.000	-22.737	7.321
1824	1664.000	-0.274	-0.163	0.038	-23.461	-11.633
1840	1664.000	-0.290	-0.337	0.000	-23.432	-10.273
1856	1664.000	-0.233	-0.297	0.000	-22.690	-7.010
1872	1664.000	-0.273	-0.213	0.000	-22.939	1.594
2512	1664.000	-0.365	-0.175	0.000	-30.954	13.457
2528	1664.000	-0.426	-0.527	0.000	-31.110	-21.606
2544	1664.000	-0.403	-0.242	0.000	-30.822	6.603
2560	1664.000	-0.327	-0.100	0.000	-30.333	20.373
2576	1664.000	-0.408	-0.415	0.000	-30.990	-10.506
2592	1664.000	-0.421	-0.275	0.000	-30.775	3.235
2608	1664.000	-0.356	-0.414	0.000	-30.264	-11.099
2624	1664.000	-0.406	-0.516	0.000	-30.443	-21.114
2640	1664.000	-0.360	-0.167	0.000	-30.980	14.317
2656	1664.000	-0.375	-0.350	0.000	-30.619	-4.414
2672	1664.000	-0.392	-0.488	0.000	-30.365	-18.416
2688	1664.000	-0.330	-0.498	0.000	-30.780	-18.986
2704	1664.000	-0.343	-0.144	0.000	-30.261	15.866
2720	1664.000	-0.376	-0.169	0.000	-30.605	13.744
2736	1664.000	-0.299	-0.145	0.000	-30.487	15.946
2752	1664.000	-0.315	-0.071	0.000	-30.298	23.169
2768	1664.000	-0.395	-0.278	0.000	-30.337	2.518
2784	1664.000	-0.368	-0.160	0.000	-30.538	14.571
2800	1664.000	-0.415	-0.359	0.000	-30.678	-5.209
2816	1664.000	-0.394	-0.283	0.000	-30.264	1.982
2832	1664.000	-0.367	-0.395	0.000	-30.402	-9.128
2848	1664.000	-0.373	0.033	0.067	-30.372	0.386
2864	1664.000	-0.356	-0.157	0.000	-30.954	15.243
2880	1664.000	-0.400	-0.392	0.000	-30.416	-8.760
2896	1664.000	-0.415	-0.464	0.000	-30.554	-15.822
2912	1664.000	-0.427	-0.062	0.000	-30.863	24.650
2928	1664.000	-0.469	-0.349	0.000	-30.266	-4.669
2944	1664.000	-0.380	-0.362	0.027	-30.563	-19.352
2960	1664.000	-0.431	-0.461	0.000	-31.420	-14.659
2976	1664.000	-0.477	-0.532	0.000	-30.342	-22.868
2992	1664.000	-0.383	-0.088	0.000	-30.435	21.662
3008	1664.000	-0.356	-0.327	0.000	-30.489	-2.213
3024	1664.000	-0.388	-0.513	0.000	-30.305	-21.001
3040	1664.000	-0.346	-0.476	0.000	-30.709	-16.934
3056	1664.000	-0.439	-0.396	0.000	-30.737	-8.835
3072	1664.000	-0.369	-0.320	0.000	-30.678	-1.275
3088	1664.000	-0.453	-0.503	0.000	-30.810	-19.518
3104	1664.000	-0.364	-0.235	0.000	-30.772	7.275
3120	1664.000	-0.388	-0.451	0.000	-31.064	-14.079
3760	1664.000	-0.367	-0.104	0.000	-30.269	19.830
3776	1664.000	-0.378	-0.059	0.000	-30.051	24.129
3792	1664.000	-0.362	-0.306	0.000	-30.220	-0.406
3808	1664.000	-0.361	-0.334	0.000	-30.091	-3.337
3824	1664.000	-0.394	-0.289	0.000	-30.117	1.204
3840	1664.000	-0.408	-0.390	0.000	-30.150	-8.874
3856	1664.000	-0.362	-0.311	0.000	-29.967	-1.183
3872	1664.000	-0.418	-0.363	0.000	-30.125	-6.187
3888	1664.000	-0.386	-0.415	0.000	-30.361	-11.119
3904	1664.000	-0.398	-0.526	0.000	-30.034	-22.611
3920	1664.000	-0.369	-0.164	0.000	-30.341	13.903
3936	1664.000	-0.306	-0.066	0.000	-30.281	23.693
3952	1664.000	-0.326	-0.111	0.000	-30.178	19.125
3968	1664.000	-0.385	-0.309	0.000	-30.479	-0.394
3984	1664.000	-0.367	-0.202	0.000	-30.115	9.944
4000	1664.000	-0.444	-0.338	0.000	-30.300	-3.481
4016	1664.000	-0.374	-0.119	0.000	-30.320	18.370
4032	1664.000	-0.464	-0.494	0.000	-30.111	-19.339
4048	1664.000	-0.357	-0.331	0.000	-30.370	-2.695
4064	1664.000	-0.344	-0.174	0.000	-30.154	12.765
4080	1664.000	-0.369	-0.112	0.000	-30.150	18.915
4096	1664.000	-0.325	-0.078	0.000	-30.575	22.757
4112	1664.000	-0.347	-0.158	0.032	-30.533	-1.071
4128	1664.000	-0.327	-0.156	0.000	-30.060	14.497
4144	1664.000	-0.382	-0.489	0.000	-30.672	-18.187
4160	1664.000	-0.399	-0.179	0.000	-30.081	12.169
4176	1664.000	-0.418	-0.454	0.000	-30.301	-15.057
4192	1664.000	-0.449	-0.486	0.000	-30.169	-18.441
4208	1664.000	-0.396	-0.459	0.000	-29.870	-16.025
4224	1664.000	-0.410	-0.298	0.000	-30.594	0.807
4240	1664.000	-0.366	-0.241	0.000	-30.259	6.200
4256	1664.000	-0.386	-0.263	0.000	-30.059	3.725
4272	1664.000	-0.391	-0.268	0.000	-30.702	3.891
4288	1664.000	-0.397	-0.437	0.000	-30.141	-13.595
4304	1664.000	-0.373	-0.327	0.000	-29.941	-2.745
4320	1664.000	-0.406	-0.416	0.000	-30.099	-11.482
4336	1664.000	-0.390	-0.293	0.000	-30.310	1.018
4352	1664.000	-0.399	-0.433	0.000	-29.899	-13.409
4368	1664.000	-0.444	-0.500	0.002	-30.289	-20.435
5008	1664.000	-0.287	-0.051	0.000	-21.631	16.533
5024	1664.000	-0.277	-0.426	0.000	-21.625	-21.012
5040	1664.000	-0.300	-0.182	0.000	-21.751	3.518
5056	1664.000	-0.223	0.026	0.000	-21.641	24.250
5072	1664.000	-0.285	-0.399	0.000	-21.749	-18.157
5088	1664.000	-0.213	-0.043	0.000	-21.973	17.709
5104	1664.000	-0.239	-0.139	0.000	-21.711	7.798
5120	1664.000	-0.259	-0.176	0.000	-21.803	4.247
5136	1664.000	-0.292	0.019	0.000	-21.787	23.695
5152	1664.000	-0.294	-0.337	0.000	-21.805	-11.895
5168	1664.000	-0.300	-0.143	0.000	-21.913	7.563
5184	1664.000	-0.290	-0.462	0.000	-21.691	-24.557
5200	1664.000	-0.334	-0.463	0.000	-22.074	-24.272
5216	1664.000	-0.246	-0.101	0.000	-21.880	11.765
5232	1664.000	-0.288	-0.338	0.000	-21.705	-12.085
5248	1664.000	-0.264	-0.112	0.000	-22.158	10.953
5264	1664.000	-0.231	-0.156	0.000	-22.053	6.414
5280	1664.000	-0.237	-0.238	0.000	-21.749	-2.018
5296	1664.000	-0.270	-0.006	0.000	-22.034	21.385
5312	1664.000	-0.267	-0.203	0.000	-21.646	1.303
5328	1664.000	-0.283	-0.000	0.000	-22.138	22.106
5344	1664.000	-0.312	-0.455	0.000	-22.030	-23.492
5360	1664.000	-0.310	-0.217	0.000	-21.564	-0.091
5376	1664.000	-0.210	0.005	0.000	-22.677	23.129
5392	1664.000	-0.246	-0.054	0.000	-21.707	16.274
5408	1664.000	-0.288	-0.208	0.000	-21.555	0.706
5424	1664.000	-0.201	-0.192	0.000	-22.000	2.759
5440	1664.000	-0.270	-0.264	0.000	-21.730	-4.711
5456	1664.000	-0.327	-0.353	0.009	-21.616	-17.931
5472	1664.000	-0.159	0.311	0.072	-21.553	16.731
5488	1664.000	-0.267	-0.375	0.000	-21.556	-15.929
5504	1664.000	-0.255	-0.114	0.000	-21.682	10.262
5520	1664.000	-0.276	-0.002	0.000	-21.556	21.389
5536	1664.000	-0.241	0.154	0.044	-21.553	14.954
5552	1664.000	-0.202	-0.017	0.000	-21.911	20.163
5568	1664.000	-0.267	-0.306	0.000	-21.650	-8.901
5584	1664.000	-0.209	-0.165	0.000	-21.653	5.171
5600	1664.000	-0.251	-0.444	0.000	-21.674	-22.747
5616	1664.000	-0.222	0.081	0.037	-21.744	11.290
6272	1664.000	-0.950	-0.933	0.000	-76.487	-16.829
6288	1664.000	-0.920	-0.930	0.000	-76.196	-16.807
6304	1664.000	-0.924	-0.564	0.000	-76.169	19.788
6320	1664.000	-0.984	-1.016	0.000	-76.787	-24.777
6336	1664.000	0.695	4.009	0.000	-76.155	-22.977
6352	1664.000	-0.916	-0.573	0.000	-76.155	18.892
6368	1664.000	-0.980	-0.964	0.000	-77.859	-18.542
6384	1664.000	-0.900	-0.532	0.000	-76.864	23.622
6400	1664.000	-0.843	-0.860	0.000	-76.156	-9.826
6416	1664.000	0.756	4.418	0.000	-78.133	19.924
6432	1664.000	-0.930	-0.995	0.000	-78.703	-20.789
6448	1664.000	-0.981	-0.796	0.000	-76.787	-2.770
6464	1664.000	-0.888	-0.562	0.000	-76.779	20.550
6480	1664.000	-0.993	-0.919	0.000	-76.175	-15.760
6496	1664.000	-0.911	-0.662	0.000	-76.169	9.956
6512	1664.000	-0.948	-0.891	0.000	-76.755	-12.311
6528	1664.000	-0.851	-0.616	0.000	-76.189	14.594
6544	1664.000	-0.937	-0.765	0.000	-76.192	-0.316
6560	1664.000	-0.932	-0.986	0.000	-77.088	-21.523
6576	1664.000	-0.479	4.414	1.000	-78.025	19.428
6592	1664.000	-0.982	-0.717	0.000	-76.785	5.035
6608	1664.000	-0.981	-0.922	0.000	-77.100	-15.116
6624	1664.000	-0.948	-0.729	0.000	-77.984	5.122
6640	1664.000	-0.988	-1.017	0.000	-77.842	-23.871
6656	1664.000	-1.039	-0.765	0.000	-77.895	1.428
6672	1664.000	-0.903	-0.771	0.000	-76.180	-0.937
6688	1664.000	-0.911	-0.597	0.000	-76.233	16.576
6704	1664.000	-0.965	-1.006	0.000	-77.587	-23.012
6720	1664.000	-0.958	-0.678	0.000	-76.155	8.323
6736	1664.000	-0.908	-0.557	0.049	-76.472	-3.838
6752	1664.000	-0.973	-0.640	0.000	-78.651	14.679
6768	1664.000	-0.968	-1.014	0.000	-77.145	-24.278
6784	1664.000	-0.958	-0.798	0.000	-76.155	-3.653
6800	1664.000	-0.913	-0.566	0.000	-77.419	20.824
6816	1664.000	1.020	4.591	0.072	-84.054	7.389
6832	1664.000	-0.959	-0.742	0.000	-76.169	1.990
6848	1664.000	-1.022	-1.016	0.000	-77.885	-23.747
6864	1664.000	-0.942	-0.791	0.000	-77.176	-1.951
6880	1664.000	-0.946	-0.944	0.000	-76.185	-18.209
7520	1664.000	-0.915	-0.853	0.000	-72.200	-13.099
7536	1664.000	-0.862	-0.519	0.000	-72.489	20.585
7552	1664.000	-0.920	-0.862	0.000	-72.436	-13.773
7568	1664.000	-0.887	-0.598	0.000	-72.178	12.350
7584	1664.000	-0.865	-0.495	0.000	-73.836	24.330
7600	1664.000	-0.929	-0.786	0.000	-74.041	-4.571
7616	1664.000	-0.940	-0.700	0.000	-72.183	2.137
7632	1664.000	-0.919	-0.892	0.000	-73.469	-15.739
7648	1664.000	-0.911	-0.640	0.000	-72.437	8.405
7664	1664.000	-0.883	-0.721	0.000	-74.420	2.330
7680	1664.000	-0.926	-0.787	0.000	-72.220	-6.471
7696	1664.000	-0.942	-0.711	0.000	-72.808	1.661
7712	1664.000	-0.946	-0.609	0.000	-73.378	12.432
7728	1664.000	-0.904	-0.854	0.000	-72.547	-12.832
7744	1664.000	-0.910	-0.754	0.000	-72.255	-3.151
7760	1664.000	-0.870	-0.756	0.000	-72.164	-3.417
7776	1664.000	-0.876	-0.561	0.000	-74.356	18.212
7792	1664.000	-0.927	-0.790	0.000	-72.233	-6.795
7808	1664.000	-0.874	-0.944	0.000	-72.164	-22.210
7824	1664.000	-0.945	-0.732	0.000	-74.187	0.943
7840	1664.000	-0.907	-0.717	0.000	-72.196	0.460
7856	1664.000	-0.938	-0.859	0.000	-72.463	-13.402
7872	1664.000	-0.933	-0.522	0.000	-76.018	23.770
7888	1664.000	-0.909	-0.638	0.000	-72.467	8.693
7904	1664.000	-0.922	-0.954	0.000	-72.164	-23.206
7920	1664.000	-0.894	-0.578	0.000	-74.231	16.450
7936	1664.000	-0.945	-0.807	0.000	-74.376	-6.276
7952	1664.000	-0.837	-0.897	0.000	-73.018	-16.652
7968	1664.000	-0.925	-0.776	0.000	-72.194	-5.410
7984	1664.000	-0.946	-0.839	0.000	-72.504	-11.354
8000	1664.000	-0.861	-0.543	0.000	-73.030	18.758
8016	1664.000	-0.920	-0.673	0.000	-73.337	5.992
8032	1664.000	-0.937	-0.929	0.000	-72.171	-20.742
8048	1664.000	-0.852	-0.565	0.000	-72.964	16.454
8064	1664.000	-0.927	-0.772	0.000	-72.883	-4.358
8080	1664.000	-0.392	4.511	1.000	-72.201	23.321
8096	1664.000	-0.928	-0.539	0.000	-72.959	19.062
8112	1664.000	-0.839	-0.675	0.000	-72.214	4.700
8128	1664.000	-0.886	-0.729	0.000	-72.213	-0.642
8768	1664.000	-0.317	-0.226	0.000	-25.094	2.465
8784	1664.000	-0.303	-0.101	0.000	-25.143	15.012
8800	1664.000	-0.307	-0.493	0.000	-25.527	-23.742
8816	1664.000	-0.287	-0.195	0.000	-25.455	5.973
8832	1664.000	-0.296	-0.418	0.000	-25.206	-16.558
8848	1664.000	-0.233	-0.154	0.000	-25.431	10.056
8864	1664.000	-0.365	-0.360	0.000	-25.411	-10.571
8880	1664.000	-0.304	-0.341	0.000	-25.133	-8.988
8896	1664.000	-0.338	-0.354	0.000	-25.505	-9.899
8912	1664.000	-0.337	-0.411	0.000	-25.081	-15.998
8928	1664.000	-0.339	-0.243	0.000	-25.000	0.749
8944	1664.000	-0.274	-0.210	0.000	-25.107	4.153
8960	1664.000	-0.267	-0.158	0.000	-25.316	9.498
8976	1664.000	-0.375	-0.481	0.000	-25.328	-22.815
8992	1664.000	-0.346	-0.424	0.000	-25.741	-16.633
9008	1664.000	-0.288	-0.120	0.000	-25.462	13.459
9024	1664.000	-0.302	-0.280	0.000	-25.987	-2.045
9040	1664.000	-0.358	-0.505	0.000	-25.647	-24.865
9056	1664.000	-0.393	-0.388	0.000	-25.667	-13.178
9072	1664.000	-0.346	-0.284	0.000	-25.525	-2.846
9088	1664.000	-0.304	-0.242	0.000	-25.042	0.866
9104	1664.000	-0.313	-0.329	0.000	-25.033	-7.836
9120	1664.000	-0.341	-0.361	0.000	-25.790	-10.283
9136	1664.000	-0.372	-0.494	0.000	-25.033	-24.332
9152	1664.000	-0.277	-0.270	0.000	-25.003	-1.949
9168	1664.000	-0.253	-0.128	0.000	-25.341	12.567
9184	1664.000	-0.264	-0.118	0.000	-25.189	13.398
9200	1664.000	-0.291	-0.135	0.000	-25.363	11.856
9216	1664.000	-0.299	-0.126	0.000	-25.071	12.437
9232	1664.000	-0.316	-0.031	0.000	-25.070	21.977
9248	1664.000	-0.312	-0.496	0.000	-25.316	-24.281
9264	1664.000	-0.309	-0.036	0.000	-25.063	21.499
9280	1664.000	-0.280	-0.237	0.000	-25.070	1.333
9296	1664.000	-0.307	-0.260	0.000	-25.151	-0.845
9312	1664.000	-0.368	-0.175	0.000	-25.284	7.752
9328	1664.000	-0.273	-0.013	0.000	-25.301	24.000
9344	1664.000	-0.363	-0.163	0.000	-25.000	8.734
9360	1664.000	-0.331	-0.233	0.000	-25.485	2.172
9376	1664.000	-0.345	-0.065	0.000	-25.249	18.756
10016	1664.000	-0.346	-0.092	0.000	-30.035	20.872
10032	1664.000	-0.357	-0.207	0.000	-29.953	9.273
10048	1664.000	-0.314	-0.103	0.000	-30.099	19.835
10064	1664.000	-0.343	-0.447	0.000	-30.157	-14.586
10080	1664.000	-0.407	-0.288	0.000	-29.999	1.233
10096	1664.000	-0.373	-0.085	0.000	-30.587	22.077
10112	1664.000	-0.386	-0.405	0.000	-30.263	-10.264
10128	1664.000	-0.331	-0.251	0.000	-30.225	5.099
10144	1664.000	-0.366	-0.403	0.000	-30.486	-9.838
10160	1664.000	-0.358	-0.450	0.000	-30.040	-14.979
10176	1664.000	-0.340	-0.150	0.000	-30.371	15.328
10192	1664.000	-0.363	-0.351	0.000	-30.094	-5.022
10208	1664.000	-0.327	-0.137	0.000	-29.951	16.270
10224	1664.000	-0.392	-0.446	0.000	-30.019	-14.574
10240	1664.000	-0.370	-0.480	0.000	-30.406	-17.583
10256	1664.000	-0.317	-0.062	0.000	-30.211	24.058
10272	1664.000	-0.367	-0.497	0.000	-30.161	-19.495
10288	1664.000	-0.346	-0.460	0.000	-30.241	-15.726
10304	1664.000	-0.414	-0.441	0.000	-30.619	-13.491
10320	1664.000	-0.373	-0.296	0.000	-30.391	0.763
10336	1664.000	-0.367	-0.344	0.000	-30.672	-3.774
10352	1664.000	-0.441	-0.329	0.000	-30.613	-2.325
10368	1664.000	-0.449	-0.487	0.000	-30.627	-18.048
10384	1664.000	-0.372	-0.370	0.000	-30.714	-6.305
10400	1664.000	-0.409	-0.363	0.000	-30.722	-5.534
10416	1664.000	-0.392	-0.085	0.000	-30.230	21.767
10432	1664.000	-0.349	-0.372	0.000	-30.334	-6.859
10448	1664.000	-0.295	-0.125	0.000	-30.225	17.696
10464	1664.000	-0.340	-0.179	0.000	-30.191	12.333
10480	1664.000	-0.404	-0.426	0.000	-30.478	-12.165
10496	1664.000	-0.410	-0.231	0.000	-30.894	7.839
10512	1664.000	-0.375	-0.109	0.000	-30.929	20.079
10528	1664.000	-0.404	-0.400	0.000	-30.199	-9.786
10544	1664.000	-0.401	-0.533	0.000	-30.835	-22.449
10560	1664.000	-0.395	-0.078	0.000	-30.400	22.648
10576	1664.000	-0.420	-0.357	0.000	-30.055	-5.641
10592	1664.000	-0.355	-0.128	0.000	-30.031	17.238
10608	1664.000	-0.327	-0.419	0.000	-29.954	-11.912
10624	1664.000	-0.365	-0.292	0.000	-29.964	0.800
11264	1664.000	-0.325	-0.241	0.000	-29.443	5.333
11280	1664.000	-0.398	-0.481	0.000	-29.663	-18.433
11296	1664.000	-0.337	-0.491	0.000	-30.348	-18.756
11312	1664.000	-0.351	-0.092	0.000	-29.630	20.430
11328	1664.000	-0.378	-0.430	0.000	-30.005	-12.956
11344	1664.000	-0.393	-0.203	0.000	-30.059	9.801
11360	1664.000	-0.394	-0.447	0.000	-29.273	-15.389
11376	1664.000	-0.350	-0.067	0.000	-29.756	23.029
11392	1664.000	-0.347	-0.282	0.000	-29.807	1.596
11408	1664.000	-0.394	-0.518	0.000	-29.343	-22.488
11424	1664.000	-0.386	-0.507	0.000	-29.348	-21.355
11440	1664.000	-0.368	-0.187	0.000	-29.794	11.134
11456	1664.000	-0.357	-0.339	0.000	-30.186	-3.703
11472	1664.000	-0.343	-0.201	0.000	-29.449	9.315
11488	1664.000	-0.373	-0.303	0.000	-29.478	-0.808
11504	1664.000	-0.373	-0.445	0.000	-30.112	-14.408
11520	1664.000	-0.308	-0.379	0.000	-29.796	-8.134
11536	1664.000	-0.363	-0.218	0.000	-29.273	7.435
11552	1664.000	-0.367	-0.291	0.000	-29.594	0.509
11568	1664.000	-0.384	-0.493	0.000	-29.850	-19.459
11584	1664.000	-0.367	-0.131	0.000	-29.273	16.179
11600	1664.000	-0.444	-0.514	0.000	-29.980	-21.436
11616	1664.000	-0.373	-0.524	0.000	-29.614	-22.803
11632	1664.000	-0.358	-0.326	0.000	-29.503	-3.119
11648	1664.000	-0.360	-0.096	0.000	-30.530	20.979
11664	1664.000	-0.335	-0.188	0.000	-29.318	10.542
11680	1664.000	-0.321	-0.139	0.000	-29.854	15.920
11696	1664.000	-0.382	-0.400	0.000	-29.495	-10.531
11712	1664.000	-0.351	-0.364	0.000	-29.304	-7.061
11728	1664.000	-0.424	-0.468	0.000	-29.394	-17.398
11744	1664.000	-0.387	-0.275	0.000	-29.795	2.298
11760	1664.000	-0.387	-0.416	0.000	-29.284	-12.298
11776	1664.000	-0.354	-0.440	0.000	-29.281	-14.762
11792	1664.000	-0.382	-0.471	0.000	-29.926	-17.156
11808	1664.000	-0.399	-0.357	0.000	-29.291	-6.430
11824	1664.000	-0.407	-0.442	0.000	-29.413	-14.835
11840	1664.000	-0.367	-0.189	0.000	-29.659	10.774
11856	1664.000	-0.373	-0.210	0.000	-29.538	8.567
11872	1664.000	-0.434	-0.114	0.000	-30.229	18.837
12528	1664.000	-0.333	-0.332	0.000	-24.111	-9.105
12544	1664.000	-0.322	-0.475	0.000	-23.903	-23.609
12560	1664.000	-0.319	-0.179	0.000	-23.744	5.815
12576	1664.000	-0.371	-0.442	0.000	-23.960	-20.250
12592	1664.000	-0.319	-0.126	0.000	-23.705	11.146
12608	1664.000	-0.281	-0.100	0.000	-23.498	13.463
12624	1664.000	-0.345	-0.436	0.000	-23.799	-19.843
12640	1664.000	-0.299	-0.007	0.000	-23.575	22.830
12656	1664.000	-0.333	-0.406	0.000	-23.498	-17.064
12672	1664.000	-0.327	-0.362	0.000	-24.204	-11.999
12688	1664.000	-0.362	-0.147	0.000	-23.498	8.791
12704	1664.000	-0.337	-0.430	0.000	-23.498	-19.504
12720	1664.000	-0.261	-0.384	0.000	-23.665	-14.784
12736	1664.000	-0.254	-0.226	0.000	-23.690	1.057
12752	1664.000	-0.287	-0.465	0.000	-23.498	-23.001
12768	1664.000	-0.302	-0.475	0.000	-23.499	-23.984
12784	1664.000	-0.317	-0.172	0.000	-24.076	6.854
12800	1664.000	-0.312	-0.397	0.000	-23.503	-16.238
12816	1664.000	-0.274	-0.003	0.000	-23.639	23.380
12832	1664.000	-0.319	-0.365	0.000	-24.078	-12.408
12848	1664.000	-0.286	-0.228	0.000	-23.514	0.744
12864	1664.000	-0.325	-0.203	0.000	-23.927	3.612
12880	1664.000	-0.344	-0.479	0.000	-24.014	-23.842
12896	1664.000	-0.313	-0.362	0.000	-23.703	-12.513
12912	1664.000	-0.296	-0.060	0.000	-23.638	17.644
12928	1664.000	-0.230	-0.139	0.000	-23.695	9.821
12944	1664.000	-0.297	-0.379	0.000	-23.597	-14.304
12960	1664.000	-0.298	-0.475	0.000	-23.507	-23.989
12976	1664.000	-0.288	-0.156	0.000	-23.970	8.341
12992	1664.000	-0.356	-0.074	0.000	-24.135	16.757
13008	1664.000	-0.340	-0.085	0.000	-23.573	15.082
13024	1664.000	-0.314	-0.179	0.000	-23.591	5.644
13040	1664.000	-0.294	-0.316	0.000	-23.971	-7.607
13056	1664.000	-0.281	-0.394	0.000	-23.695	-15.662
13072	1664.000	-0.275	-0.367	0.000	-23.844	-12.846
13088	1664.000	-0.320	-0.024	0.000	-23.647	21.211
13104	1664.000	-0.243	-0.082	0.000	-24.269	16.096
13120	1664.000	-0.309	-0.066	0.000	-24.089	17.500
13136	1664.000	-0.260	-0.123	0.000	-23.726	11.393
13776	1664.000	-0.919	-0.635	0.000	-74.936	11.473
13792	1664.000	-0.959	-0.620	0.000	-74.120	12.089
13808	1664.000	0.698	4.149	0.000	-74.140	-10.926
13824	1664.000	-0.963	-0.878	0.000	-75.820	-11.965
13840	1664.000	-0.918	-0.670	0.000	-74.127	7.168
13856	1664.000	-0.922	-0.924	0.000	-74.134	-18.248
13872	1664.000	-0.914	-0.494	0.000	-74.120	24.770
13888	1664.000	-0.904	-0.570	0.000	-74.158	17.170
13904	1664.000	-0.958	-0.606	0.000	-75.401	14.828
13920	1664.000	-0.964	-0.743	0.000	-74.378	0.038
13936	1664.000	-0.994	-0.681	0.000	-75.055	6.963
13952	1664.000	-0.970	-0.549	0.000	-76.573	21.627
13968	1664.000	-0.933	-0.635	0.000	-74.821	11.278
13984	1664.000	-1.001	-0.924	0.000	-74.120	-18.306
14000	1664.000	-0.933	-0.813	0.000	-74.396	-6.923
14016	1664.000	-0.969	-0.727	0.000	-74.134	1.399
14032	1664.000	-0.908	-0.780	0.000	-74.120	-3.862
14048	1664.000	-0.967	-0.654	0.000	-74.120	8.715
14064	1664.000	-0.937	-0.583	0.000	-74.120	15.824
14080	1664.000	-0.909	-0.809	0.000	-74.120	-6.757
14096	1664.000	0.748	4.131	0.000	-75.480	-11.462
14112	1664.000	-0.950	-0.617	0.000	-74.965	13.247
14128	1664.000	-0.862	-0.640	0.000	-74.134	10.121
14144	1664.000	-0.955	-0.798	0.000	-75.488	-4.334
14160	1664.000	-0.954	-0.542	0.000	-77.512	23.320
14176	1664.000	-0.917	-0.823	0.000	-74.120	-8.179
14192	1664.000	-0.997	-0.944	0.000	-75.450	-18.980
14208	1664.000	-0.728	-0.713	0.000	-74.394	3.102
14224	1664.000	-0.502	4.421	1.000	-75.594	17.733
14240	1664.000	-0.974	-0.798	0.000	-75.453	-4.317
14256	1664.000	-0.953	-0.779	0.000	-74.120	-3.765
14272	1664.000	-0.938	-0.632	0.000	-77.454	14.217
14288	1664.000	-0.973	-0.822	0.000	-75.380	-6.801
14304	1664.000	-0.908	-0.497	0.000	-74.134	24.474
14320	1664.000	0.683	4.163	0.000	-75.617	-8.099
14336	1664.000	-0.870	-0.644	0.000	-74.120	9.763
14352	1664.000	-0.904	-0.524	0.000	-74.120	21.748
14368	1664.000	-0.941	-0.901	0.000	-74.169	-15.883
14384	1664.000	-0.959	-0.977	0.000	-74.136	-23.590
16	1665.000	1.432	3.614	0.000	-137.953	-0.690
32	1665.000	-0.977	-1.291	0.000	-128.442	-0.617
48	1665.000	-0.886	-1.107	0.000	-121.011	10.350
64	1665.000	-1.006	-1.231	0.000	-124.153	1.026
80	1665.000	-0.917	-1.494	0.000	-128.207	-21.149
96	1665.000	-0.876	-1.013	0.000	-122.942	21.596
112	1665.000	-0.755	-1.108	0.000	-121.112	10.315
128	1665.000	-0.979	-1.136	0.000	-121.281	7.682
144	1665.000	-0.945	-1.427	0.000	-130.884	-11.806
160	1665.000	-0.898	-1.584	0.000	-133.928	-24.450
176	1665.000	-0.952	-1.227	0.000	-121.580	-1.084
192	1665.000	-0.967	-1.159	0.000	-127.339	11.478
208	1665.000	-0.877	-1.094	0.000	-131.999	22.627
224	1665.000	-0.939	-1.018	0.000	-121.739	19.891
240	1665.000	-0.811	-1.369	0.000	-125.088	-11.777
256	1665.000	-0.916	-1.166	0.000	-122.942	6.367
272	1665.000	-0.817	-1.221	0.014	-126.217	-2.915
288	1665.000	-0.889	-0.996	0.008	-125.074	21.426
304	1665.000	-0.948	-0.961	0.000	-121.011	24.949
320	1665.000	-0.925	-1.499	0.000	-126.217	-23.712
336	1665.000	-0.769	-0.400	0.174	-134.503	7.318
352	1665.000	-0.565	-1.009	0.000	-123.978	23.057
368	1665.000	-0.905	-1.176	0.000	-121.024	3.471
384	1665.000	1.266	3.390	0.000	-136.638	-24.374
400	1665.000	-0.953	-1.193	0.000	-121.022	1.695
416	1665.000	-0.893	-0.879	0.036	-123.032	16.890
432	1665.000	-0.955	-1.519	0.000	-131.490	-20.400
448	1665.000	-0.978	-1.178	0.000	-121.614	3.825
464	1665.000	-0.944	-0.897	0.035	-129.740	22.598
480	1665.000	-0.949	-1.043	0.051	-130.142	0.498
496	1665.000	-0.901	-1.124	0.000	-129.590	17.195
512	1665.000	-0.978	-1.124	0.020	-125.087	2.532
528	1665.000	-0.863	-1.176	0.027	-121.055	-10.087
544	1665.000	-0.934	-1.189	0.000	-121.017	2.075
560	1665.000	-0.977	-1.134	0.000	-122.884	9.463
576	1665.000	-0.919	-1.055	0.000	-121.044	15.545
592	1665.000	-0.839	-0.772	0.099	-126.105	-0.590
608	1665.000	-0.976	-0.991	0.000	-123.673	24.599
624	1665.000	-0.962	-1.093	0.000	-121.051	11.767
1264	1665.000	-0.238	0.024	0.032	-21.874	8.366
1280	1665.000	-0.253	-0.155	0.000	-21.844	6.299
1296	1665.000	-0.209	0.118	0.061	-22.005	3.196
1312	1665.000	-0.333	-0.450	0.003	-22.029	-24.412
1328	1665.000	-0.235	0.212	0.059	-21.748	13.605
1344	1665.000	-0.258	-0.123	0.000	-22.039	9.753
1360	1665.000	-0.182	-0.029	0.072	-21.677	-17.120
1376	1665.000	-0.192	-0.038	0.081	-21.764	-22.333
1392	1665.000	-0.189	0.023	0.070	-21.677	-11.032
1408	1665.000	-0.112	0.945	0.188	-21.767	22.257
1424	1665.000	-0.232	-0.429	0.003	-22.095	-22.162
1440	1665.000	-0.196	-0.301	0.024	-22.009	-19.941
1456	1665.000	-0.218	0.365	0.075	-21.764	20.733
1472	1665.000	-0.305	-0.261	0.025	-21.735	-17.005
1488	1665.000	-0.270	-0.221	0.000	-21.736	-0.334
1504	1665.000	-0.142	0.704	0.163	-21.675	10.608
1520	1665.000	-0.243	-0.034	0.020	-21.752	8.525
1536	1665.000	-0.241	-0.074	0.034	-21.741	-2.583
1552	1665.000	-0.268	-0.367	0.000	-21.912	-14.785
1568	1665.000	-0.230	-0.345	0.000	-21.811	-12.693
1584	1665.000	-0.256	0.205	0.040	-21.680	22.227
1600	1665.000	-0.088	0.635	0.183	-22.039	-5.774
1616	1665.000	-0.219	0.173	0.040	-21.965	19.452
1632	1665.000	-0.240	0.002	0.071	-21.745	-13.524
1648	1665.000	-0.264	-0.275	0.000	-21.820	-5.702
1664	1665.000	-0.207	-0.107	0.052	-22.343	-14.357
1680	1665.000	-0.289	-0.449	0.000	-21.680	-23.201
1696	1665.000	-0.204	0.152	0.060	-21.892	7.301
1712	1665.000	-0.269	-0.466	0.000	-21.739	-24.901
1728	1665.000	-0.250	-0.075	0.000	-21.759	14.219
1744	1665.000	-0.268	-0.151	0.025	-21.950	-5.682
1760	1665.000	-0.189	0.138	0.041	-21.680	15.153
1776	1665.000	-0.249	-0.350	0.000	-21.874	-13.135
1792	1665.000	-0.180	0.253	0.080	-22.031	7.471
1808	1665.000	-0.276	-0.266	0.000	-21.801	-4.812
1824	1665.000	-0.225	-0.034	0.088	-22.456	-24.787
1840	1665.000	-0.240	-0.217	0.051	-22.431	-24.783
1856	1665.000	-0.129	0.376	0.074	-21.759	22.494
1872	1665.000	-0.267	-0.382	0.000	-21.984	-16.227
2512	1665.000	-0.273	0.107	0.050	-29.653	15.469
2528	1665.000	-0.401	-0.052	0.000	-29.794	24.567
2544	1665.000	-0.391	-0.304	0.025	-29.534	-13.183
2560	1665.000	-0.351	-0.461	0.000	-29.091	-17.016
2576	1665.000	-0.357	-0.187	0.000	-29.685	10.952
2592	1665.000	-0.351	-0.193	0.064	-29.491	-21.796
2608	1665.000	-0.262	0.262	0.077	-29.029	16.589
2624	1665.000	-0.401	-0.499	0.000	-29.190	-20.684
2640	1665.000	-0.343	-0.321	0.000	-29.677	-2.433
2656	1665.000	-0.317	-0.033	0.048	-29.350	2.254
2672	1665.000	-0.322	-0.024	0.049	-29.120	2.248
2688	1665.000	-0.299	0.048	0.025	-29.495	21.821
2704	1665.000	-0.301	-0.149	0.000	-29.026	14.116
2720	1665.000	-0.340	-0.267	0.017	-29.338	-5.720
2736	1665.000	-0.270	-0.167	0.038	-29.231	-6.529
2752	1665.000	-0.292	-0.182	0.000	-29.059	10.832
2768	1665.000	-0.268	0.398	0.134	-29.095	1.836
2784	1665.000	-0.213	0.402	0.153	-29.276	-6.862
2800	1665.000	-0.369	-0.148	0.041	-29.403	-6.171
2816	1665.000	-0.394	-0.288	0.000	-29.029	0.215
2832	1665.000	-0.326	-0.054	0.012	-29.153	17.929
2848	1665.000	-0.224	0.514	0.113	-29.127	23.832
2864	1665.000	-0.294	-0.039	0.017	-29.653	17.337
2880	1665.000	-0.380	-0.480	0.000	-29.166	-18.879
2896	1665.000	-0.352	-0.073	0.000	-29.291	21.955
2912	1665.000	-0.406	-0.162	0.000	-29.571	13.401
2928	1665.000	-0.429	-0.226	0.016	-29.031	-1.422
2944	1665.000	-0.316	-0.062	0.027	-29.300	9.388
2960	1665.000	-0.368	0.129	0.038	-30.075	24.127
2976	1665.000	-0.455	-0.331	0.005	-29.099	-6.505
2992	1665.000	-0.355	-0.156	0.029	-29.183	-0.834
3008	1665.000	-0.287	-0.091	0.081	-29.233	-20.304
3024	1665.000	-0.315	0.089	0.092	-29.066	-8.058
3040	1665.000	-0.249	0.081	0.084	-29.431	-4.465
3056	1665.000	-0.358	0.032	0.041	-29.457	12.243
3072	1665.000	-0.297	0.054	0.038	-29.403	15.703
3088	1665.000	-0.339	0.253	0.072	-29.523	18.912
3104	1665.000	-0.333	-0.160	0.000	-29.488	13.494
3120	1665.000	-0.351	-0.303	0.009	-29.752	-5.104
3760	1665.000	-0.351	-0.441	0.000	-29.012	-15.097
3776	1665.000	-0.193	0.444	0.188	-28.814	-20.566
3792	1665.000	-0.335	-0.242	0.000	-28.967	4.736
3808	1665.000	-0.271	0.011	0.071	-28.851	-5.361
3824	1665.000	-0.286	0.143	0.098	-28.874	-5.659
3840	1665.000	-0.214	0.646	0.168	-28.904	9.415
3856	1665.000	-0.273	-0.013	0.088	-28.738	-16.528
3872	1665.000	-0.418	-0.508	0.000	-28.881	-21.878
3888	1665.000	-0.352	-0.118	0.000	-29.095	17.334
3904	1665.000	-0.379	-0.428	0.000	-28.799	-13.973
3920	1665.000	-0.380	-0.439	0.000	-29.077	-14.847
3936	1665.000	-0.252	0.066	0.048	-29.023	11.425
3952	1665.000	-0.311	-0.370	0.000	-28.930	-8.025
3968	1665.000	-0.369	-0.255	0.000	-29.202	3.704
3984	1665.000	-0.293	-0.079	0.048	-28.872	-3.027
4000	1665.000	-0.410	-0.308	0.000	-29.039	-1.795
4016	1665.000	-0.311	-0.141	0.068	-29.058	-18.978
4032	1665.000	-0.413	-0.237	0.000	-28.869	5.135
4048	1665.000	-0.234	0.444	0.100	-29.103	23.358
4064	1665.000	-0.293	-0.012	0.034	-28.908	10.874
4080	1665.000	-0.336	-0.154	0.045	-28.904	-8.736
4096	1665.000	-0.290	-0.048	0.006	-29.289	21.660
4112	1665.000	-0.302	-0.029	0.047	-29.251	2.922
4128	1665.000	-0.325	-0.319	0.021	-28.823	-13.375
4144	1665.000	-0.299	0.214	0.093	-29.376	4.252
4160	1665.000	-0.385	-0.185	0.000	-28.842	10.325
4176	1665.000	-0.377	-0.253	0.000	-29.040	3.783
4192	1665.000	-0.122	1.356	0.302	-28.921	13.562
4208	1665.000	-0.372	-0.262	0.000	-28.651	2.473
4224	1665.000	-0.368	-0.111	0.000	-29.306	18.190
4240	1665.000	-0.356	-0.244	0.000	-29.002	4.574
4256	1665.000	-0.344	-0.143	0.056	-28.822	-13.647
4272	1665.000	-0.380	-0.431	0.017	-29.403	-22.151
4288	1665.000	-0.356	-0.228	0.029	-28.896	-8.161
4304	1665.000	-0.372	-0.250	0.000	-28.715	3.667
4320	1665.000	-0.315	0.084	0.067	-28.857	3.789
4336	1665.000	-0.340	-0.312	0.030	-29.049	-17.239
4352	1665.000	-0.391	-0.334	0.000	-28.677	-4.720
4368	1665.000	-0.389	-0.071	0.025	-29.030	9.172
5008	1665.000	-0.223	-0.029	0.038	-20.744	-1.024
5024	1665.000	-0.220	0.167	0.027	-20.738	24.048
5040	1665.000	-0.085	0.950	0.192	-20.852	19.683
5056	1665.000	-0.164	0.237	0.083	-20.753	3.124
5072	1665.000	-0.247	0.019	0.020	-20.851	12.630
5088	1665.000	-0.166	0.220	0.055	-21.053	15.473
5104	1665.000	-0.161	0.107	0.053	-20.816	4.830
5120	1665.000	-0.191	0.019	0.047	-20.900	-0.469
5136	1665.000	-0.288	-0.155	0.000	-20.885	5.387
5152	1665.000	-0.220	0.032	0.069	-20.901	-10.458
5168	1665.000	-0.270	-0.256	0.025	-20.999	-17.178
5184	1665.000	-0.271	-0.062	0.000	-20.798	14.616
5200	1665.000	-0.300	-0.127	0.000	-21.144	8.461
5216	1665.000	-0.202	0.097	0.057	-20.969	2.174
5232	1665.000	-0.155	0.445	0.090	-20.810	20.504
5248	1665.000	-0.166	0.208	0.067	-21.221	8.788
5264	1665.000	-0.220	-0.170	0.049	-21.126	-20.246
5280	1665.000	-0.184	0.375	0.091	-20.850	13.092
5296	1665.000	-0.243	-0.094	0.042	-21.109	-9.266
5312	1665.000	-0.269	-0.190	0.000	-20.758	1.726
5328	1665.000	-0.220	-0.013	0.038	-21.202	1.053
5344	1665.000	-0.286	-0.236	0.000	-21.105	-2.469
5360	1665.000	-0.271	-0.153	0.000	-20.683	5.419
5376	1665.000	-0.208	-0.059	0.000	-21.690	15.816
5392	1665.000	-0.224	-0.203	0.029	-20.813	-13.931
5408	1665.000	-0.309	-0.387	0.000	-20.675	-17.998
5424	1665.000	-0.176	0.002	0.000	-21.078	21.319
5440	1665.000	-0.277	-0.380	0.000	-20.834	-17.159
5456	1665.000	-0.287	0.037	0.009	-20.731	20.156
5472	1665.000	-0.082	0.248	0.072	-20.674	9.564
5488	1665.000	-0.276	-0.208	0.000	-20.676	-0.111
5504	1665.000	-0.221	0.118	0.018	-20.790	23.372
5520	1665.000	-0.239	-0.008	0.000	-20.676	19.921
5536	1665.000	-0.141	0.322	0.060	-20.673	23.051
5552	1665.000	-0.198	0.034	0.000	-20.997	24.412
5568	1665.000	-0.268	-0.256	0.010	-20.761	-9.888
5584	1665.000	-0.213	-0.079	0.000	-20.764	12.834
5600	1665.000	-0.220	-0.110	0.000	-20.783	9.755
5616	1665.000	-0.136	0.106	0.100	-20.846	-18.686
6272	1665.000	-0.915	-0.777	0.080	-122.436	4.628
6288	1665.000	-0.998	-1.428	0.000	-129.309	-13.526
6304	1665.000	-0.965	-1.160	0.000	-127.354	11.345
6320	1665.000	-0.988	-1.069	0.000	-122.707	15.803
6336	1665.000	1.279	3.761	0.000	-140.235	16.379
6352	1665.000	-0.907	-1.125	0.081	-130.684	-22.239
6368	1665.000	-1.009	-1.099	0.000	-129.671	19.728
6384	1665.000	-0.983	-1.578	0.000	-135.661	-22.090
6400	1665.000	-0.883	-1.073	0.020	-138.810	21.439
6416	1665.000	1.329	3.786	0.000	-137.962	16.601
6432	1665.000	-0.958	-1.246	0.000	-124.441	-0.138
6448	1665.000	-1.028	-1.380	0.000	-122.708	-15.258
6464	1665.000	-0.899	-1.076	0.019	-128.694	11.786
6480	1665.000	-1.012	-1.322	0.000	-126.216	-5.961
6496	1665.000	-0.951	-1.441	0.000	-122.148	-21.939
6512	1665.000	-0.958	-1.010	0.000	-122.679	21.675
6528	1665.000	-0.820	-0.767	0.131	-133.121	-8.982
6544	1665.000	-0.984	-1.233	0.000	-122.169	-1.132
6560	1665.000	-0.987	-1.470	0.000	-122.980	-24.059
6576	1665.000	-0.571	-0.926	0.023	-125.910	21.998
6592	1665.000	-1.019	-1.264	0.000	-122.706	-3.709
6608	1665.000	-1.008	-1.340	0.000	-122.991	-11.051
6624	1665.000	-0.578	-1.505	0.000	-129.404	-21.123
6640	1665.000	-1.002	-1.290	0.000	-123.662	-5.387
6656	1665.000	-1.013	-0.997	0.000	-123.710	24.012
6672	1665.000	-0.860	-0.546	0.091	-122.159	21.975
6688	1665.000	-0.973	-1.461	0.000	-122.206	-23.912
6704	1665.000	-0.995	-1.272	0.000	-123.431	-3.721
6720	1665.000	-0.996	-1.303	0.018	-126.198	-12.902
6736	1665.000	-0.910	-0.956	0.049	-122.422	2.224
6752	1665.000	-0.917	-0.744	0.067	-126.325	18.314
6768	1665.000	-0.990	-1.229	0.000	-144.464	21.526
6784	1665.000	-0.988	-1.151	0.000	-130.684	15.543
6800	1665.000	-0.958	-1.210	0.000	-129.273	8.256
6816	1665.000	1.624	4.094	0.105	-143.320	0.334
6832	1665.000	-0.968	-1.020	0.000	-122.148	20.149
6848	1665.000	-0.962	-0.713	0.080	-123.701	12.481
6864	1665.000	-0.997	-1.260	0.000	-135.944	9.914
6880	1665.000	-0.982	-1.369	0.039	-133.116	-23.472
7520	1665.000	-0.940	-1.274	0.000	-123.715	-3.640
7536	1665.000	-0.895	-0.982	0.000	-119.914	21.753
7552	1665.000	-0.891	-0.967	0.070	-119.866	-11.681
7568	1665.000	-0.964	-1.430	0.000	-119.632	-23.353
7584	1665.000	-0.839	-0.957	0.092	-125.195	-16.781
7600	1665.000	-0.960	-1.040	0.000	-121.318	17.305
7616	1665.000	-0.943	-1.046	0.000	-123.700	19.077
7632	1665.000	-0.960	-1.111	0.000	-120.800	9.713
7648	1665.000	-0.920	-1.140	0.000	-119.867	5.831
7664	1665.000	-0.940	-1.297	0.000	-121.661	-8.041
7680	1665.000	-0.980	-1.457	0.000	-123.734	-21.997
7696	1665.000	-0.973	-1.148	0.000	-120.202	5.427
7712	1665.000	-0.987	-1.387	0.000	-120.718	-18.019
7728	1665.000	-0.976	-1.443	0.000	-119.966	-24.380
7744	1665.000	-0.941	-1.071	0.000	-123.765	16.656
7760	1665.000	-0.940	-1.329	0.000	-119.620	-13.326
7776	1665.000	-0.924	-1.081	0.000	-121.603	13.538
7792	1665.000	-0.975	-1.264	0.000	-141.115	14.707
7808	1665.000	-0.908	-1.140	0.000	-126.757	12.774
7824	1665.000	-1.002	-1.369	0.000	-136.467	-0.463
7840	1665.000	-0.945	-1.108	0.000	-119.649	8.843
7856	1665.000	-0.924	-0.864	0.047	-133.644	23.548
7872	1665.000	-0.980	-1.475	0.000	-127.170	-20.288
7888	1665.000	-0.971	-1.515	0.000	-128.442	-23.048
7904	1665.000	-0.875	-0.867	0.085	-123.683	-5.595
7920	1665.000	-0.931	-1.209	0.000	-121.490	0.606
7936	1665.000	-0.994	-1.383	0.000	-121.621	-16.657
7952	1665.000	-0.900	-1.330	0.000	-131.346	-1.614
7968	1665.000	-0.974	-1.296	0.000	-119.647	-9.924
7984	1665.000	-0.956	-1.236	0.000	-119.928	-3.675
8000	1665.000	-0.909	-1.385	0.000	-120.404	-18.146
8016	1665.000	-0.947	-0.990	0.000	-120.681	21.657
8032	1665.000	-0.989	-1.480	0.000	-123.689	-24.345
8048	1665.000	-0.877	-1.026	0.035	-128.892	8.606
8064	1665.000	-0.956	-0.974	0.000	-120.271	22.915
8080	1665.000	-0.525	-1.171	0.000	-139.155	22.076
8096	1665.000	-0.937	-0.985	0.000	-122.270	23.794
8112	1665.000	-0.913	-1.400	0.000	-119.665	-20.330
8128	1665.000	-0.937	-1.308	0.000	-123.727	-7.048
8768	1665.000	-0.231	0.056	0.087	-24.065	-14.005
8784	1665.000	-0.261	-0.161	0.064	-24.109	-24.096
8800	1665.000	-0.325	-0.357	0.004	-24.456	-13.108
8816	1665.000	-0.243	-0.045	0.027	-24.392	6.594
8832	1665.000	-0.319	-0.411	0.000	-24.166	-16.906
8848	1665.000	-0.222	-0.281	0.000	-24.370	-3.706
8864	1665.000	-0.337	-0.150	0.014	-24.352	2.360
8880	1665.000	-0.328	-0.415	0.000	-24.100	-17.389
8896	1665.000	-0.325	-0.311	0.000	-24.437	-6.683
8912	1665.000	-0.320	-0.437	0.000	-24.053	-19.628
8928	1665.000	-0.303	-0.187	0.055	-23.980	-22.243
8944	1665.000	-0.252	-0.222	0.000	-24.077	1.893
8960	1665.000	-0.268	-0.198	0.000	-24.266	4.448
8976	1665.000	-0.013	1.694	0.385	-24.277	1.099
8992	1665.000	-0.229	0.209	0.125	-24.650	-17.038
9008	1665.000	-0.276	-0.225	0.000	-24.398	1.872
9024	1665.000	-0.133	0.671	0.193	-24.873	-4.290
9040	1665.000	-0.340	-0.139	0.008	-24.565	6.487
9056	1665.000	-0.389	-0.384	0.000	-24.583	-13.774
9072	1665.000	-0.137	0.832	0.167	-24.455	24.320
9088	1665.000	-0.317	-0.486	0.000	-24.017	-24.539
9104	1665.000	-0.212	0.364	0.075	-24.010	22.850
9120	1665.000	-0.149	0.694	0.236	-24.694	-24.101
9136	1665.000	-0.356	-0.425	0.006	-24.010	-21.268
9152	1665.000	-0.218	0.185	0.049	-23.982	17.931
9168	1665.000	-0.269	-0.261	0.000	-24.288	-1.782
9184	1665.000	-0.249	-0.040	0.000	-24.150	20.103
9200	1665.000	-0.259	-0.115	0.000	-24.308	12.842
9216	1665.000	-0.318	-0.482	0.000	-24.044	-24.155
9232	1665.000	-0.279	0.052	0.025	-24.043	16.761
9248	1665.000	-0.280	-0.075	0.000	-24.266	16.748
9264	1665.000	-0.305	-0.369	0.000	-24.037	-12.842
9280	1665.000	-0.269	-0.039	0.000	-24.043	20.137
9296	1665.000	-0.119	0.736	0.178	-24.116	8.594
9312	1665.000	-0.339	-0.025	0.000	-24.237	21.782
9328	1665.000	-0.265	-0.295	0.000	-24.252	-5.219
9344	1665.000	-0.354	-0.248	0.000	-23.980	-0.851
9360	1665.000	-0.289	-0.177	0.000	-24.418	6.727
9376	1665.000	-0.335	-0.237	0.027	-24.205	-13.173
10016	1665.000	-0.243	0.254	0.070	-28.805	19.315
10032	1665.000	-0.355	-0.312	0.000	-28.731	-2.507
10048	1665.000	-0.286	-0.178	0.000	-28.863	11.091
10064	1665.000	-0.329	-0.298	0.000	-28.915	-0.863
10080	1665.000	-0.402	-0.517	0.001	-28.772	-23.167
10096	1665.000	-0.332	-0.115	0.058	-29.304	-11.226
10112	1665.000	-0.355	-0.063	0.000	-29.011	22.755
10128	1665.000	-0.264	0.184	0.078	-28.977	8.348
10144	1665.000	-0.285	0.110	0.076	-29.213	2.195
10160	1665.000	-0.356	-0.308	0.000	-28.809	-1.997
10176	1665.000	-0.300	-0.057	0.014	-29.109	16.449
10192	1665.000	-0.309	0.004	0.072	-28.858	-6.607
10208	1665.000	-0.333	-0.431	0.013	-28.728	-21.095
10224	1665.000	-0.397	-0.474	0.000	-28.790	-18.654
10240	1665.000	-0.221	0.471	0.135	-29.140	8.939
10256	1665.000	-0.302	-0.353	0.000	-28.964	-6.321
10272	1665.000	-0.250	0.356	0.089	-28.918	20.054
10288	1665.000	-0.323	-0.288	0.033	-28.991	-16.309
10304	1665.000	-0.364	-0.109	0.013	-29.333	12.130
10320	1665.000	-0.346	-0.240	0.000	-29.127	5.131
10336	1665.000	-0.365	-0.522	0.000	-29.382	-22.827
10352	1665.000	-0.270	0.545	0.164	-29.327	2.017
10368	1665.000	-0.427	-0.533	0.000	-29.340	-23.925
10384	1665.000	-0.316	0.051	0.038	-29.419	15.451
10400	1665.000	-0.362	-0.216	0.034	-29.426	-9.083
10416	1665.000	-0.308	0.004	0.052	-28.981	3.319
10432	1665.000	-0.228	0.315	0.154	-29.075	-16.598
10448	1665.000	-0.227	0.116	0.089	-28.976	-4.002
10464	1665.000	-0.366	-0.469	0.000	-28.946	-17.986
10480	1665.000	-0.356	0.067	0.028	-29.206	21.689
10496	1665.000	-0.420	-0.463	0.000	-29.582	-16.720
10512	1665.000	-0.279	0.154	0.057	-29.614	16.636
10528	1665.000	-0.375	-0.334	0.008	-28.953	-8.421
10544	1665.000	-0.312	0.091	0.083	-29.528	-3.159
10560	1665.000	-0.310	0.062	0.046	-29.135	12.328
10576	1665.000	-0.302	0.360	0.093	-28.823	18.431
10592	1665.000	-0.351	-0.516	0.000	-28.801	-22.833
10608	1665.000	-0.146	0.584	0.184	-28.731	-4.754
10624	1665.000	-0.338	-0.171	0.000	-28.741	11.643
11264	1665.000	-0.334	-0.525	0.000	-28.232	-24.223
11280	1665.000	-0.361	-0.263	0.000	-28.431	2.102
11296	1665.000	-0.305	-0.284	0.017	-29.051	-7.907
11312	1665.000	-0.254	0.284	0.115	-28.401	-0.946
11328	1665.000	-0.363	-0.456	0.000	-28.741	-16.889
11344	1665.000	-0.252	0.528	0.125	-28.790	19.288
11360	1665.000	-0.327	0.026	0.087	-28.078	-12.955
11376	1665.000	-0.325	-0.135	0.031	-28.516	-0.630
11392	1665.000	-0.332	-0.399	0.000	-28.561	-11.379
11408	1665.000	-0.370	-0.173	0.000	-28.141	10.860
11424	1665.000	-0.347	-0.179	0.000	-28.146	10.284
11440	1665.000	-0.349	-0.243	0.013	-28.550	-2.345
11456	1665.000	-0.327	-0.091	0.000	-28.905	19.822
11472	1665.000	-0.287	-0.070	0.010	-28.237	16.174
11488	1665.000	-0.358	-0.159	0.000	-28.264	12.383
11504	1665.000	-0.385	-0.355	0.000	-28.837	-6.676
11520	1665.000	-0.273	-0.153	0.000	-28.552	13.294
11536	1665.000	-0.367	-0.502	0.000	-28.078	-22.088
11552	1665.000	-0.291	-0.070	0.086	-28.368	-21.388
11568	1665.000	-0.359	-0.432	0.000	-28.601	-14.551
11584	1665.000	-0.384	-0.404	0.000	-28.078	-12.320
11600	1665.000	-0.438	-0.319	0.000	-28.718	-3.216
11616	1665.000	-0.364	-0.454	0.000	-28.387	-16.971
11632	1665.000	-0.349	-0.132	0.000	-28.287	15.073
11648	1665.000	-0.211	0.619	0.164	-29.216	9.056
11664	1665.000	-0.246	0.288	0.104	-28.119	4.929
11680	1665.000	-0.230	0.389	0.089	-28.604	23.006
11696	1665.000	-0.369	-0.156	0.000	-28.279	12.710
11712	1665.000	-0.304	-0.136	0.072	-28.107	-21.429
11728	1665.000	-0.279	0.397	0.090	-28.188	22.933
11744	1665.000	-0.307	0.069	0.073	-28.550	-0.840
11760	1665.000	-0.386	-0.412	0.000	-28.088	-13.108
11776	1665.000	-0.328	-0.363	0.015	-28.085	-15.444
11792	1665.000	-0.210	0.618	0.138	-28.669	21.332
11808	1665.000	-0.328	-0.023	0.055	-28.095	-1.564
11824	1665.000	-0.374	-0.390	0.012	-28.205	-16.821
11840	1665.000	-0.372	-0.480	0.000	-28.428	-19.696
11856	1665.000	-0.166	0.780	0.179	-28.318	16.703
11872	1665.000	-0.419	-0.534	0.000	-28.943	-24.467
12528	1665.000	-0.309	-0.058	0.000	-23.093	17.248
12544	1665.000	-0.236	0.072	0.086	-22.905	-13.055
12560	1665.000	-0.264	0.032	0.013	-22.762	19.520
12576	1665.000	-0.291	0.052	0.047	-22.957	4.613
12592	1665.000	-0.341	-0.436	0.000	-22.727	-20.828
12608	1665.000	-0.232	0.052	0.078	-22.539	-11.173
12624	1665.000	-0.239	0.090	0.098	-22.811	-17.371
12640	1665.000	-0.205	0.200	0.129	-22.609	-21.852
12656	1665.000	-0.280	0.163	0.033	-22.539	22.212
12672	1665.000	-0.306	-0.111	0.026	-23.178	-0.817
12688	1665.000	-0.197	0.520	0.124	-22.539	12.528
12704	1665.000	-0.305	-0.362	0.011	-22.539	-19.423
12720	1665.000	-0.065	0.818	0.203	-22.690	3.065
12736	1665.000	-0.264	-0.301	0.024	-22.713	-19.641
12752	1665.000	-0.182	0.231	0.084	-22.539	3.764
12768	1665.000	-0.304	-0.397	0.003	-22.540	-18.638
12784	1665.000	-0.272	0.001	0.000	-23.062	23.138
12800	1665.000	-0.275	-0.172	0.049	-22.544	-19.053
12816	1665.000	-0.233	-0.033	0.000	-22.666	19.342
12832	1665.000	-0.241	-0.055	0.083	-23.064	-23.792
12848	1665.000	-0.206	0.255	0.102	-22.553	-2.837
12864	1665.000	-0.264	-0.181	0.057	-22.927	-23.893
12880	1665.000	-0.366	-0.448	0.000	-23.006	-21.786
12896	1665.000	-0.248	0.021	0.039	-22.725	5.534
12912	1665.000	-0.194	0.363	0.088	-22.666	14.812
12928	1665.000	-0.027	1.041	0.223	-22.717	15.522
12944	1665.000	-0.202	0.271	0.089	-22.628	5.063
12960	1665.000	-0.091	0.997	0.221	-22.547	11.697
12976	1665.000	-0.264	-0.189	0.000	-22.966	4.097
12992	1665.000	-0.129	0.867	0.220	-23.115	-0.383
13008	1665.000	-0.177	0.646	0.184	-22.607	-4.686
13024	1665.000	-0.271	0.104	0.017	-22.623	24.604
13040	1665.000	-0.199	0.203	0.087	-22.967	-0.040
13056	1665.000	-0.275	-0.323	0.000	-22.717	-9.534
13072	1665.000	-0.176	0.249	0.093	-22.852	1.502
13088	1665.000	-0.296	-0.349	0.000	-22.674	-12.263
13104	1665.000	-0.207	0.024	0.043	-23.236	4.150
13120	1665.000	-0.258	0.014	0.052	-23.074	-1.652
13136	1665.000	-0.159	0.287	0.082	-22.746	10.348
13776	1665.000	-0.952	-1.183	0.000	-124.165	5.867
13792	1665.000	-0.955	-1.016	0.000	-125.559	23.975
13808	1665.000	1.289	3.836	0.075	-135.551	-18.240
13824	1665.000	-0.971	-1.179	0.000	-123.035	5.166
13840	1665.000	-0.968	-1.319	0.000	-121.502	-10.443
13856	1665.000	-0.877	-0.766	0.093	-123.440	0.566
13872	1665.000	-0.901	-0.934	0.078	-121.496	-10.774
13888	1665.000	-0.930	-1.048	0.000	-121.530	16.690
13904	1665.000	-0.993	-1.095	0.000	-126.718	17.245
13920	1665.000	-0.986	-0.969	0.000	-121.730	24.817
13936	1665.000	-0.989	-0.974	0.000	-122.342	24.992
13952	1665.000	-1.045	-1.495	0.000	-134.195	-15.302
13968	1665.000	-0.993	-1.463	0.000	-122.130	-24.151
13984	1665.000	-1.006	-1.281	0.000	-121.496	-6.572
14000	1665.000	-1.011	-1.445	0.000	-130.294	-14.220
14016	1665.000	-0.982	-1.179	0.000	-121.509	3.651
14032	1665.000	-0.971	-1.259	0.000	-126.702	0.835
14048	1665.000	-1.011	-1.309	0.017	-127.490	-11.672
14064	1665.000	-0.971	-1.049	0.000	-121.496	16.587
14080	1665.000	-0.946	-1.367	0.000	-126.702	-10.000
14096	1665.000	1.315	3.637	0.000	-136.763	0.416
14112	1665.000	-0.994	-1.214	0.000	-122.261	0.846
14128	1665.000	-0.930	-1.409	0.000	-132.463	-8.429
14144	1665.000	-0.969	-1.138	0.000	-124.665	10.816
14160	1665.000	-0.990	-1.393	0.000	-124.565	-14.719
14176	1665.000	-0.926	-1.089	0.000	-127.489	18.604
14192	1665.000	-0.967	-0.770	0.050	-122.699	20.652
14208	1665.000	-0.818	-1.453	0.000	-121.744	-23.555
14224	1665.000	-0.640	-1.477	0.000	-122.830	-24.860
14240	1665.000	-1.021	-1.423	0.000	-137.719	-4.576
14256	1665.000	-0.981	-1.338	0.000	-121.496	-12.276
14272	1665.000	-0.959	-1.103	0.000	-130.506	20.227
14288	1665.000	-0.997	-1.177	0.000	-142.139	24.418
14304	1665.000	-0.974	-1.404	0.000	-125.571	-14.782
14320	1665.000	1.379	4.409	0.111	-136.887	22.496
14336	1665.000	-0.913	-1.122	0.000	-129.621	17.389
14352	1665.000	-0.924	-1.101	0.060	-134.381	-5.673
14368	1665.000	-1.016	-1.537	0.000	-132.020	-21.707
14384	1665.000	-0.977	-1.186	0.031	-136.527	2.282
