# NEST version: 3.6.0-post0.dev0
# RecordingBackendASCII version: 2
sender	time_ms	V_m	I_tot	I_exc	I_inh	I_noise
4	1662.000	-0.962	-0.549	0.000	-78.555	23.630
20	1662.000	-1.038	-0.972	0.000	-79.489	-17.733
36	1662.000	-1.030	-0.973	0.000	-78.873	-18.445
52	1662.000	-0.967	-0.864	0.000	-78.555	-7.857
68	1662.000	-1.038	-0.989	0.000	-79.489	-19.388
84	1662.000	-1.074	-0.911	0.000	-81.077	-10.067
100	1662.000	-0.995	-0.889	0.000	-78.555	-10.312
116	1662.000	-0.963	-0.578	0.000	-78.575	20.814
132	1662.000	-1.103	-0.932	0.000	-80.598	-12.604
148	1662.000	-1.030	-0.578	0.000	-80.169	22.381
164	1662.000	-0.944	-0.720	0.000	-78.649	6.610
180	1662.000	-0.988	-0.881	0.000	-78.555	-9.542
196	1662.000	-1.053	-0.638	0.000	-79.976	16.209
212	1662.000	-0.976	-0.696	0.000	-78.574	8.991
228	1662.000	-0.933	-0.595	0.000	-78.555	19.082
244	1662.000	-1.060	-1.045	0.000	-82.233	-22.299
260	1662.000	-0.946	-0.828	0.000	-78.555	-4.231
276	1662.000	-0.973	-0.872	0.000	-78.614	-8.586
292	1662.000	-1.020	-0.937	0.000	-78.601	-15.092
308	1662.000	-0.944	-0.852	0.000	-78.564	-6.614
324	1662.000	-1.006	-0.868	0.000	-78.589	-8.179
340	1662.000	-0.645	-0.869	0.000	-78.572	-8.280
356	1662.000	-1.001	-0.678	0.000	-79.333	11.553
372	1662.000	-0.943	-0.839	0.000	-79.328	-4.605
388	1662.000	-0.897	-0.715	0.000	-80.367	8.838
404	1662.000	-1.063	-0.604	0.000	-82.978	22.548
420	1662.000	-0.880	-0.982	0.000	-80.647	-17.585
436	1662.000	-0.883	-0.618	0.000	-79.338	17.503
452	1662.000	-1.016	-0.930	0.000	-81.227	-11.740
468	1662.000	-1.039	-1.042	0.000	-80.217	-23.987
484	1662.000	-0.988	-0.918	0.000	-78.555	-13.215
500	1662.000	-0.957	-0.973	0.000	-78.555	-18.784
516	1662.000	-1.036	-0.928	0.000	-78.609	-14.175
532	1662.000	-0.666	-0.789	0.000	-78.572	-0.360
548	1662.000	-0.982	-0.900	0.000	-78.595	-11.417
564	1662.000	-0.986	-0.798	0.000	-79.219	-0.561
580	1662.000	-0.934	-0.708	0.000	-78.563	7.773
596	1662.000	-0.959	-0.635	0.000	-78.577	15.088
612	1662.000	-0.964	-0.745	0.000	-79.228	4.766
1268	1662.000	-0.280	-0.306	0.000	-25.284	-5.359
1284	1662.000	-0.304	-0.128	0.000	-24.977	12.204
1300	1662.000	-0.335	-0.357	0.000	-25.096	-10.604
1316	1662.000	-0.308	-0.233	0.000	-24.651	1.392
1332	1662.000	-0.298	-0.143	0.000	-24.650	10.351
1348	1662.000	-0.341	-0.488	0.000	-24.774	-24.058
1364	1662.000	-0.259	-0.067	0.000	-25.300	18.604
1380	1662.000	-0.358	-0.198	0.000	-24.606	4.786
1396	1662.000	-0.265	-0.064	0.000	-24.928	18.558
1412	1662.000	-0.288	-0.138	0.000	-25.383	11.548
1428	1662.000	-0.277	-0.076	0.000	-24.827	17.243
1444	1662.000	-0.377	-0.326	0.000	-24.597	-8.002
1460	1662.000	-0.283	-0.266	0.000	-24.683	-1.962
1476	1662.000	-0.300	-0.161	0.000	-24.724	8.661
1492	1662.000	-0.317	-0.175	0.000	-24.827	7.318
1508	1662.000	-0.322	-0.422	0.000	-24.686	-17.524
1524	1662.000	-0.300	-0.104	0.000	-25.094	14.734
1540	1662.000	-0.308	-0.023	0.000	-24.605	22.323
1556	1662.000	-0.279	-0.005	0.000	-24.566	24.078
1572	1662.000	-0.319	-0.478	0.000	-24.677	-23.086
1588	1662.000	-0.346	-0.091	0.000	-25.714	16.603
1604	1662.000	-0.289	-0.095	0.000	-24.783	15.295
1620	1662.000	-0.262	-0.144	0.000	-24.674	10.322
1636	1662.000	-0.272	-0.124	0.000	-25.577	13.193
1652	1662.000	-0.303	-0.238	0.000	-25.014	1.194
1668	1662.000	-0.308	-0.093	0.000	-24.747	15.402
1684	1662.000	-0.314	-0.162	0.000	-25.021	8.827
1700	1662.000	-0.329	-0.371	0.000	-24.833	-12.217
1716	1662.000	-0.254	-0.211	0.000	-25.325	4.251
1732	1662.000	-0.343	-0.160	0.000	-24.646	8.639
1748	1662.000	-0.338	-0.418	0.000	-24.561	-17.211
1764	1662.000	-0.322	-0.369	0.000	-25.077	-11.838
1780	1662.000	-0.336	-0.470	0.000	-24.565	-22.391
1796	1662.000	-0.374	-0.411	0.000	-24.764	-16.372
1812	1662.000	-0.300	-0.137	0.000	-24.892	11.194
1828	1662.000	-0.305	-0.067	0.000	-24.562	17.812
1844	1662.000	-0.369	-0.232	0.000	-24.987	1.801
1860	1662.000	-0.375	-0.479	0.000	-25.176	-22.751
1876	1662.000	-0.291	-0.314	0.000	-25.122	-6.272
2516	1662.000	-0.372	-0.451	0.000	-33.891	-11.188
2532	1662.000	-0.412	-0.313	0.000	-33.138	1.869
2548	1662.000	-0.502	-0.484	0.000	-33.593	-14.813
2564	1662.000	-0.454	-0.483	0.000	-33.052	-15.262
2580	1662.000	-0.354	-0.197	0.000	-33.446	13.712
2596	1662.000	-0.364	-0.497	0.000	-33.323	-16.382
2612	1662.000	-0.417	-0.097	0.000	-32.889	23.236
2628	1662.000	-0.434	-0.330	0.000	-33.553	0.532
2644	1662.000	-0.452	-0.157	0.000	-33.660	17.918
2660	1662.000	-0.414	-0.336	0.000	-33.066	-0.524
2676	1662.000	-0.417	-0.468	0.000	-33.252	-13.555
2692	1662.000	-0.461	-0.426	0.000	-33.326	-9.271
2708	1662.000	-0.384	-0.319	0.000	-33.656	1.775
2724	1662.000	-0.381	-0.477	0.000	-33.343	-14.362
2740	1662.000	-0.379	-0.191	0.000	-33.351	14.246
2756	1662.000	-0.495	-0.565	0.000	-33.159	-23.381
2772	1662.000	-0.417	-0.372	0.000	-33.979	-3.191
2788	1662.000	-0.435	-0.498	0.000	-33.165	-16.616
2804	1662.000	-0.374	-0.180	0.000	-32.894	14.881
2820	1662.000	-0.405	-0.283	0.000	-33.494	5.235
2836	1662.000	-0.433	-0.496	0.000	-33.053	-16.552
2852	1662.000	-0.377	-0.370	0.000	-32.936	-4.051
2868	1662.000	-0.465	-0.349	0.000	-32.999	-1.898
2884	1662.000	-0.431	-0.559	0.000	-33.679	-22.251
2900	1662.000	-0.458	-0.264	0.000	-32.893	6.490
2916	1662.000	-0.354	-0.404	0.000	-33.356	-7.003
2932	1662.000	-0.461	-0.424	0.000	-33.368	-9.066
2948	1662.000	-0.400	-0.282	0.000	-32.900	4.696
2964	1662.000	-0.407	-0.176	0.000	-33.414	15.851
2980	1662.000	-0.392	-0.268	0.000	-33.021	6.175
2996	1662.000	-0.381	-0.212	0.000	-33.009	11.816
3012	1662.000	-0.419	-0.115	0.000	-33.880	22.418
3028	1662.000	-0.430	-0.090	0.000	-33.240	24.284
3044	1662.000	-0.451	-0.563	0.000	-33.112	-23.224
3060	1662.000	-0.414	-0.196	0.000	-33.494	13.925
3076	1662.000	-0.410	-0.264	0.000	-33.006	6.565
3092	1662.000	-0.421	-0.317	0.000	-33.553	1.832
3108	1662.000	-0.460	-0.513	0.000	-33.448	-17.862
3124	1662.000	-0.406	-0.146	0.000	-33.357	18.716
3764	1662.000	-0.379	-0.308	0.000	-32.580	1.803
3780	1662.000	-0.372	-0.138	0.000	-32.645	18.879
3796	1662.000	-0.377	-0.499	0.000	-32.606	-17.278
3812	1662.000	-0.433	-0.233	0.000	-32.676	9.419
3828	1662.000	-0.426	-0.548	0.000	-33.362	-21.442
3844	1662.000	-0.396	-0.451	0.000	-33.307	-11.758
3860	1662.000	-0.399	-0.339	0.000	-32.848	-1.061
3876	1662.000	-0.419	-0.572	0.000	-32.781	-24.435
3892	1662.000	-0.378	-0.112	0.000	-33.096	21.866
3908	1662.000	-0.411	-0.095	0.000	-32.822	23.342
3924	1662.000	-0.379	-0.113	0.000	-32.757	21.432
3940	1662.000	-0.392	-0.427	0.000	-33.541	-9.118
3956	1662.000	-0.376	-0.099	0.000	-32.998	23.074
3972	1662.000	-0.436	-0.426	0.000	-32.812	-9.786
3988	1662.000	-0.410	-0.129	0.000	-33.410	20.535
4004	1662.000	-0.421	-0.566	0.000	-32.812	-23.759
4020	1662.000	-0.345	-0.194	0.000	-33.899	14.504
4036	1662.000	-0.355	-0.214	0.000	-32.881	11.486
4052	1662.000	-0.416	-0.184	0.000	-32.606	14.233
4068	1662.000	-0.433	-0.381	0.000	-32.989	-5.065
4084	1662.000	-0.434	-0.550	0.000	-32.700	-22.321
4100	1662.000	-0.388	-0.296	0.000	-32.827	3.191
4116	1662.000	-0.418	-0.165	0.000	-33.006	16.508
4132	1662.000	-0.404	-0.241	0.000	-32.764	8.614
4148	1662.000	-0.449	-0.136	0.000	-33.574	19.970
4164	1662.000	-0.349	-0.201	0.000	-32.937	12.833
4180	1662.000	-0.399	-0.489	0.000	-33.079	-15.800
4196	1662.000	-0.469	-0.460	0.000	-32.973	-13.012
4212	1662.000	-0.407	-0.184	0.000	-32.467	14.045
4228	1662.000	-0.420	-0.222	0.000	-33.060	10.853
4244	1662.000	-0.386	-0.178	0.000	-32.586	14.750
4260	1662.000	-0.376	-0.471	0.000	-32.548	-14.587
4276	1662.000	-0.410	-0.507	0.000	-32.774	-17.921
4292	1662.000	-0.445	-0.473	0.000	-32.459	-14.813
4308	1662.000	-0.364	-0.156	0.000	-32.779	17.145
4324	1662.000	-0.401	-0.221	0.000	-32.912	10.772
4340	1662.000	-0.403	-0.348	0.000	-32.553	-2.204
4356	1662.000	-0.395	-0.183	0.000	-32.580	14.272
4372	1662.000	-0.428	-0.514	0.000	-32.647	-18.723
5012	1662.000	-0.316	-0.121	0.000	-23.433	11.360
5028	1662.000	-0.278	-0.340	0.000	-23.435	-10.519
5044	1662.000	-0.301	-0.346	0.000	-23.704	-10.920
5060	1662.000	-0.274	-0.343	0.000	-23.530	-10.773
5076	1662.000	-0.294	-0.241	0.000	-23.477	-0.599
5092	1662.000	-0.322	-0.374	0.000	-23.595	-13.810
5108	1662.000	-0.295	-0.142	0.000	-23.706	9.510
5124	1662.000	-0.298	-0.208	0.000	-23.519	2.678
5140	1662.000	-0.288	-0.334	0.000	-23.913	-9.480
5156	1662.000	-0.269	-0.013	0.000	-23.912	22.568
5172	1662.000	-0.291	0.006	0.000	-23.712	24.274
5188	1662.000	-0.275	-0.130	0.000	-24.214	11.220
5204	1662.000	-0.308	-0.202	0.000	-23.663	3.486
5220	1662.000	-0.271	0.010	0.000	-23.713	24.708
5236	1662.000	-0.316	-0.385	0.000	-24.755	-13.749
5252	1662.000	-0.301	-0.223	0.000	-23.544	1.234
5268	1662.000	-0.281	-0.088	0.000	-23.754	14.993
5284	1662.000	-0.251	-0.030	0.000	-23.689	20.697
5300	1662.000	-0.274	-0.318	0.000	-23.912	-7.843
5316	1662.000	-0.283	-0.199	0.000	-23.915	4.048
5332	1662.000	-0.310	-0.437	0.000	-23.689	-20.048
5348	1662.000	-0.264	-0.096	0.000	-23.819	14.267
5364	1662.000	-0.285	-0.027	0.000	-23.556	20.899
5380	1662.000	-0.284	-0.462	0.000	-24.327	-21.883
5396	1662.000	-0.310	-0.334	0.000	-23.649	-9.770
5412	1662.000	-0.282	-0.129	0.000	-23.556	10.693
5428	1662.000	-0.307	-0.275	0.000	-24.403	-3.138
5444	1662.000	-0.327	-0.219	0.000	-23.431	1.502
5460	1662.000	-0.310	-0.187	0.000	-23.425	4.699
5476	1662.000	-0.280	-0.059	0.000	-23.752	17.864
5492	1662.000	-0.302	-0.170	0.000	-23.426	6.408
5508	1662.000	-0.299	-0.244	0.000	-23.425	-0.944
5524	1662.000	-0.317	-0.232	0.000	-23.789	0.593
5540	1662.000	-0.301	-0.084	0.000	-23.622	15.251
5556	1662.000	-0.319	-0.233	0.000	-23.702	0.416
5572	1662.000	-0.365	-0.342	0.000	-23.707	-10.465
5588	1662.000	-0.344	-0.189	0.000	-23.429	4.483
5604	1662.000	-0.319	-0.036	0.000	-23.585	20.019
5620	1662.000	-0.262	-0.123	0.000	-23.864	11.584
6260	1662.000	-0.987	-0.711	0.000	-81.318	10.237
6276	1662.000	-0.996	-0.594	0.000	-81.686	22.293
6292	1662.000	-1.021	-0.695	0.000	-81.318	11.843
6308	1662.000	-0.998	-0.924	0.000	-81.325	-11.066
6324	1662.000	-0.958	-0.581	0.000	-81.316	23.229
6340	1662.000	-1.028	-0.934	0.000	-81.317	-12.063
6356	1662.000	-1.033	-0.634	0.000	-82.292	18.930
6372	1662.000	-1.081	-0.830	0.000	-82.090	-0.948
6388	1662.000	-1.021	-0.915	0.000	-81.318	-10.172
6404	1662.000	-1.041	-0.785	0.000	-82.292	3.823
6420	1662.000	-1.112	-1.091	0.000	-84.549	-24.558
6436	1662.000	-1.031	-1.021	0.000	-83.309	-18.809
6452	1662.000	-0.984	-0.838	0.000	-81.357	-2.449
6468	1662.000	-1.058	-0.832	0.000	-84.784	1.564
6484	1662.000	-1.014	-0.680	0.000	-83.004	14.966
6500	1662.000	-1.036	-0.991	0.000	-82.292	-16.833
6516	1662.000	-1.036	-0.862	0.000	-81.706	-4.519
6532	1662.000	-0.989	-0.687	0.000	-83.198	14.506
6548	1662.000	-1.074	-0.934	0.000	-84.606	-8.826
6564	1662.000	-1.042	-0.941	0.000	-82.078	-11.979
6580	1662.000	-0.979	-0.649	0.000	-81.364	16.479
6596	1662.000	-1.023	-0.995	0.000	-82.989	-16.492
6612	1662.000	-1.041	-0.839	0.000	-81.318	-2.618
6628	1662.000	-0.983	-0.705	0.000	-82.125	11.645
6644	1662.000	-1.050	-0.743	0.000	-81.394	7.101
6660	1662.000	-1.041	-0.876	0.000	-82.946	-4.671
6676	1662.000	-1.064	-1.071	0.000	-82.975	-24.123
6692	1662.000	-0.529	4.293	1.000	-81.325	10.654
6708	1662.000	-0.993	-0.681	0.000	-82.967	14.897
6724	1662.000	-0.952	-0.653	0.000	-81.316	16.013
6740	1662.000	-1.045	-0.979	0.000	-81.326	-16.621
6756	1662.000	-1.082	-0.642	0.000	-83.167	18.920
6772	1662.000	-0.961	-0.627	0.000	-81.317	18.661
6788	1662.000	-0.997	-0.949	0.000	-81.317	-13.568
6804	1662.000	-1.094	-1.053	0.000	-83.916	-21.373
6820	1662.000	-1.073	-1.065	0.000	-82.194	-24.348
6836	1662.000	-0.984	-0.928	0.000	-81.326	-11.463
6852	1662.000	-1.029	-1.063	0.000	-81.317	-24.999
6868	1662.000	-1.039	-0.643	0.000	-83.637	19.362
7524	1662.000	-0.948	-0.661	0.000	-79.193	13.108
7540	1662.000	-0.949	-0.859	0.000	-78.832	-7.101
7556	1662.000	-0.920	-0.740	0.000	-78.795	4.799
7572	1662.000	-1.015	-0.933	0.000	-78.452	-14.859
7588	1662.000	-1.034	-0.921	0.000	-81.142	-10.950
7604	1662.000	-1.020	-0.954	0.000	-78.463	-16.935
7620	1662.000	-1.047	-0.985	0.000	-80.533	-17.937
7636	1662.000	-1.012	-0.651	0.000	-79.530	14.417
7652	1662.000	-1.040	-1.021	0.000	-78.778	-23.336
7668	1662.000	-1.012	-0.600	0.000	-79.237	19.253
7684	1662.000	-0.943	-0.548	0.000	-78.436	23.665
7700	1662.000	-0.779	-0.620	0.000	-78.483	16.520
7716	1662.000	-0.946	-0.995	0.000	-81.359	-18.117
7732	1662.000	-0.996	-0.726	0.000	-78.436	5.855
7748	1662.000	-0.930	-0.647	0.000	-78.453	13.766
7764	1662.000	-1.004	-0.912	0.000	-81.281	-9.935
7780	1662.000	-1.055	-0.865	0.000	-80.073	-6.428
7796	1662.000	-0.974	-0.743	0.000	-79.494	5.216
7812	1662.000	-0.975	-0.573	0.000	-78.800	21.461
7828	1662.000	-1.023	-0.964	0.000	-80.416	-15.935
7844	1662.000	-1.007	-1.004	0.000	-80.329	-20.074
7860	1662.000	-0.975	-0.850	0.000	-81.086	-3.921
7876	1662.000	-0.954	-0.593	0.000	-78.436	19.119
7892	1662.000	-0.924	-0.716	0.000	-78.436	6.819
7908	1662.000	-0.986	-0.639	0.000	-79.203	15.267
7924	1662.000	-1.027	-0.852	0.000	-80.061	-5.184
7940	1662.000	-0.989	-0.642	0.000	-78.444	14.217
7956	1662.000	-0.989	-1.002	0.000	-78.436	-21.752
7972	1662.000	-0.981	-0.721	0.000	-78.436	6.324
7988	1662.000	-0.966	-0.663	0.000	-78.805	12.469
8004	1662.000	-0.905	-0.752	0.000	-78.475	3.315
8020	1662.000	-0.954	-1.000	0.000	-78.436	-21.557
8036	1662.000	-0.999	-0.581	0.000	-78.436	20.336
8052	1662.000	-0.910	-0.618	0.000	-78.465	16.629
8068	1662.000	-0.987	-0.579	0.000	-80.692	22.824
8084	1662.000	-0.942	-0.601	0.000	-78.436	18.337
8100	1662.000	-0.858	-0.661	0.000	-79.406	13.270
8116	1662.000	-1.042	-0.591	0.000	-80.757	21.633
8132	1662.000	-0.893	-0.673	0.000	-78.436	11.128
8772	1662.000	-0.361	-0.287	0.000	-27.434	-1.224
8788	1662.000	-0.396	-0.458	0.000	-27.226	-18.538
8804	1662.000	-0.384	-0.039	0.000	-27.258	23.347
8820	1662.000	-0.329	-0.331	0.000	-27.178	-5.954
8836	1662.000	-0.369	-0.405	0.000	-27.386	-13.083
8852	1662.000	-0.358	-0.337	0.000	-27.173	-6.510
8868	1662.000	-0.319	-0.173	0.000	-27.345	10.010
8884	1662.000	-0.357	-0.227	0.000	-27.806	5.084
8900	1662.000	-0.287	-0.205	0.000	-27.211	6.722
8916	1662.000	-0.400	-0.185	0.000	-27.518	9.024
8932	1662.000	-0.368	-0.264	0.000	-27.720	1.311
8948	1662.000	-0.312	-0.214	0.000	-28.260	6.870
8964	1662.000	-0.329	-0.087	0.000	-27.402	18.669
8980	1662.000	-0.372	-0.448	0.000	-27.547	-17.297
8996	1662.000	-0.299	-0.076	0.000	-28.334	20.751
9012	1662.000	-0.313	-0.146	0.000	-27.271	12.691
9028	1662.000	-0.392	-0.085	0.000	-27.414	18.948
9044	1662.000	-0.354	-0.133	0.000	-27.576	14.294
9060	1662.000	-0.315	-0.389	0.000	-27.184	-11.678
9076	1662.000	-0.380	-0.149	0.000	-27.500	12.647
9092	1662.000	-0.284	-0.243	0.000	-27.608	3.341
9108	1662.000	-0.273	-0.050	0.000	-27.222	22.242
9124	1662.000	-0.354	-0.454	0.000	-28.153	-17.293
9140	1662.000	-0.291	-0.037	0.000	-27.268	23.560
9156	1662.000	-0.321	-0.429	0.000	-27.178	-15.748
9172	1662.000	-0.325	-0.451	0.000	-28.112	-17.001
9188	1662.000	-0.326	-0.121	0.000	-27.173	15.027
9204	1662.000	-0.372	-0.202	0.000	-27.261	7.101
9220	1662.000	-0.341	-0.218	0.000	-27.747	5.971
9236	1662.000	-0.274	-0.032	0.000	-27.219	24.022
9252	1662.000	-0.429	-0.402	0.000	-27.628	-12.610
9268	1662.000	-0.375	-0.173	0.000	-27.839	10.520
9284	1662.000	-0.317	-0.461	0.000	-27.318	-18.805
9300	1662.000	-0.349	-0.261	0.000	-27.397	1.341
9316	1662.000	-0.382	-0.214	0.000	-27.813	6.389
9332	1662.000	-0.366	-0.499	0.000	-27.623	-22.275
9348	1662.000	-0.351	-0.317	0.000	-27.391	-4.309
9364	1662.000	-0.315	-0.063	0.000	-27.346	21.003
9380	1662.000	-0.308	-0.038	0.000	-27.351	23.523
10020	1662.000	-0.420	-0.516	0.000	-32.554	-19.074
10036	1662.000	-0.366	-0.150	0.000	-32.724	17.721
10052	1662.000	-0.413	-0.124	0.000	-32.650	20.213
10068	1662.000	-0.395	-0.212	0.000	-32.923	11.766
10084	1662.000	-0.438	-0.259	0.000	-32.764	6.890
10100	1662.000	-0.429	-0.392	0.000	-32.884	-6.272
10116	1662.000	-0.362	-0.450	0.000	-33.041	-11.925
10132	1662.000	-0.406	-0.393	0.000	-32.850	-6.474
10148	1662.000	-0.387	-0.262	0.000	-33.065	6.832
10164	1662.000	-0.376	-0.087	0.000	-33.011	24.271
10180	1662.000	-0.453	-0.432	0.000	-32.594	-10.654
10196	1662.000	-0.352	-0.255	0.000	-33.309	7.793
10212	1662.000	-0.426	-0.401	0.000	-32.554	-7.528
10228	1662.000	-0.381	-0.161	0.000	-33.497	17.358
10244	1662.000	-0.411	-0.115	0.000	-32.724	21.205
10260	1662.000	-0.429	-0.412	0.000	-32.554	-8.653
10276	1662.000	-0.412	-0.479	0.000	-33.738	-14.119
10292	1662.000	-0.445	-0.267	0.000	-32.789	6.078
10308	1662.000	-0.422	-0.103	0.000	-33.369	23.102
10324	1662.000	-0.382	-0.251	0.000	-33.070	7.978
10340	1662.000	-0.432	-0.168	0.000	-32.659	15.904
10356	1662.000	-0.420	-0.164	0.000	-33.633	17.264
10372	1662.000	-0.394	-0.394	0.000	-33.013	-6.403
10388	1662.000	-0.427	-0.249	0.000	-32.714	7.837
10404	1662.000	-0.389	-0.442	0.000	-33.386	-10.833
10420	1662.000	-0.365	-0.464	0.000	-33.133	-13.221
10436	1662.000	-0.352	-0.109	0.000	-32.945	22.054
10452	1662.000	-0.400	-0.555	0.000	-33.206	-22.253
10468	1662.000	-0.372	-0.261	0.000	-33.266	7.197
10484	1662.000	-0.443	-0.213	0.000	-33.328	12.028
10500	1662.000	-0.439	-0.486	0.000	-32.559	-15.994
10516	1662.000	-0.368	-0.495	0.000	-32.688	-16.784
10532	1662.000	-0.417	-0.218	0.000	-32.879	11.084
10548	1662.000	-0.407	-0.334	0.000	-32.885	-0.469
10564	1662.000	-0.453	-0.194	0.000	-32.788	13.366
10580	1662.000	-0.397	-0.373	0.000	-32.985	-4.362
10596	1662.000	-0.423	-0.130	0.000	-32.964	20.001
10612	1662.000	-0.440	-0.293	0.000	-32.559	3.269
10628	1662.000	-0.463	-0.380	0.000	-32.905	-5.115
11268	1662.000	-0.452	-0.519	0.000	-32.491	-19.426
11284	1662.000	-0.465	-0.347	0.000	-31.817	-2.920
11300	1662.000	-0.384	-0.365	0.000	-32.419	-4.069
11316	1662.000	-0.360	-0.475	0.000	-32.155	-15.344
11332	1662.000	-0.379	-0.393	0.000	-31.855	-7.480
11348	1662.000	-0.453	-0.332	0.000	-32.798	-0.407
11364	1662.000	-0.443	-0.405	0.000	-31.916	-8.602
11380	1662.000	-0.380	-0.289	0.000	-31.817	2.919
11396	1662.000	-0.371	-0.560	0.000	-32.351	-23.685
11412	1662.000	-0.406	-0.442	0.000	-31.979	-12.222
11428	1662.000	-0.424	-0.145	0.000	-32.357	17.842
11444	1662.000	-0.395	-0.325	0.000	-32.016	-0.493
11460	1662.000	-0.402	-0.549	0.000	-32.075	-22.849
11476	1662.000	-0.376	-0.112	0.000	-31.857	20.662
11492	1662.000	-0.367	-0.223	0.000	-31.881	9.574
11508	1662.000	-0.449	-0.565	0.000	-32.195	-24.276
11524	1662.000	-0.422	-0.296	0.000	-32.469	2.858
11540	1662.000	-0.453	-0.227	0.000	-32.125	9.427
11556	1662.000	-0.361	-0.157	0.000	-31.868	16.126
11572	1662.000	-0.459	-0.468	0.000	-33.183	-13.646
11588	1662.000	-0.383	-0.287	0.000	-31.867	3.156
11604	1662.000	-0.369	-0.128	0.000	-31.955	19.138
11620	1662.000	-0.409	-0.456	0.000	-32.258	-13.309
11636	1662.000	-0.421	-0.308	0.000	-31.997	1.245
11652	1662.000	-0.374	-0.078	0.000	-32.793	24.963
11668	1662.000	-0.399	-0.437	0.000	-31.914	-11.821
11684	1662.000	-0.401	-0.237	0.000	-31.998	8.252
11700	1662.000	-0.364	-0.333	0.000	-32.607	-0.673
11716	1662.000	-0.358	-0.254	0.000	-32.075	6.696
11732	1662.000	-0.454	-0.552	0.000	-32.033	-23.208
11748	1662.000	-0.401	-0.555	0.000	-31.832	-23.699
11764	1662.000	-0.370	-0.475	0.000	-32.000	-15.534
11780	1662.000	-0.377	-0.244	0.000	-31.821	7.377
11796	1662.000	-0.473	-0.487	0.000	-32.028	-16.713
11812	1662.000	-0.372	-0.159	0.000	-32.003	16.069
11828	1662.000	-0.394	-0.564	0.000	-32.415	-23.993
11844	1662.000	-0.372	-0.087	0.000	-32.334	23.617
11860	1662.000	-0.402	-0.183	0.000	-31.904	13.647
11876	1662.000	-0.363	-0.238	0.000	-32.677	8.865
12516	1662.000	-0.316	-0.449	0.000	-25.584	-19.272
12532	1662.000	-0.263	-0.018	0.000	-25.721	23.946
12548	1662.000	-0.288	-0.125	0.000	-25.828	13.349
12564	1662.000	-0.344	-0.507	0.000	-26.075	-24.639
12580	1662.000	-0.311	-0.259	0.000	-25.758	-0.149
12596	1662.000	-0.345	-0.179	0.000	-26.404	8.454
12612	1662.000	-0.289	-0.057	0.000	-26.261	20.597
12628	1662.000	-0.317	-0.190	0.000	-25.990	7.015
12644	1662.000	-0.296	-0.207	0.000	-26.254	5.546
12660	1662.000	-0.339	-0.505	0.000	-25.617	-24.896
12676	1662.000	-0.333	-0.214	0.000	-25.545	4.157
12692	1662.000	-0.220	-0.006	0.000	-25.551	24.956
12708	1662.000	-0.348	-0.207	0.000	-25.556	4.820
12724	1662.000	-0.284	-0.135	0.000	-25.698	12.213
12740	1662.000	-0.293	-0.342	0.000	-25.540	-8.677
12756	1662.000	-0.287	-0.111	0.000	-25.629	14.512
12772	1662.000	-0.312	-0.358	0.000	-25.544	-10.241
12788	1662.000	-0.290	-0.023	0.000	-26.175	23.848
12804	1662.000	-0.383	-0.494	0.000	-25.579	-23.786
12820	1662.000	-0.298	-0.256	0.000	-25.540	-0.064
12836	1662.000	-0.315	-0.335	0.000	-26.113	-7.369
12852	1662.000	-0.290	-0.341	0.000	-25.549	-8.529
12868	1662.000	-0.358	-0.183	0.000	-25.544	7.205
12884	1662.000	-0.297	-0.354	0.000	-25.540	-9.823
12900	1662.000	-0.343	-0.502	0.000	-25.637	-24.537
12916	1662.000	-0.321	-0.423	0.000	-25.922	-16.390
12932	1662.000	-0.322	-0.413	0.000	-25.711	-15.620
12948	1662.000	-0.378	-0.507	0.000	-26.107	-24.558
12964	1662.000	-0.351	-0.427	0.000	-26.304	-16.440
12980	1662.000	-0.268	-0.281	0.000	-25.909	-2.178
12996	1662.000	-0.313	-0.296	0.000	-25.664	-3.981
13012	1662.000	-0.308	-0.015	0.000	-25.626	24.091
13028	1662.000	-0.364	-0.361	0.000	-26.408	-9.700
13044	1662.000	-0.286	-0.147	0.000	-26.112	11.416
13060	1662.000	-0.333	-0.164	0.000	-25.593	9.243
13076	1662.000	-0.338	-0.013	0.000	-26.233	24.894
13092	1662.000	-0.373	-0.399	0.000	-25.977	-13.950
13108	1662.000	-0.298	-0.038	0.000	-25.628	21.829
13124	1662.000	-0.360	-0.244	0.000	-26.253	1.876
13780	1662.000	-1.048	-0.896	0.000	-80.601	-9.030
13796	1662.000	-1.069	-0.647	0.000	-84.096	19.415
13812	1662.000	-1.003	-0.562	0.000	-80.586	24.362
13828	1662.000	-1.072	-1.052	0.000	-81.619	-23.601
13844	1662.000	-1.036	-1.025	0.000	-81.957	-20.500
13860	1662.000	-0.953	-0.680	0.000	-80.586	12.606
13876	1662.000	-1.034	-0.974	0.000	-81.629	-15.802
13892	1662.000	-1.040	-0.883	0.000	-81.957	-6.334
13908	1662.000	-0.977	-0.573	0.000	-80.921	23.616
13924	1662.000	-1.035	-0.959	0.000	-80.561	-15.290
13940	1662.000	-1.078	-0.643	0.000	-80.569	16.312
13956	1662.000	-1.061	-0.676	0.000	-85.484	17.839
13972	1662.000	-1.008	-0.984	0.000	-80.561	-17.791
13988	1662.000	-1.023	-0.663	0.000	-83.595	17.307
14004	1662.000	-1.060	-0.884	0.000	-83.903	-4.450
14020	1662.000	-1.033	-0.937	0.000	-82.886	-10.811
14036	1662.000	-0.613	-0.761	0.000	-81.687	5.585
14052	1662.000	-1.000	-0.594	0.000	-81.264	21.867
14068	1662.000	-1.037	-0.950	0.000	-81.831	-13.177
14084	1662.000	-1.022	-0.648	0.000	-81.246	16.446
14100	1662.000	-0.738	-0.781	0.000	-80.607	2.544
14116	1662.000	-1.041	-0.975	0.000	-81.549	-15.939
14132	1662.000	-1.014	-0.934	0.000	-80.607	-12.820
14148	1662.000	-1.002	-0.966	0.000	-80.597	-15.972
14164	1662.000	-0.968	-0.745	0.000	-81.318	6.831
14180	1662.000	-1.011	-1.004	0.000	-80.578	-19.783
14196	1662.000	-0.982	-0.860	0.000	-80.983	-5.031
14212	1662.000	-1.114	-0.927	0.000	-82.464	-10.254
14228	1662.000	-0.987	-1.010	0.000	-80.561	-20.436
14244	1662.000	-0.550	4.318	1.000	-81.318	13.143
14260	1662.000	-1.048	-0.782	0.000	-82.661	4.464
14276	1662.000	-1.017	-0.975	0.000	-80.561	-16.889
14292	1662.000	-1.015	-0.662	0.000	-80.658	14.482
14308	1662.000	-1.038	-0.607	0.000	-80.561	19.872
14324	1662.000	-1.056	-1.060	0.000	-82.154	-23.849
14340	1662.000	-0.979	-0.724	0.000	-80.589	8.175
14356	1662.000	-0.937	-0.627	0.000	-80.608	17.870
14372	1662.000	-0.931	-0.930	0.000	-83.525	-9.434
14388	1662.000	-0.994	-1.007	0.000	-80.561	-20.100
4	1663.000	-0.912	-0.705	0.000	-75.349	4.824
20	1663.000	-0.988	-0.717	0.000	-76.194	4.518
36	1663.000	-0.974	-0.777	0.000	-75.637	-2.026
52	1663.000	-0.029	4.088	0.000	-75.349	-15.844
68	1663.000	-0.998	-0.698	0.000	-76.194	6.358
84	1663.000	-1.019	-0.877	0.000	-77.631	-10.070
100	1663.000	-0.986	-0.889	0.000	-75.349	-13.528
116	1663.000	-0.943	-0.952	0.000	-75.367	-19.789
132	1663.000	-1.055	-0.897	0.000	-77.197	-12.485
148	1663.000	-0.076	4.141	0.000	-76.810	-9.054
164	1663.000	-0.881	-0.597	0.000	-75.434	15.714
180	1663.000	-0.939	-0.813	0.000	-75.349	-5.938
196	1663.000	-0.982	-0.640	0.000	-76.635	12.602
212	1663.000	-0.949	-0.914	0.000	-75.367	-16.004
228	1663.000	-0.873	-0.683	0.000	-75.349	7.023
244	1663.000	-0.998	-0.714	0.000	-78.677	7.323
260	1663.000	-0.903	-0.742	0.000	-75.349	1.173
276	1663.000	-0.935	-0.760	0.000	-75.403	-0.584
292	1663.000	-0.954	-0.586	0.000	-75.391	16.759
308	1663.000	-0.030	4.088	0.000	-75.357	-15.826
324	1663.000	-1.000	-0.963	0.000	-75.380	-20.967
340	1663.000	-0.682	-0.957	0.000	-75.365	-20.348
356	1663.000	-0.990	-0.980	0.000	-76.053	-21.952
372	1663.000	-0.898	-0.554	0.000	-76.048	20.605
388	1663.000	-0.891	-0.928	0.000	-76.988	-15.818
404	1663.000	-0.115	4.334	0.000	-79.351	12.705
420	1663.000	-0.865	-0.591	0.000	-77.242	18.117
436	1663.000	-0.826	-0.522	0.000	-76.057	23.813
452	1663.000	-0.939	-0.563	0.000	-77.767	21.448
468	1663.000	-0.971	-0.718	0.000	-76.853	5.044
484	1663.000	-0.940	-0.739	0.000	-75.349	1.474
500	1663.000	-0.918	-0.848	0.000	-75.349	-9.450
516	1663.000	-1.000	-0.855	0.000	-75.398	-10.071
532	1663.000	-0.675	-0.572	0.000	-75.365	18.166
548	1663.000	-0.949	-0.840	0.000	-75.385	-8.585
564	1663.000	-0.915	-0.592	0.000	-75.950	16.746
580	1663.000	-0.901	-0.894	0.000	-75.357	-14.061
596	1663.000	-0.954	-0.948	0.000	-75.369	-19.409
612	1663.000	-0.958	-0.949	0.000	-75.958	-18.937
1268	1663.000	-0.298	-0.343	0.000	-24.213	-10.104
1284	1663.000	-0.276	-0.200	0.000	-23.935	3.896
1300	1663.000	-0.317	-0.293	0.000	-24.043	-5.304
1316	1663.000	-0.315	-0.338	0.000	-23.640	-10.209
1332	1663.000	-0.294	-0.100	0.000	-23.639	13.631
1348	1663.000	-0.298	-0.084	0.000	-23.751	15.385
1364	1663.000	-0.245	-0.009	0.000	-24.227	23.311
1380	1663.000	-0.378	-0.453	0.000	-23.600	-21.684
1396	1663.000	-0.226	-0.030	0.000	-23.890	20.915
1412	1663.000	-0.290	-0.404	0.000	-24.303	-16.141
1428	1663.000	-0.267	-0.390	0.000	-23.800	-15.198
1444	1663.000	-0.347	-0.093	0.000	-23.592	14.312
1460	1663.000	-0.288	-0.446	0.000	-23.669	-20.886
1476	1663.000	-0.270	-0.219	0.000	-23.706	1.847
1492	1663.000	-0.293	-0.341	0.000	-23.800	-10.340
1508	1663.000	-0.299	-0.314	0.000	-23.672	-7.743
1524	1663.000	-0.301	-0.249	0.000	-24.041	-0.836
1540	1663.000	-0.273	-0.012	0.000	-23.599	22.379
1556	1663.000	-0.250	-0.077	0.000	-23.563	15.909
1572	1663.000	-0.327	-0.414	0.000	-23.664	-17.767
1588	1663.000	-0.303	-0.206	0.000	-24.602	4.051
1604	1663.000	-0.275	-0.035	0.000	-23.759	20.215
1620	1663.000	-0.288	-0.412	0.000	-23.661	-17.576
1636	1663.000	-0.269	-0.203	0.000	-24.478	4.165
1652	1663.000	-0.288	-0.345	0.000	-23.969	-10.545
1668	1663.000	-0.297	-0.129	0.000	-23.727	10.804
1684	1663.000	-0.304	-0.145	0.000	-23.975	9.445
1700	1663.000	-0.303	-0.123	0.000	-23.805	11.472
1716	1663.000	-0.260	-0.377	0.000	-24.250	-13.417
1732	1663.000	-0.332	-0.346	0.000	-23.635	-10.990
1748	1663.000	-0.307	-0.313	0.000	-23.559	-7.722
1764	1663.000	-0.315	-0.191	0.000	-24.025	4.974
1780	1663.000	-0.353	-0.478	0.000	-23.563	-24.275
1796	1663.000	-0.369	-0.241	0.000	-23.743	-0.387
1812	1663.000	-0.262	-0.095	0.000	-23.858	14.333
1828	1663.000	-0.285	-0.311	0.000	-23.559	-7.546
1844	1663.000	-0.334	-0.073	0.000	-23.944	16.674
1860	1663.000	-0.347	-0.154	0.000	-24.115	8.726
1876	1663.000	-0.305	-0.351	0.000	-24.067	-11.066
2516	1663.000	-0.359	-0.252	0.000	-32.453	7.225
2532	1663.000	-0.425	-0.500	0.000	-31.772	-18.264
2548	1663.000	-0.434	-0.142	0.000	-32.184	17.935
2564	1663.000	-0.391	-0.069	0.000	-31.695	24.759
2580	1663.000	-0.341	-0.280	0.000	-32.050	4.090
2596	1663.000	-0.333	-0.260	0.000	-31.939	5.971
2612	1663.000	-0.374	-0.078	0.000	-31.546	23.715
2628	1663.000	-0.389	-0.162	0.000	-32.147	15.946
2644	1663.000	-0.436	-0.460	0.000	-32.244	-13.776
2660	1663.000	-0.383	-0.191	0.000	-31.707	12.613
2676	1663.000	-0.390	-0.260	0.000	-31.875	5.850
2692	1663.000	-0.436	-0.382	0.000	-31.942	-6.239
2708	1663.000	-0.390	-0.273	0.000	-32.241	4.958
2724	1663.000	-0.391	-0.411	0.000	-31.957	-9.162
2740	1663.000	-0.378	-0.462	0.000	-31.965	-14.256
2756	1663.000	-0.474	-0.535	0.000	-31.791	-21.678
2772	1663.000	-0.404	-0.144	0.000	-32.533	18.154
2788	1663.000	-0.420	-0.437	0.000	-31.796	-11.892
2804	1663.000	-0.372	-0.463	0.000	-31.552	-14.724
2820	1663.000	-0.415	-0.443	0.000	-32.094	-12.237
2836	1663.000	-0.406	-0.242	0.000	-31.695	7.503
2852	1663.000	-0.329	-0.096	0.000	-31.589	22.000
2868	1663.000	-0.428	-0.115	0.000	-31.646	20.104
2884	1663.000	-0.431	-0.392	0.000	-32.261	-6.904
2900	1663.000	-0.469	-0.533	0.000	-31.551	-21.727
2916	1663.000	-0.345	-0.414	0.000	-31.970	-9.383
2932	1663.000	-0.436	-0.184	0.000	-31.980	13.568
2948	1663.000	-0.414	-0.409	0.000	-31.557	-9.326
2964	1663.000	-0.435	-0.560	0.000	-32.022	-24.009
2980	1663.000	-0.361	-0.200	0.000	-31.666	11.664
2996	1663.000	-0.354	-0.137	0.000	-31.655	17.935
3012	1663.000	-0.410	-0.495	0.000	-32.444	-17.080
3028	1663.000	-0.396	-0.366	0.000	-31.865	-4.738
3044	1663.000	-0.432	-0.364	0.000	-31.748	-4.660
3060	1663.000	-0.440	-0.538	0.000	-32.094	-21.743
3076	1663.000	-0.353	-0.077	0.000	-31.653	23.995
3092	1663.000	-0.398	-0.424	0.000	-32.148	-10.226
3108	1663.000	-0.395	-0.109	0.000	-32.053	21.177
3124	1663.000	-0.403	-0.421	0.000	-31.970	-10.139
3764	1663.000	-0.369	-0.208	0.000	-31.243	10.466
3780	1663.000	-0.372	-0.265	0.000	-31.302	4.777
3796	1663.000	-0.390	-0.470	0.000	-31.267	-15.714
3812	1663.000	-0.434	-0.510	0.000	-31.330	-19.637
3828	1663.000	-0.377	-0.183	0.000	-31.952	13.661
3844	1663.000	-0.401	-0.561	0.000	-31.901	-24.166
3860	1663.000	-0.404	-0.428	0.000	-31.486	-11.288
3876	1663.000	-0.411	-0.337	0.000	-31.426	-2.287
3892	1663.000	-0.341	-0.256	0.000	-31.711	6.119
3908	1663.000	-0.368	-0.152	0.000	-31.463	16.292
3924	1663.000	-0.340	-0.095	0.000	-31.404	21.900
3940	1663.000	-0.362	-0.239	0.000	-32.114	8.165
3956	1663.000	-0.332	-0.076	0.000	-31.622	24.072
3972	1663.000	-0.398	-0.163	0.000	-31.454	15.120
3988	1663.000	-0.425	-0.472	0.000	-31.995	-15.200
4004	1663.000	-0.398	-0.492	0.000	-31.454	-17.701
4020	1663.000	-0.330	-0.101	0.000	-32.438	22.364
4036	1663.000	-0.321	-0.214	0.000	-31.516	10.087
4052	1663.000	-0.402	-0.235	0.000	-31.267	7.790
4068	1663.000	-0.376	-0.127	0.000	-31.614	18.914
4084	1663.000	-0.456	-0.544	0.000	-31.352	-23.081
4100	1663.000	-0.373	-0.360	0.000	-31.467	-4.516
4116	1663.000	-0.422	-0.544	0.000	-31.629	-22.801
4132	1663.000	-0.375	-0.191	0.000	-31.410	12.279
4148	1663.000	-0.410	-0.267	0.000	-32.143	5.461
4164	1663.000	-0.317	-0.130	0.000	-31.567	18.566
4180	1663.000	-0.417	-0.488	0.000	-31.696	-17.077
4196	1663.000	-0.455	-0.495	0.000	-31.600	-17.870
4212	1663.000	-0.390	-0.160	0.000	-31.141	15.133
4228	1663.000	-0.422	-0.349	0.000	-31.679	-3.211
4244	1663.000	-0.377	-0.242	0.000	-31.249	7.090
4260	1663.000	-0.365	-0.523	0.000	-31.215	-21.040
4276	1663.000	-0.377	-0.248	0.000	-31.419	6.591
4292	1663.000	-0.456	-0.488	0.000	-31.135	-17.653
4308	1663.000	-0.343	-0.342	0.000	-31.424	-2.743
4324	1663.000	-0.365	-0.102	0.000	-31.544	21.364
4340	1663.000	-0.358	-0.126	0.000	-31.220	18.586
4356	1663.000	-0.363	-0.178	0.000	-31.244	13.480
4372	1663.000	-0.401	-0.366	0.000	-31.305	-5.307
5012	1663.000	-0.314	-0.157	0.000	-22.477	6.748
5028	1663.000	-0.279	-0.279	0.000	-22.478	-5.419
5044	1663.000	-0.306	-0.310	0.000	-22.722	-8.296
5060	1663.000	-0.239	-0.043	0.000	-22.564	18.217
5076	1663.000	-0.297	-0.441	0.000	-22.516	-21.543
5092	1663.000	-0.282	-0.126	0.000	-22.623	10.004
5108	1663.000	-0.282	-0.018	0.000	-22.723	20.884
5124	1663.000	-0.281	-0.376	0.000	-22.554	-15.032
5140	1663.000	-0.299	-0.368	0.000	-22.911	-13.866
5156	1663.000	-0.278	-0.467	0.000	-22.909	-23.832
5172	1663.000	-0.265	0.011	0.000	-22.729	23.843
5188	1663.000	-0.249	-0.252	0.000	-23.183	-2.036
5204	1663.000	-0.325	-0.355	0.000	-22.684	-12.793
5220	1663.000	-0.262	-0.274	0.000	-22.729	-4.621
5236	1663.000	-0.313	-0.417	0.000	-23.673	-18.059
5252	1663.000	-0.287	-0.025	0.000	-22.577	20.041
5268	1663.000	-0.281	-0.372	0.000	-22.767	-14.441
5284	1663.000	-0.260	-0.259	0.000	-22.708	-3.153
5300	1663.000	-0.259	-0.262	0.000	-22.910	-3.338
5316	1663.000	-0.276	-0.189	0.000	-22.913	4.005
5332	1663.000	-0.264	-0.012	0.000	-22.708	21.547
5348	1663.000	-0.252	-0.257	0.000	-22.826	-2.910
5364	1663.000	-0.272	-0.337	0.000	-22.588	-11.155
5380	1663.000	-0.241	-0.052	0.000	-23.285	18.078
5396	1663.000	-0.286	-0.107	0.000	-22.671	11.945
5412	1663.000	-0.275	-0.116	0.000	-22.587	11.006
5428	1663.000	-0.282	-0.273	0.000	-23.354	-3.976
5444	1663.000	-0.299	-0.155	0.000	-22.475	6.926
5460	1663.000	-0.265	0.022	0.000	-22.469	24.709
5476	1663.000	-0.276	-0.428	0.000	-22.765	-20.072
5492	1663.000	-0.295	-0.201	0.000	-22.470	2.359
5508	1663.000	-0.320	-0.416	0.000	-22.469	-19.120
5524	1663.000	-0.320	-0.304	0.000	-22.798	-7.581
5540	1663.000	-0.330	-0.441	0.000	-22.648	-21.489
5556	1663.000	-0.291	-0.100	0.000	-22.720	12.709
5572	1663.000	-0.320	-0.121	0.000	-22.724	10.659
5588	1663.000	-0.346	-0.466	0.000	-22.472	-24.100
5604	1663.000	-0.324	-0.355	0.000	-22.613	-12.925
5620	1663.000	-0.260	-0.186	0.000	-22.866	4.227
6260	1663.000	-0.945	-0.692	0.000	-78.000	8.829
6276	1663.000	-0.959	-0.717	0.000	-78.333	6.617
6292	1663.000	-0.975	-0.729	0.000	-77.999	5.147
6308	1663.000	-0.966	-0.669	0.000	-78.005	11.098
6324	1663.000	-0.940	-0.754	0.000	-77.998	2.647
6340	1663.000	-0.959	-0.699	0.000	-77.999	8.137
6356	1663.000	-1.011	-0.924	0.000	-78.881	-13.513
6372	1663.000	-1.029	-0.807	0.000	-78.697	-2.035
6388	1663.000	-0.963	-0.585	0.000	-77.999	19.484
6404	1663.000	-1.015	-0.780	0.000	-78.881	0.894
6420	1663.000	-1.044	-0.623	0.000	-80.923	18.582
6436	1663.000	-0.993	-0.597	0.000	-79.801	20.110
6452	1663.000	-0.926	-0.641	0.000	-78.035	13.916
6468	1663.000	-1.020	-0.797	0.000	-81.135	1.456
6484	1663.000	-0.978	-0.743	0.000	-79.525	5.254
6500	1663.000	-0.991	-1.002	0.000	-78.881	-21.316
6516	1663.000	-0.964	-0.706	0.000	-78.350	7.744
6532	1663.000	-0.942	-0.878	0.000	-79.700	-8.100
6548	1663.000	-1.045	-1.005	0.000	-80.974	-19.478
6564	1663.000	-0.980	-0.635	0.000	-78.687	15.143
6580	1663.000	-0.951	-0.934	0.000	-78.041	-15.343
6596	1663.000	-0.978	-0.769	0.000	-79.512	2.602
6612	1663.000	-0.983	-0.777	0.000	-77.999	0.349
6628	1663.000	-0.979	-1.014	0.000	-78.729	-22.715
6644	1663.000	-1.001	-0.992	0.000	-78.068	-21.139
6660	1663.000	-1.031	-0.979	0.000	-79.473	-18.454
6676	1663.000	-1.018	-0.828	0.000	-79.499	-3.292
6692	1663.000	-0.548	-0.621	0.000	-78.005	15.873
6708	1663.000	-0.948	-0.705	0.000	-79.491	9.031
6724	1663.000	-0.940	-0.813	0.000	-77.998	-3.345
6740	1663.000	-0.983	-0.609	0.000	-78.006	17.125
6756	1663.000	-1.026	-0.866	0.000	-79.672	-6.943
6772	1663.000	-0.926	-0.623	0.000	-77.998	15.727
6788	1663.000	-0.983	-0.873	0.000	-77.998	-9.338
6804	1663.000	-0.131	4.161	0.000	-80.350	-3.585
6820	1663.000	-0.980	-0.549	0.000	-78.792	23.925
6836	1663.000	-0.958	-0.711	0.000	-78.007	6.932
6852	1663.000	-0.120	3.971	0.000	-77.999	-24.858
6868	1663.000	-0.990	-0.847	0.000	-80.097	-4.629
7524	1663.000	-0.908	-0.599	0.000	-75.920	15.982
7540	1663.000	-0.888	-0.671	0.000	-75.594	8.481
7556	1663.000	-0.887	-0.855	0.000	-75.560	-9.917
7572	1663.000	-0.972	-0.749	0.000	-75.249	0.321
7588	1663.000	-0.999	-0.920	0.000	-77.684	-14.323
7604	1663.000	-0.996	-0.824	0.000	-75.260	-7.147
7620	1663.000	-0.995	-0.780	0.000	-77.132	-0.911
7636	1663.000	-0.980	-0.685	0.000	-76.225	7.719
7652	1663.000	-0.951	-0.547	0.000	-75.545	20.846
7668	1663.000	-0.966	-0.645	0.000	-75.960	11.433
7684	1663.000	-0.902	-0.895	0.000	-75.235	-14.265
7700	1663.000	-0.761	-0.539	0.000	-75.277	21.378
7716	1663.000	-0.925	-0.649	0.000	-77.880	12.966
7732	1663.000	-0.930	-0.669	0.000	-75.235	8.342
7748	1663.000	-0.900	-0.807	0.000	-75.250	-5.476
7764	1663.000	-1.006	-1.022	0.000	-77.809	-24.415
7780	1663.000	-0.996	-0.624	0.000	-76.716	14.322
7796	1663.000	-0.933	-0.586	0.000	-76.192	17.545
7812	1663.000	-0.964	-0.878	0.000	-75.564	-12.238
7828	1663.000	-0.953	-0.531	0.000	-77.027	23.930
7844	1663.000	-0.981	-0.748	0.000	-76.948	2.110
7860	1663.000	-0.950	-0.733	0.000	-77.632	4.360
7876	1663.000	-0.934	-0.810	0.000	-75.235	-5.785
7892	1663.000	-0.910	-0.952	0.000	-75.235	-19.980
7908	1663.000	-0.970	-1.009	0.000	-75.929	-24.958
7924	1663.000	-0.997	-0.937	0.000	-76.705	-16.961
7940	1663.000	-0.948	-0.814	0.000	-75.242	-6.128
7956	1663.000	-0.940	-0.575	0.000	-75.235	17.772
7972	1663.000	-0.907	-0.566	0.000	-75.235	18.669
7988	1663.000	-0.969	-0.980	0.000	-75.569	-22.466
8004	1663.000	-0.901	-0.820	0.000	-75.270	-6.778
8020	1663.000	-0.940	-0.874	0.000	-75.235	-12.209
8036	1663.000	-0.965	-0.721	0.000	-75.235	3.085
8052	1663.000	-0.897	-0.907	0.000	-75.261	-15.471
8068	1663.000	-0.930	-0.527	0.000	-77.276	24.582
8084	1663.000	-0.892	-0.605	0.000	-75.235	14.691
8100	1663.000	-0.847	-0.702	0.000	-76.113	5.888
8116	1663.000	-0.983	-0.568	0.000	-77.335	20.505
8132	1663.000	-0.874	-0.579	0.000	-75.235	17.381
8772	1663.000	-0.349	-0.485	0.000	-26.301	-22.172
8788	1663.000	-0.390	-0.508	0.000	-26.112	-24.639
8804	1663.000	-0.378	-0.215	0.000	-26.141	4.690
8820	1663.000	-0.338	-0.507	0.000	-26.068	-24.612
8836	1663.000	-0.310	-0.035	0.000	-26.257	22.748
8852	1663.000	-0.334	-0.222	0.000	-26.064	3.894
8868	1663.000	-0.294	-0.053	0.000	-26.220	20.949
8884	1663.000	-0.345	-0.480	0.000	-26.637	-21.378
8900	1663.000	-0.287	-0.413	0.000	-26.099	-15.195
8916	1663.000	-0.378	-0.145	0.000	-26.376	11.864
8932	1663.000	-0.326	-0.210	0.000	-26.559	5.564
8948	1663.000	-0.338	-0.397	0.000	-27.048	-12.690
8964	1663.000	-0.319	-0.079	0.000	-26.271	18.405
8980	1663.000	-0.325	-0.174	0.000	-26.403	8.957
8996	1663.000	-0.313	-0.389	0.000	-27.114	-11.799
9012	1663.000	-0.326	-0.477	0.000	-26.153	-21.518
9028	1663.000	-0.370	-0.391	0.000	-26.282	-12.858
9044	1663.000	-0.350	-0.254	0.000	-26.429	1.056
9060	1663.000	-0.325	-0.462	0.000	-26.074	-20.156
9076	1663.000	-0.377	-0.494	0.000	-26.360	-23.056
9092	1663.000	-0.275	-0.358	0.000	-26.457	-9.295
9108	1663.000	-0.264	-0.355	0.000	-26.108	-9.399
9124	1663.000	-0.349	-0.466	0.000	-26.951	-19.674
9140	1663.000	-0.289	-0.474	0.000	-26.150	-21.223
9156	1663.000	-0.276	-0.056	0.000	-26.068	20.516
9172	1663.000	-0.322	-0.507	0.000	-26.914	-23.795
9188	1663.000	-0.310	-0.166	0.000	-26.064	9.434
9204	1663.000	-0.364	-0.261	0.000	-26.143	0.026
9220	1663.000	-0.292	-0.101	0.000	-26.584	16.503
9236	1663.000	-0.262	-0.271	0.000	-26.106	-0.996
9252	1663.000	-0.398	-0.417	0.000	-26.476	-15.178
9268	1663.000	-0.336	-0.062	0.000	-26.667	20.474
9284	1663.000	-0.309	-0.382	0.000	-26.195	-12.026
9300	1663.000	-0.335	-0.310	0.000	-26.266	-4.730
9316	1663.000	-0.353	-0.058	0.000	-26.643	20.860
9332	1663.000	-0.359	-0.364	0.000	-26.472	-9.961
9348	1663.000	-0.320	-0.241	0.000	-26.261	2.162
9364	1663.000	-0.301	-0.031	0.000	-26.221	23.139
9380	1663.000	-0.299	-0.083	0.000	-26.226	17.930
10020	1663.000	-0.397	-0.280	0.000	-31.225	3.224
10036	1663.000	-0.324	-0.107	0.000	-31.379	20.665
10052	1663.000	-0.386	-0.221	0.000	-31.313	9.219
10068	1663.000	-0.351	-0.102	0.000	-31.560	21.324
10084	1663.000	-0.400	-0.338	0.000	-31.415	-2.416
10100	1663.000	-0.406	-0.271	0.000	-31.524	4.377
10116	1663.000	-0.351	-0.088	0.000	-31.666	22.853
10132	1663.000	-0.367	-0.152	0.000	-31.493	16.341
10148	1663.000	-0.396	-0.415	0.000	-31.688	-9.852
10164	1663.000	-0.358	-0.215	0.000	-31.639	10.160
10180	1663.000	-0.430	-0.349	0.000	-31.262	-3.682
10196	1663.000	-0.332	-0.093	0.000	-31.908	22.606
10212	1663.000	-0.417	-0.544	0.000	-31.225	-23.175
10228	1663.000	-0.384	-0.288	0.000	-32.078	3.270
10244	1663.000	-0.433	-0.539	0.000	-31.379	-22.568
10260	1663.000	-0.374	-0.159	0.000	-31.225	15.307
10276	1663.000	-0.378	-0.079	0.000	-32.297	24.420
10292	1663.000	-0.421	-0.188	0.000	-31.438	12.646
10308	1663.000	-0.404	-0.376	0.000	-31.963	-5.610
10324	1663.000	-0.359	-0.320	0.000	-31.692	-0.305
10340	1663.000	-0.374	-0.104	0.000	-31.320	20.944
10356	1663.000	-0.412	-0.316	0.000	-32.202	0.567
10372	1663.000	-0.397	-0.553	0.000	-31.641	-23.669
10388	1663.000	-0.396	-0.313	0.000	-31.371	0.060
10404	1663.000	-0.349	-0.156	0.000	-31.978	16.383
10420	1663.000	-0.350	-0.331	0.000	-31.749	-1.382
10436	1663.000	-0.342	-0.347	0.000	-31.579	-3.138
10452	1663.000	-0.427	-0.545	0.000	-31.816	-22.681
10468	1663.000	-0.353	-0.238	0.000	-31.870	8.064
10484	1663.000	-0.431	-0.443	0.000	-31.926	-12.388
10500	1663.000	-0.391	-0.216	0.000	-31.230	9.605
10516	1663.000	-0.348	-0.271	0.000	-31.347	4.243
10532	1663.000	-0.394	-0.251	0.000	-31.520	6.461
10548	1663.000	-0.398	-0.285	0.000	-31.525	3.041
10564	1663.000	-0.407	-0.197	0.000	-31.438	11.771
10580	1663.000	-0.400	-0.488	0.000	-31.616	-17.169
10596	1663.000	-0.397	-0.170	0.000	-31.596	14.576
10612	1663.000	-0.407	-0.405	0.000	-31.230	-9.223
10628	1663.000	-0.414	-0.196	0.000	-31.543	11.972
11268	1663.000	-0.455	-0.393	0.000	-31.128	-8.172
11284	1663.000	-0.433	-0.091	0.000	-30.518	21.383
11300	1663.000	-0.391	-0.435	0.000	-31.063	-12.485
11316	1663.000	-0.356	-0.557	0.000	-30.824	-24.831
11332	1663.000	-0.364	-0.104	0.000	-30.553	20.138
11348	1663.000	-0.432	-0.561	0.000	-31.406	-24.655
11364	1663.000	-0.424	-0.178	0.000	-30.608	12.790
11380	1663.000	-0.381	-0.437	0.000	-30.518	-13.143
11396	1663.000	-0.339	-0.292	0.000	-31.002	1.803
11412	1663.000	-0.394	-0.384	0.000	-30.665	-7.760
11428	1663.000	-0.392	-0.199	0.000	-31.008	11.144
11444	1663.000	-0.378	-0.511	0.000	-30.698	-20.447
11460	1663.000	-0.358	-0.228	0.000	-30.752	7.997
11476	1663.000	-0.326	-0.089	0.000	-30.555	21.675
11492	1663.000	-0.386	-0.448	0.000	-30.576	-14.185
11508	1663.000	-0.432	-0.354	0.000	-30.861	-4.548
11524	1663.000	-0.387	-0.336	0.000	-31.109	-2.444
11540	1663.000	-0.396	-0.182	0.000	-30.798	12.622
11556	1663.000	-0.341	-0.345	0.000	-30.565	-3.939
11572	1663.000	-0.468	-0.517	0.000	-31.754	-19.994
11588	1663.000	-0.358	-0.164	0.000	-30.564	14.182
11604	1663.000	-0.344	-0.218	0.000	-30.644	8.875
11620	1663.000	-0.384	-0.160	0.000	-30.917	14.928
11636	1663.000	-0.412	-0.416	0.000	-30.682	-10.869
11652	1663.000	-0.391	-0.376	0.000	-31.401	-6.158
11668	1663.000	-0.369	-0.301	0.000	-30.607	0.485
11684	1663.000	-0.381	-0.376	0.000	-30.682	-6.950
11700	1663.000	-0.348	-0.145	0.000	-31.233	16.710
11716	1663.000	-0.372	-0.406	0.000	-30.752	-9.862
11732	1663.000	-0.406	-0.275	0.000	-30.714	3.175
11748	1663.000	-0.375	-0.208	0.000	-30.532	9.710
11764	1663.000	-0.379	-0.517	0.000	-30.684	-21.062
11780	1663.000	-0.358	-0.313	0.000	-30.522	-0.755
11796	1663.000	-0.449	-0.160	0.000	-30.710	14.697
11812	1663.000	-0.365	-0.168	0.000	-30.687	13.902
11828	1663.000	-0.389	-0.251	0.000	-31.060	6.009
11844	1663.000	-0.376	-0.526	0.000	-30.987	-21.608
11860	1663.000	-0.385	-0.529	0.000	-30.597	-22.283
11876	1663.000	-0.372	-0.471	0.000	-31.297	-15.842
12516	1663.000	-0.314	-0.415	0.000	-24.538	-16.950
12532	1663.000	-0.234	-0.019	0.000	-24.661	22.790
12548	1663.000	-0.268	-0.080	0.000	-24.759	16.797
12564	1663.000	-0.287	-0.046	0.000	-24.982	20.398
12580	1663.000	-0.323	-0.475	0.000	-24.695	-22.834
12596	1663.000	-0.344	-0.395	0.000	-25.279	-14.243
12612	1663.000	-0.290	-0.497	0.000	-25.150	-24.567
12628	1663.000	-0.302	-0.420	0.000	-24.905	-17.078
12644	1663.000	-0.287	-0.036	0.000	-25.143	21.502
12660	1663.000	-0.299	-0.035	0.000	-24.567	21.070
12676	1663.000	-0.314	-0.394	0.000	-24.503	-14.915
12692	1663.000	-0.237	-0.285	0.000	-24.508	-3.978
12708	1663.000	-0.313	-0.070	0.000	-24.512	17.477
12724	1663.000	-0.259	-0.120	0.000	-24.641	12.661
12740	1663.000	-0.275	-0.100	0.000	-24.498	14.461
12756	1663.000	-0.266	-0.048	0.000	-24.578	19.800
12772	1663.000	-0.319	-0.313	0.000	-24.502	-6.837
12788	1663.000	-0.277	-0.168	0.000	-25.073	8.315
12804	1663.000	-0.387	-0.336	0.000	-24.533	-9.113
12820	1663.000	-0.294	-0.474	0.000	-24.498	-22.902
12836	1663.000	-0.295	-0.187	0.000	-25.016	6.308
12852	1663.000	-0.283	-0.321	0.000	-24.506	-7.583
12868	1663.000	-0.346	-0.409	0.000	-24.501	-16.399
12884	1663.000	-0.316	-0.328	0.000	-24.498	-8.349
12900	1663.000	-0.324	-0.399	0.000	-24.586	-15.269
12916	1663.000	-0.316	-0.206	0.000	-24.843	4.239
12932	1663.000	-0.308	-0.059	0.000	-24.652	18.801
12948	1663.000	-0.358	-0.344	0.000	-25.010	-9.340
12964	1663.000	-0.315	-0.013	0.000	-25.189	23.847
12980	1663.000	-0.271	-0.231	0.000	-24.832	1.727
12996	1663.000	-0.299	-0.432	0.000	-24.610	-18.545
13012	1663.000	-0.270	-0.007	0.000	-24.576	23.890
13028	1663.000	-0.378	-0.443	0.000	-25.283	-18.995
13044	1663.000	-0.280	-0.172	0.000	-25.015	7.804
13060	1663.000	-0.311	-0.103	0.000	-24.546	14.287
13076	1663.000	-0.328	-0.212	0.000	-25.125	3.884
13092	1663.000	-0.366	-0.264	0.000	-24.893	-1.540
13108	1663.000	-0.269	-0.181	0.000	-24.577	6.488
13124	1663.000	-0.330	-0.090	0.000	-25.143	16.162
13780	1663.000	-1.002	-0.670	0.000	-77.309	10.340
13796	1663.000	-1.043	-1.030	0.000	-80.472	-22.526
13812	1663.000	-0.929	-0.531	0.000	-77.296	24.197
13828	1663.000	-1.027	-0.871	0.000	-78.231	-8.825
13844	1663.000	-0.964	-0.662	0.000	-78.536	12.361
13860	1663.000	-0.935	-0.858	0.000	-77.296	-8.497
13876	1663.000	-0.981	-0.543	0.000	-78.240	23.962
13892	1663.000	-0.993	-0.669	0.000	-78.536	11.672
13908	1663.000	-0.952	-0.806	0.000	-77.599	-3.024
13924	1663.000	-0.984	-0.731	0.000	-77.274	4.164
13940	1663.000	-1.000	-0.527	0.000	-77.281	24.563
13956	1663.000	-1.012	-0.648	0.000	-81.728	16.897
13972	1663.000	-0.975	-0.918	0.000	-77.274	-14.541
13988	1663.000	-0.980	-0.697	0.000	-80.019	10.310
14004	1663.000	-0.099	4.297	0.000	-80.297	10.018
14020	1663.000	-0.966	-0.731	0.000	-79.377	6.308
14036	1663.000	-0.673	-0.919	0.000	-78.292	-13.615
14052	1663.000	-0.982	-0.930	0.000	-77.909	-15.118
14068	1663.000	-1.012	-1.023	0.000	-78.422	-23.847
14084	1663.000	-0.988	-0.811	0.000	-77.893	-3.227
14100	1663.000	-0.750	-0.608	0.000	-77.315	16.493
14116	1663.000	-1.023	-0.967	0.000	-78.167	-18.510
14132	1663.000	-0.981	-0.942	0.000	-77.315	-16.915
14148	1663.000	-0.971	-1.019	0.000	-77.306	-24.555
14164	1663.000	-0.923	-0.611	0.000	-77.959	16.889
14180	1663.000	-0.957	-0.545	0.000	-77.289	22.812
14196	1663.000	-0.955	-0.992	0.000	-77.655	-21.512
14212	1663.000	-1.050	-0.845	0.000	-78.996	-5.525
14228	1663.000	-0.962	-0.846	0.000	-77.274	-7.369
14244	1663.000	-0.580	-0.553	0.000	-77.958	22.648
14260	1663.000	-0.995	-0.836	0.000	-79.173	-4.395
14276	1663.000	-0.976	-0.575	0.000	-77.274	19.799
14292	1663.000	-0.990	-1.020	0.000	-77.361	-24.648
14308	1663.000	-1.013	-0.834	0.000	-77.274	-6.113
14324	1663.000	-1.030	-0.952	0.000	-78.715	-16.436
14340	1663.000	-0.932	-0.657	0.000	-77.298	11.555
14356	1663.000	-0.872	-0.582	0.000	-77.315	19.073
14372	1663.000	-0.911	-1.000	0.000	-79.956	-20.045
14388	1663.000	-0.943	-0.851	0.000	-77.274	-7.797
4	1664.000	-0.865	-0.691	0.000	-73.615	4.513
20	1664.000	-0.935	-0.546	0.000	-74.379	19.794
36	1664.000	-0.904	-0.608	0.000	-73.874	13.068
52	1664.000	0.719	4.115	0.000	-73.615	-14.903
68	1664.000	-0.958	-0.918	0.000	-74.379	-17.439
84	1664.000	-0.935	-0.571	0.000	-75.679	18.560
100	1664.000	-0.973	-0.874	0.000	-73.615	-13.759
116	1664.000	-0.906	-0.583	0.000	-73.630	15.285
132	1664.000	-1.012	-0.813	0.000	-75.287	-5.998
148	1664.000	0.700	4.097	0.000	-74.936	-15.322
164	1664.000	-0.820	-0.535	0.000	-73.691	20.183
180	1664.000	-0.916	-0.787	0.000	-73.615	-5.099
196	1664.000	-0.939	-0.899	0.000	-74.777	-15.113
212	1664.000	-0.929	-0.870	0.000	-73.630	-13.415
228	1664.000	-0.818	-0.588	0.000	-73.615	14.766
244	1664.000	-0.959	-1.000	0.000	-76.626	-23.342
260	1664.000	-0.874	-0.564	0.000	-73.615	17.225
276	1664.000	-0.895	-0.858	0.000	-73.663	-12.107
292	1664.000	-0.894	-0.663	0.000	-73.652	7.306
308	1664.000	0.759	4.317	0.000	-73.621	5.343
324	1664.000	-0.918	-0.591	0.000	-73.642	14.543
340	1664.000	-0.694	-0.626	0.000	-73.629	10.981
356	1664.000	-0.935	-0.649	0.000	-74.251	9.367
372	1664.000	-0.872	-0.967	0.000	-74.247	-22.473
388	1664.000	-0.885	-0.836	0.000	-75.097	-8.534
404	1664.000	0.679	4.477	0.000	-77.236	24.926
420	1664.000	-0.833	-0.565	0.000	-75.327	18.784
436	1664.000	-0.807	-0.570	0.000	-74.255	17.214
452	1664.000	-0.913	-0.643	0.000	-75.802	11.544
468	1664.000	-0.918	-0.537	0.000	-77.057	23.394
484	1664.000	-0.879	-0.541	0.000	-73.615	19.561
500	1664.000	-0.882	-0.507	0.000	-73.615	22.929
516	1664.000	-0.965	-0.756	0.000	-79.272	3.680
532	1664.000	-0.712	-0.963	0.000	-73.629	-22.672
548	1664.000	-0.942	-0.850	0.000	-73.647	-11.376
564	1664.000	-0.854	-0.522	0.000	-74.158	21.923
580	1664.000	-0.883	-0.856	0.000	-73.621	-11.938
596	1664.000	-0.896	-0.531	0.000	-73.633	20.489
612	1664.000	-0.925	-0.784	0.000	-74.165	-4.197
1268	1664.000	-0.279	-0.324	0.000	-23.189	-9.166
1284	1664.000	-0.256	-0.110	0.000	-22.938	11.897
1300	1664.000	-0.306	-0.207	0.000	-23.035	2.291
1316	1664.000	-0.282	-0.174	0.000	-22.671	5.245
1332	1664.000	-0.286	-0.123	0.000	-22.670	10.365
1348	1664.000	-0.274	-0.012	0.000	-22.771	21.522
1364	1664.000	-0.265	-0.425	0.000	-23.202	-19.330
1380	1664.000	-0.324	-0.096	0.000	-22.634	13.029
1396	1664.000	-0.216	-0.121	0.000	-22.897	10.776
1412	1664.000	-0.305	-0.272	0.000	-23.270	-3.955
1428	1664.000	-0.280	-0.304	0.000	-22.815	-7.588
1444	1664.000	-0.325	-0.241	0.000	-22.627	-1.522
1460	1664.000	-0.295	-0.467	0.000	-22.697	-24.038
1476	1664.000	-0.269	-0.249	0.000	-22.731	-2.133
1492	1664.000	-0.288	-0.160	0.000	-22.815	6.786
1508	1664.000	-0.280	-0.167	0.000	-22.700	6.007
1524	1664.000	-0.275	-0.021	0.000	-23.034	20.884
1540	1664.000	-0.270	-0.154	0.000	-22.634	7.214
1556	1664.000	-0.265	-0.342	0.000	-22.601	-11.594
1572	1664.000	-0.294	-0.103	0.000	-22.693	12.403
1588	1664.000	-0.274	-0.041	0.000	-23.541	19.470
1604	1664.000	-0.234	-0.066	0.000	-22.779	16.145
1620	1664.000	-0.259	0.003	0.000	-22.690	22.971
1636	1664.000	-0.192	0.365	0.074	-23.429	22.822
1652	1664.000	-0.272	-0.001	0.000	-22.968	22.874
1668	1664.000	-0.294	-0.325	0.000	-22.749	-9.792
1684	1664.000	-0.322	-0.393	0.000	-22.974	-16.320
1700	1664.000	-0.303	-0.443	0.000	-22.820	-21.464
1716	1664.000	-0.257	-0.271	0.000	-23.223	-3.848
1732	1664.000	-0.306	-0.377	0.000	-22.667	-15.083
1748	1664.000	-0.270	-0.155	0.000	-22.597	7.121
1764	1664.000	-0.266	0.012	0.000	-23.019	24.259
1780	1664.000	-0.292	-0.038	0.000	-22.601	18.839
1796	1664.000	-0.359	-0.170	0.000	-22.764	5.778
1812	1664.000	-0.259	-0.141	0.000	-22.868	8.805
1828	1664.000	-0.257	0.006	0.000	-22.598	23.153
1844	1664.000	-0.284	-0.082	0.000	-22.946	14.748
1860	1664.000	-0.349	-0.248	0.000	-23.101	-1.652
1876	1664.000	-0.304	-0.473	0.000	-23.057	-24.205
2516	1664.000	-0.380	-0.394	0.010	-31.079	-13.371
2532	1664.000	-0.404	-0.382	0.000	-30.463	-7.763
2548	1664.000	-0.388	-0.200	0.000	-30.836	10.787
2564	1664.000	-0.364	-0.072	0.000	-30.393	23.219
2580	1664.000	-0.351	-0.469	0.000	-30.715	-16.190
2596	1664.000	-0.332	-0.264	0.000	-30.615	4.173
2612	1664.000	-0.351	-0.057	0.000	-30.259	24.558
2628	1664.000	-0.366	-0.366	0.000	-30.803	-5.841
2644	1664.000	-0.412	-0.160	0.000	-30.890	14.861
2660	1664.000	-0.376	-0.289	0.000	-30.405	1.539
2676	1664.000	-0.345	-0.125	0.000	-30.556	18.091
2692	1664.000	-0.430	-0.432	0.000	-30.617	-12.540
2708	1664.000	-0.362	-0.087	0.000	-30.887	22.144
2724	1664.000	-0.384	-0.276	0.000	-30.631	3.077
2740	1664.000	-0.364	-0.101	0.000	-30.638	20.501
2756	1664.000	-0.457	-0.507	0.000	-30.480	-20.255
2772	1664.000	-0.402	-0.397	0.000	-31.152	-8.515
2788	1664.000	-0.384	-0.266	0.026	-30.485	-8.879
2804	1664.000	-0.382	-0.422	0.000	-30.264	-11.977
2820	1664.000	-0.417	-0.495	0.000	-30.755	-18.780
2836	1664.000	-0.354	-0.078	0.000	-30.394	22.555
2852	1664.000	-0.295	-0.107	0.000	-30.298	19.559
2868	1664.000	-0.406	-0.512	0.000	-30.349	-20.869
2884	1664.000	-0.419	-0.506	0.000	-30.906	-19.712
2900	1664.000	-0.442	-0.207	0.000	-30.263	9.547
2916	1664.000	-0.374	-0.518	0.000	-30.642	-21.171
2932	1664.000	-0.433	-0.297	0.000	-30.651	0.932
2948	1664.000	-0.409	-0.308	0.000	-30.268	-0.566
2964	1664.000	-0.374	-0.116	0.045	-30.689	-3.461
2980	1664.000	-0.342	-0.280	0.000	-30.368	2.344
2996	1664.000	-0.363	-0.415	0.000	-30.357	-11.101
3012	1664.000	-0.396	-0.211	0.000	-31.071	9.981
3028	1664.000	-0.417	-0.465	0.000	-30.547	-15.905
3044	1664.000	-0.428	-0.450	0.000	-30.442	-14.556
3060	1664.000	-0.433	-0.348	0.000	-30.754	-4.031
3076	1664.000	-0.348	-0.169	0.000	-30.355	13.472
3092	1664.000	-0.377	-0.446	0.000	-30.803	-13.749
3108	1664.000	-0.397	-0.431	0.000	-30.717	-12.431
3124	1664.000	-0.413	-0.512	0.000	-30.642	-20.585
3764	1664.000	-0.338	-0.138	0.000	-29.962	16.203
3780	1664.000	-0.356	-0.117	0.000	-30.016	18.331
3796	1664.000	-0.348	-0.164	0.000	-29.984	13.580
3812	1664.000	-0.392	-0.305	0.000	-30.041	-0.484
3828	1664.000	-0.365	-0.173	0.000	-30.603	13.305
3844	1664.000	-0.388	-0.296	0.000	-30.558	0.921
3860	1664.000	-0.412	-0.372	0.000	-30.182	-7.013
3876	1664.000	-0.419	-0.457	0.000	-30.128	-15.540
3892	1664.000	-0.342	-0.352	0.000	-30.386	-4.804
3908	1664.000	-0.344	-0.261	0.000	-30.161	4.016
3924	1664.000	-0.335	-0.430	0.000	-30.108	-12.924
3940	1664.000	-0.340	-0.233	0.000	-30.750	7.480
3956	1664.000	-0.323	-0.075	0.000	-30.305	22.853
3972	1664.000	-0.382	-0.446	0.000	-30.153	-14.423
3988	1664.000	-0.381	-0.153	0.000	-30.643	15.381
4004	1664.000	-0.362	-0.202	0.000	-30.153	9.926
4020	1664.000	-0.335	-0.444	0.000	-31.043	-13.312
4036	1664.000	-0.329	-0.391	0.000	-30.209	-8.876
4052	1664.000	-0.374	-0.231	0.000	-29.984	6.924
4068	1664.000	-0.394	-0.483	0.000	-30.298	-17.972
4084	1664.000	-0.455	-0.438	0.000	-30.061	-13.713
4100	1664.000	-0.378	-0.312	0.000	-30.165	-1.048
4116	1664.000	-0.372	0.028	0.055	-30.311	5.468
4132	1664.000	-0.372	-0.524	0.000	-30.113	-22.325
4148	1664.000	-0.365	-0.113	0.000	-30.776	19.512
4164	1664.000	-0.290	-0.080	0.000	-30.255	22.221
4180	1664.000	-0.389	-0.278	0.000	-30.372	2.620
4196	1664.000	-0.409	-0.203	0.000	-30.285	9.941
4212	1664.000	-0.350	-0.152	0.000	-29.870	14.628
4228	1664.000	-0.399	-0.347	0.000	-30.356	-4.306
4244	1664.000	-0.381	-0.541	0.000	-29.968	-24.152
4260	1664.000	-0.368	-0.478	0.000	-29.937	-17.861
4276	1664.000	-0.333	-0.122	0.000	-30.121	17.926
4292	1664.000	-0.473	-0.548	0.000	-29.864	-24.896
4308	1664.000	-0.353	-0.481	0.000	-30.126	-17.963
4324	1664.000	-0.377	-0.497	0.000	-30.234	-19.493
4340	1664.000	-0.322	-0.073	0.000	-29.941	22.655
4356	1664.000	-0.323	-0.111	0.000	-29.963	18.842
4372	1664.000	-0.360	-0.157	0.000	-30.018	14.318
5012	1664.000	-0.291	-0.251	0.000	-21.559	-3.562
5028	1664.000	-0.304	-0.434	0.000	-21.560	-21.797
5044	1664.000	-0.294	-0.241	0.000	-21.781	-2.344
5060	1664.000	-0.258	-0.368	0.000	-21.638	-15.158
5076	1664.000	-0.306	-0.291	0.000	-21.595	-7.478
5092	1664.000	-0.288	-0.319	0.000	-21.691	-10.181
5108	1664.000	-0.270	-0.022	0.000	-21.782	19.565
5124	1664.000	-0.263	0.026	0.000	-21.629	24.238
5140	1664.000	-0.265	-0.224	0.000	-21.952	-0.437
5156	1664.000	-0.270	-0.024	0.000	-21.951	19.557
5172	1664.000	-0.236	0.136	0.060	-21.787	5.443
5188	1664.000	-0.225	-0.073	0.000	-22.198	14.855
5204	1664.000	-0.280	-0.025	0.000	-21.747	19.205
5220	1664.000	-0.266	-0.217	0.000	-21.787	0.066
5236	1664.000	-0.322	-0.275	0.000	-22.641	-4.812
5252	1664.000	-0.241	-0.010	0.000	-21.650	20.670
5268	1664.000	-0.272	-0.132	0.000	-21.822	8.573
5284	1664.000	-0.218	-0.052	0.000	-21.768	16.544
5300	1664.000	-0.278	-0.373	0.000	-21.951	-15.340
5316	1664.000	-0.278	-0.198	0.000	-21.953	2.169
5332	1664.000	-0.222	-0.013	0.000	-21.768	20.470
5348	1664.000	-0.245	-0.041	0.000	-21.875	17.797
5364	1664.000	-0.275	-0.181	0.000	-21.659	3.551
5380	1664.000	-0.228	-0.260	0.000	-22.290	-3.700
5396	1664.000	-0.238	-0.040	0.000	-21.735	17.729
5412	1664.000	-0.277	-0.463	0.000	-21.659	-24.625
5428	1664.000	-0.297	-0.398	0.000	-22.353	-17.438
5444	1664.000	-0.296	-0.298	0.000	-21.557	-8.242
5460	1664.000	-0.260	-0.154	0.000	-21.552	6.144
5476	1664.000	-0.264	-0.095	0.000	-21.820	12.288
5492	1664.000	-0.308	-0.449	0.000	-21.553	-23.321
5508	1664.000	-0.302	-0.099	0.000	-21.552	11.679
5524	1664.000	-0.304	-0.345	0.000	-21.850	-12.631
5540	1664.000	-0.302	-0.092	0.000	-21.714	12.527
5556	1664.000	-0.289	-0.299	0.000	-21.779	-8.156
5572	1664.000	-0.318	-0.232	0.000	-21.783	-1.435
5588	1664.000	-0.308	0.016	0.000	-21.555	23.198
5604	1664.000	-0.284	-0.212	0.000	-21.683	0.504
5620	1664.000	-0.238	-0.065	0.000	-21.911	15.457
6260	1664.000	-0.940	-0.986	0.000	-76.157	-22.457
6276	1664.000	-0.926	-0.958	0.000	-76.458	-19.352
6292	1664.000	-0.923	-0.702	0.000	-76.156	5.920
6308	1664.000	-0.925	-0.840	0.000	-76.162	-7.807
6324	1664.000	-0.920	-0.747	0.000	-76.155	1.481
6340	1664.000	-0.934	-0.954	0.000	-76.156	-19.271
6356	1664.000	-0.953	-0.679	0.000	-76.954	9.019
6372	1664.000	-0.975	-0.643	0.000	-76.788	12.497
6388	1664.000	-0.892	-0.619	0.000	-76.156	14.286
6404	1664.000	-0.948	-0.684	0.000	-76.954	8.556
6420	1664.000	-0.979	-0.550	0.000	-78.802	23.851
6436	1664.000	-0.920	-0.572	0.000	-77.786	20.625
6452	1664.000	-0.918	-0.800	0.000	-76.188	-3.776
6468	1664.000	-0.978	-0.865	0.000	-78.994	-7.529
6484	1664.000	-0.932	-0.853	0.000	-77.537	-7.730
6500	1664.000	-0.959	-0.714	0.000	-76.954	5.539
6516	1664.000	-0.919	-0.787	0.000	-76.474	-2.253
6532	1664.000	-0.911	-0.764	0.000	-77.695	1.285
6548	1664.000	-0.968	-0.627	0.000	-78.848	16.128
6564	1664.000	-0.947	-0.689	0.000	-76.778	7.835
6580	1664.000	-0.903	-0.737	0.000	-76.194	2.491
6596	1664.000	-0.920	-0.625	0.000	-77.525	15.067
6612	1664.000	-0.917	-0.521	0.000	-76.156	24.017
6628	1664.000	-0.912	-0.534	0.000	-76.817	23.409
6644	1664.000	-0.971	-0.975	0.000	-76.218	-21.277
6660	1664.000	-0.984	-0.742	0.000	-77.489	3.333
6676	1664.000	-0.981	-1.023	0.000	-77.513	-24.779
6692	1664.000	-0.616	-0.927	0.000	-76.162	-16.519
6708	1664.000	-0.875	-0.556	0.000	-77.506	21.882
6724	1664.000	-0.901	-0.574	0.000	-76.155	18.771
6740	1664.000	-0.939	-0.901	0.000	-76.162	-13.904
6756	1664.000	-0.944	-0.570	0.000	-77.670	20.716
6772	1664.000	-0.889	-0.702	0.000	-76.155	5.910
6788	1664.000	-0.973	-0.943	0.000	-76.155	-18.137
6804	1664.000	0.638	4.128	0.000	-78.284	-8.952
6820	1664.000	-0.909	-0.587	0.000	-76.873	18.167
6836	1664.000	-0.915	-0.525	0.000	-76.163	23.646
6852	1664.000	0.660	4.153	0.000	-76.156	-8.525
6868	1664.000	-0.532	-0.890	0.000	-79.044	-9.991
7524	1664.000	-0.862	-0.568	0.000	-72.784	15.976
7540	1664.000	-0.838	-0.549	0.000	-72.489	17.589
7556	1664.000	-0.876	-0.944	0.000	-72.459	-21.956
7572	1664.000	-0.912	-0.709	0.000	-72.178	1.258
7588	1664.000	-0.949	-0.808	0.000	-74.380	-6.461
7604	1664.000	-0.931	-0.498	0.000	-72.187	22.419
7620	1664.000	-0.953	-0.551	0.000	-73.881	18.739
7636	1664.000	-0.973	-0.975	0.000	-73.060	-24.399
7652	1664.000	-0.882	-0.495	0.000	-72.445	22.992
7668	1664.000	-0.943	-0.803	0.000	-72.820	-7.513
7684	1664.000	-0.880	-0.855	0.000	-72.164	-13.336
7700	1664.000	-0.760	-0.871	0.000	-72.203	-14.943
7716	1664.000	-0.906	-0.964	0.000	-74.558	-21.817
7732	1664.000	-0.900	-0.769	0.000	-72.164	-4.723
7748	1664.000	-0.843	-0.557	0.000	-72.179	16.481
7764	1664.000	-0.964	-0.935	0.000	-74.494	-19.027
7780	1664.000	-0.935	-0.566	0.000	-73.505	16.887
7796	1664.000	-0.888	-0.493	0.000	-73.031	23.703
7812	1664.000	-0.890	-0.514	0.000	-72.463	21.042
7828	1664.000	-0.913	-0.805	0.000	-73.786	-6.716
7844	1664.000	-0.947	-0.950	0.000	-73.715	-21.279
7860	1664.000	-0.912	-0.710	0.000	-74.334	3.342
7876	1664.000	-0.917	-0.869	0.000	-72.164	-14.709
7892	1664.000	-0.887	-0.778	0.000	-72.164	-5.662
7908	1664.000	-0.940	-0.653	0.000	-72.792	7.519
7924	1664.000	-0.966	-0.871	0.000	-73.495	-13.651
7940	1664.000	-0.901	-0.754	0.000	-72.171	-3.232
7956	1664.000	-0.927	-0.948	0.000	-72.164	-22.587
7972	1664.000	-0.863	-0.633	0.000	-72.164	8.849
7988	1664.000	-0.909	-0.735	0.000	-72.467	-1.015
8004	1664.000	-0.843	-0.523	0.000	-72.196	19.943
8020	1664.000	-0.918	-0.708	0.000	-72.164	1.403
8036	1664.000	-0.915	-0.615	0.000	-72.164	10.631
8052	1664.000	-0.871	-0.957	0.000	-72.188	-23.483
8068	1664.000	-0.875	-0.548	0.000	-74.012	19.184
8084	1664.000	-0.881	-0.963	0.000	-72.164	-24.172
8100	1664.000	-0.851	-0.916	0.000	-72.959	-18.652
8116	1664.000	-0.961	-0.890	0.000	-74.065	-14.939
8132	1664.000	-0.883	-0.908	0.000	-72.164	-18.600
8772	1664.000	-0.313	-0.078	0.000	-25.214	17.395
8788	1664.000	-0.363	-0.382	0.000	-25.044	-13.118
8804	1664.000	-0.363	-0.250	0.000	-25.070	0.047
8820	1664.000	-0.344	-0.496	0.000	-25.004	-24.635
8836	1664.000	-0.292	-0.084	0.000	-25.175	16.780
8852	1664.000	-0.331	-0.312	0.000	-25.000	-6.213
8868	1664.000	-0.292	-0.371	0.000	-25.141	-11.928
8884	1664.000	-0.313	-0.163	0.000	-25.519	9.198
8900	1664.000	-0.280	-0.268	0.000	-25.032	-1.731
8916	1664.000	-0.389	-0.408	0.000	-25.283	-15.487
8932	1664.000	-0.327	-0.461	0.000	-25.448	-20.666
8948	1664.000	-0.339	-0.500	0.000	-25.891	-24.147
8964	1664.000	-0.327	-0.485	0.000	-25.188	-23.328
8980	1664.000	-0.309	-0.085	0.000	-25.307	16.855
8996	1664.000	-0.270	-0.127	0.000	-25.951	13.257
9012	1664.000	-0.347	-0.440	0.000	-25.080	-18.895
9028	1664.000	-0.345	-0.145	0.000	-25.197	10.746
9044	1664.000	-0.315	-0.199	0.000	-25.330	5.395
9060	1664.000	-0.329	-0.456	0.000	-25.009	-20.640
9076	1664.000	-0.358	-0.348	0.000	-25.268	-9.529
9092	1664.000	-0.288	-0.461	0.000	-25.356	-20.764
9108	1664.000	-0.261	-0.402	0.000	-25.041	-15.143
9124	1664.000	-0.314	-0.238	0.000	-25.803	2.008
9140	1664.000	-0.258	-0.090	0.000	-25.078	16.071
9156	1664.000	-0.252	-0.127	0.000	-25.004	12.340
9172	1664.000	-0.289	-0.009	0.000	-25.769	24.908
9188	1664.000	-0.287	-0.085	0.000	-25.000	16.550
9204	1664.000	-0.326	-0.244	0.000	-25.072	0.622
9220	1664.000	-0.280	-0.334	0.000	-25.471	-7.887
9236	1664.000	-0.261	-0.400	0.000	-25.038	-14.980
9252	1664.000	-0.371	-0.313	0.000	-25.373	-5.940
9268	1664.000	-0.350	-0.478	0.000	-25.546	-22.274
9284	1664.000	-0.267	-0.033	0.000	-25.119	21.821
9300	1664.000	-0.306	-0.029	0.000	-25.183	22.300
9316	1664.000	-0.351	-0.481	0.000	-25.524	-22.574
9332	1664.000	-0.314	-0.022	0.000	-25.369	23.204
9348	1664.000	-0.309	-0.212	0.000	-25.179	3.968
9364	1664.000	-0.295	-0.427	0.000	-25.142	-17.541
9380	1664.000	-0.297	-0.232	0.000	-25.146	1.948
10020	1664.000	-0.379	-0.142	0.000	-29.951	15.708
10036	1664.000	-0.303	-0.262	0.000	-30.090	3.882
10052	1664.000	-0.359	-0.393	0.000	-30.030	-9.312
10068	1664.000	-0.382	-0.530	0.000	-30.254	-22.786
10084	1664.000	-0.363	-0.265	0.000	-30.123	3.598
10100	1664.000	-0.395	-0.225	0.000	-30.221	7.702
10116	1664.000	-0.331	-0.389	0.000	-30.349	-8.573
10132	1664.000	-0.337	-0.315	0.000	-30.194	-1.286
10148	1664.000	-0.393	-0.538	0.000	-30.370	-23.431
10164	1664.000	-0.374	-0.443	0.000	-30.325	-13.985
10180	1664.000	-0.408	-0.515	0.000	-29.984	-21.504
10196	1664.000	-0.299	-0.070	0.000	-30.569	23.536
10212	1664.000	-0.383	-0.190	0.000	-29.951	10.998
10228	1664.000	-0.386	-0.254	0.000	-30.723	5.355
10244	1664.000	-0.402	-0.410	0.000	-30.090	-10.914
10260	1664.000	-0.368	-0.280	0.000	-29.951	1.972
10276	1664.000	-0.373	-0.376	0.000	-30.921	-6.704
10292	1664.000	-0.409	-0.411	0.000	-30.144	-10.911
10308	1664.000	-0.383	-0.198	0.000	-30.618	10.813
10324	1664.000	-0.373	-0.483	0.000	-30.374	-17.901
10340	1664.000	-0.367	-0.297	0.000	-30.037	0.356
10356	1664.000	-0.413	-0.388	0.000	-30.835	-7.941
10372	1664.000	-0.404	-0.510	0.000	-30.327	-20.688
10388	1664.000	-0.357	-0.060	0.000	-30.082	24.123
10404	1664.000	-0.338	-0.348	0.000	-30.632	-4.140
10420	1664.000	-0.337	-0.279	0.000	-30.425	2.537
10436	1664.000	-0.307	-0.101	0.000	-30.271	20.193
10452	1664.000	-0.390	-0.347	0.000	-30.485	-4.256
10468	1664.000	-0.333	-0.159	0.000	-30.534	14.635
10484	1664.000	-0.440	-0.487	0.000	-30.585	-18.148
10500	1664.000	-0.361	-0.263	0.000	-29.955	3.617
10516	1664.000	-0.347	-0.185	0.000	-30.061	11.603
10532	1664.000	-0.371	-0.376	0.000	-30.217	-7.431
10548	1664.000	-0.364	-0.310	0.000	-30.222	-0.774
10564	1664.000	-0.410	-0.539	0.000	-30.143	-23.732
10580	1664.000	-0.372	-0.130	0.000	-30.304	17.270
10596	1664.000	-0.387	-0.464	0.000	-30.286	-16.132
10612	1664.000	-0.394	-0.176	0.000	-29.955	12.314
10628	1664.000	-0.372	-0.175	0.000	-30.239	12.749
11268	1664.000	-0.427	-0.133	0.000	-29.825	16.490
11284	1664.000	-0.408	-0.466	0.000	-29.273	-17.281
11300	1664.000	-0.371	-0.254	0.000	-29.766	4.339
11316	1664.000	-0.361	-0.307	0.000	-29.550	-1.101
11332	1664.000	-0.340	-0.106	0.000	-29.304	18.689
11348	1664.000	-0.441	-0.519	0.000	-30.076	-21.857
11364	1664.000	-0.408	-0.180	0.000	-29.354	11.338
11380	1664.000	-0.337	-0.192	0.000	-29.273	10.063
11396	1664.000	-0.338	-0.356	0.000	-29.710	-5.852
11412	1664.000	-0.399	-0.408	0.000	-29.405	-11.439
11428	1664.000	-0.395	-0.304	0.000	-29.716	-0.682
11444	1664.000	-0.379	-0.448	0.000	-29.436	-15.331
11460	1664.000	-0.356	-0.428	0.000	-29.484	-13.329
11476	1664.000	-0.318	-0.281	0.000	-29.306	1.227
11492	1664.000	-0.364	-0.312	0.000	-29.325	-1.853
11508	1664.000	-0.410	-0.108	0.000	-29.583	18.825
11524	1664.000	-0.346	-0.061	0.000	-29.807	23.755
11540	1664.000	-0.400	-0.436	0.000	-29.526	-14.058
11556	1664.000	-0.329	-0.377	0.000	-29.315	-8.396
11572	1664.000	-0.441	-0.223	0.000	-30.391	8.119
11588	1664.000	-0.323	-0.239	0.000	-29.314	5.382
11604	1664.000	-0.362	-0.508	0.000	-29.386	-21.393
11620	1664.000	-0.396	-0.531	0.000	-29.634	-23.454
11636	1664.000	-0.420	-0.425	0.000	-29.421	-13.030
11652	1664.000	-0.372	-0.199	0.000	-30.072	10.127
11668	1664.000	-0.330	-0.255	0.000	-29.353	3.880
11684	1664.000	-0.360	-0.328	0.000	-29.421	-3.340
11700	1664.000	-0.312	-0.188	0.000	-29.919	11.102
11716	1664.000	-0.336	-0.175	0.000	-29.485	11.966
11732	1664.000	-0.391	-0.201	0.000	-29.450	9.309
11748	1664.000	-0.346	-0.317	0.000	-29.286	-2.369
11764	1664.000	-0.379	-0.292	0.000	-29.423	0.253
11780	1664.000	-0.324	-0.093	0.000	-29.276	19.971
11796	1664.000	-0.391	-0.053	0.000	-29.446	24.098
11812	1664.000	-0.322	-0.138	0.000	-29.425	15.647
11828	1664.000	-0.375	-0.377	0.000	-29.763	-7.933
11844	1664.000	-0.346	-0.140	0.000	-29.697	15.715
11860	1664.000	-0.402	-0.441	0.000	-29.344	-14.803
11876	1664.000	-0.369	-0.260	0.000	-29.978	3.969
12516	1664.000	-0.302	-0.224	0.000	-23.534	1.088
12532	1664.000	-0.237	-0.250	0.000	-23.646	-1.306
12548	1664.000	-0.232	-0.079	0.000	-23.734	15.786
12564	1664.000	-0.281	-0.401	0.000	-23.936	-16.148
12580	1664.000	-0.313	-0.088	0.000	-23.676	14.869
12596	1664.000	-0.315	-0.165	0.000	-24.205	7.683
12612	1664.000	-0.272	-0.254	0.000	-24.088	-1.302
12628	1664.000	-0.282	-0.355	0.000	-23.867	-11.653
12644	1664.000	-0.312	-0.403	0.000	-24.082	-16.232
12660	1664.000	-0.278	-0.152	0.000	-23.561	8.387
12676	1664.000	-0.310	-0.384	0.000	-23.502	-14.883
12692	1664.000	-0.233	-0.123	0.000	-23.507	11.161
12708	1664.000	-0.286	-0.073	0.000	-23.511	16.199
12724	1664.000	-0.232	-0.183	0.000	-23.628	5.335
12740	1664.000	-0.266	-0.188	0.000	-23.498	4.666
12756	1664.000	-0.243	-0.063	0.000	-23.571	17.248
12772	1664.000	-0.303	-0.049	0.000	-23.501	18.636
12788	1664.000	-0.258	-0.264	0.000	-24.018	-2.404
12804	1664.000	-0.356	-0.034	0.000	-23.530	20.153
12820	1664.000	-0.299	-0.290	0.000	-23.498	-5.492
12836	1664.000	-0.277	-0.258	0.000	-23.967	-1.820
12852	1664.000	-0.271	-0.208	0.000	-23.505	2.749
12868	1664.000	-0.312	-0.135	0.000	-23.501	10.040
12884	1664.000	-0.318	-0.362	0.000	-23.498	-12.654
12900	1664.000	-0.302	-0.288	0.000	-23.578	-5.213
12916	1664.000	-0.306	-0.393	0.000	-23.811	-15.482
12932	1664.000	-0.321	-0.291	0.000	-23.638	-5.453
12948	1664.000	-0.336	-0.262	0.000	-23.962	-2.247
12964	1664.000	-0.326	-0.336	0.000	-24.123	-9.522
12980	1664.000	-0.258	-0.040	0.000	-23.800	19.833
12996	1664.000	-0.310	-0.309	0.000	-23.599	-7.260
13012	1664.000	-0.253	-0.203	0.000	-23.569	3.283
13028	1664.000	-0.391	-0.472	0.000	-24.209	-22.974
13044	1664.000	-0.270	-0.269	0.000	-23.966	-2.944
13060	1664.000	-0.281	-0.247	0.000	-23.542	-1.205
13076	1664.000	-0.276	-0.017	0.000	-24.065	22.358
13092	1664.000	-0.341	-0.040	0.000	-23.856	19.877
13108	1664.000	-0.248	-0.228	0.000	-23.570	0.794
13124	1664.000	-0.334	-0.316	0.000	-24.082	-7.476
13780	1664.000	-0.986	-0.877	0.000	-74.152	-13.544
13796	1664.000	-1.017	-0.804	0.000	-77.014	-3.403
13812	1664.000	-0.862	-0.573	0.000	-74.140	16.887
13828	1664.000	-0.998	-0.895	0.000	-74.986	-14.552
13844	1664.000	-0.927	-0.799	0.000	-75.263	-4.614
13860	1664.000	-0.882	-0.759	0.000	-74.140	-1.783
13876	1664.000	-0.946	-0.720	0.000	-74.994	3.008
13892	1664.000	-0.946	-0.581	0.000	-75.263	17.162
13908	1664.000	-0.951	-0.979	0.000	-74.415	-23.492
13924	1664.000	-0.963	-0.950	0.000	-74.120	-20.914
13940	1664.000	-0.957	-0.597	0.000	-74.127	14.436
13956	1664.000	-0.966	-0.643	0.000	-78.151	13.809
13972	1664.000	-0.931	-0.725	0.000	-74.120	1.621
13988	1664.000	-0.947	-0.930	0.000	-76.604	-16.407
14004	1664.000	0.687	4.156	0.000	-76.856	-7.537
14020	1664.000	-0.923	-0.843	0.000	-76.023	-8.242
14036	1664.000	-0.664	-0.575	0.000	-75.041	17.502
14052	1664.000	-0.945	-0.972	0.000	-74.695	-22.519
14068	1664.000	-0.955	-0.581	0.000	-75.159	17.103
14084	1664.000	-0.969	-0.961	0.000	-74.681	-21.384
14100	1664.000	-0.774	-0.893	0.000	-74.157	-15.129
14116	1664.000	-0.974	-0.748	0.000	-74.928	0.113
14132	1664.000	-0.956	-0.867	0.000	-74.157	-12.537
14148	1664.000	-0.952	-0.807	0.000	-74.150	-6.515
14164	1664.000	-0.887	-0.587	0.000	-74.740	16.078
14180	1664.000	-0.930	-0.935	0.000	-74.134	-19.353
14196	1664.000	-0.920	-0.576	0.000	-74.465	16.900
14212	1664.000	-1.012	-0.912	0.000	-75.678	-15.491
14228	1664.000	-0.917	-0.661	0.000	-74.120	7.996
14244	1664.000	-0.635	-0.911	0.000	-74.739	-16.330
14260	1664.000	-0.934	-0.649	0.000	-75.839	10.954
14276	1664.000	-0.955	-0.924	0.000	-74.120	-18.310
14292	1664.000	-0.982	-0.982	0.000	-74.199	-24.048
14308	1664.000	-0.970	-0.637	0.000	-74.120	10.425
14324	1664.000	-0.971	-0.859	0.000	-75.424	-10.434
14340	1664.000	-0.890	-0.564	0.000	-74.142	17.787
14356	1664.000	-0.869	-0.718	0.000	-74.158	2.309
14372	1664.000	-0.884	-0.689	0.000	-76.547	7.616
14388	1664.000	-0.906	-0.582	0.000	-74.120	15.920
4	1665.000	-0.919	-1.314	0.000	-131.490	0.113
20	1665.000	-0.916	-0.965	0.031	-121.703	9.563
36	1665.000	-0.913	-1.137	0.000	-121.246	7.593
52	1665.000	1.258	3.428	0.000	-135.048	-22.145
68	1665.000	-1.014	-1.400	0.000	-123.634	-16.332
84	1665.000	-0.935	-1.054	0.000	-128.085	22.641
100	1665.000	-0.941	-0.914	0.065	-127.005	2.906
116	1665.000	-0.927	-1.002	0.015	-131.980	24.074
132	1665.000	-1.003	-1.116	0.000	-127.730	16.113
148	1665.000	1.240	3.621	0.000	-136.243	-1.696
164	1665.000	-0.863	-1.190	0.000	-125.143	6.189
180	1665.000	-0.908	-0.961	0.000	-121.011	24.952
196	1665.000	-0.932	-1.126	0.053	-132.543	-6.306
212	1665.000	-0.952	-1.081	0.000	-121.026	12.879
228	1665.000	-0.870	-1.067	0.000	-121.011	14.360
244	1665.000	-0.992	-1.154	0.000	-127.799	12.408
260	1665.000	-0.901	-1.173	0.000	-131.067	13.799
276	1665.000	-0.913	-1.147	0.000	-121.055	6.353
292	1665.000	-0.987	-1.559	0.000	-131.999	-23.931
308	1665.000	1.324	3.869	0.000	-135.054	21.962
324	1665.000	-0.955	-1.307	0.000	-126.242	-4.413
340	1665.000	-0.754	-1.073	0.000	-121.024	13.765
356	1665.000	-0.972	-1.195	0.000	-125.449	5.990
372	1665.000	-0.923	-1.443	0.000	-126.789	-17.520
388	1665.000	-0.968	-1.482	0.000	-130.901	-17.290
404	1665.000	1.307	3.926	0.085	-140.255	-9.539
420	1665.000	-0.867	-1.260	0.000	-122.561	-3.436
436	1665.000	-0.823	-1.086	0.088	-132.070	-20.708
452	1665.000	-0.952	-1.302	0.000	-124.921	-5.288
468	1665.000	-0.984	-1.440	0.000	-128.189	-15.860
484	1665.000	-0.852	-0.827	0.044	-121.011	16.526
500	1665.000	-0.912	-1.191	0.000	-121.011	1.948
516	1665.000	-1.010	-1.275	0.000	-137.084	9.595
532	1665.000	-0.794	-1.207	0.000	-121.024	0.311
548	1665.000	-1.014	-1.441	0.000	-129.589	-14.553
564	1665.000	-0.889	-1.206	0.000	-132.457	11.836
580	1665.000	-0.909	-1.102	0.000	-121.017	10.791
596	1665.000	-0.910	-1.033	0.000	-121.028	17.734
612	1665.000	-0.959	-1.365	0.000	-125.572	-10.930
1268	1665.000	-0.129	0.453	0.150	-22.211	-7.536
1284	1665.000	-0.183	0.068	0.060	-21.983	-1.240
1300	1665.000	-0.192	0.283	0.072	-22.071	14.607
1316	1665.000	-0.255	-0.097	0.010	-21.742	7.115
1332	1665.000	-0.266	-0.078	0.000	-21.741	13.897
1348	1665.000	-0.211	0.075	0.066	-21.833	-3.723
1364	1665.000	-0.192	0.014	0.088	-22.222	-20.437
1380	1665.000	-0.125	0.717	0.183	-21.708	1.796
1396	1665.000	-0.213	-0.006	0.000	-21.947	21.353
1412	1665.000	-0.308	-0.353	0.000	-22.284	-13.016
1428	1665.000	-0.214	-0.049	0.068	-21.872	-17.229
1444	1665.000	-0.310	-0.206	0.001	-21.702	0.621
1460	1665.000	-0.186	0.252	0.131	-21.766	-18.536
1476	1665.000	-0.196	-0.030	0.062	-21.796	-12.070
1492	1665.000	-0.213	0.106	0.041	-21.872	11.893
1508	1665.000	-0.174	0.385	0.122	-21.768	-0.782
1524	1665.000	-0.234	0.010	0.000	-22.070	23.050
1540	1665.000	-0.088	0.697	0.174	-21.708	4.333
1556	1665.000	-0.202	-0.043	0.061	-21.679	-13.325
1572	1665.000	-0.313	-0.452	0.000	-21.761	-23.458
1588	1665.000	-0.269	-0.200	0.000	-22.529	2.556
1604	1665.000	-0.227	0.006	0.000	-21.839	22.435
1620	1665.000	-0.211	0.032	0.001	-21.759	24.460
1636	1665.000	-0.115	0.226	0.074	-22.427	7.892
1652	1665.000	-0.265	-0.376	0.000	-22.011	-15.638
1668	1665.000	-0.216	0.007	0.063	-21.813	-9.243
1684	1665.000	-0.321	-0.372	0.000	-22.016	-15.151
1700	1665.000	-0.260	-0.021	0.002	-21.877	18.962
1716	1665.000	-0.260	-0.361	0.000	-22.241	-13.887
1732	1665.000	-0.279	-0.047	0.002	-21.738	15.943
1748	1665.000	-0.244	0.046	0.024	-21.675	14.473
1764	1665.000	-0.258	-0.372	0.000	-22.057	-15.178
1780	1665.000	-0.205	0.198	0.093	-21.678	-5.275
1796	1665.000	-0.309	-0.205	0.014	-21.826	-5.863
1812	1665.000	-0.204	0.094	0.052	-21.920	5.575
1828	1665.000	-0.237	-0.258	0.000	-21.676	-4.159
1844	1665.000	-0.222	0.202	0.072	-21.990	6.241
1860	1665.000	-0.312	-0.064	0.000	-22.131	15.770
1876	1665.000	-0.222	-0.048	0.079	-22.091	-22.247
2516	1665.000	-0.297	-0.021	0.051	-29.766	2.048
2532	1665.000	-0.406	-0.478	0.000	-29.209	-18.590
2548	1665.000	-0.379	-0.304	0.000	-29.546	-0.832
2564	1665.000	-0.354	-0.443	0.000	-29.145	-15.184
2580	1665.000	-0.355	-0.256	0.000	-29.437	3.857
2596	1665.000	-0.278	-0.103	0.067	-29.346	-14.638
2612	1665.000	-0.339	-0.327	0.000	-29.024	-3.663
2628	1665.000	-0.359	-0.250	0.000	-29.516	4.548
2644	1665.000	-0.311	0.210	0.122	-29.595	-10.504
2660	1665.000	-0.327	-0.165	0.052	-29.156	-13.150
2676	1665.000	-0.246	0.309	0.088	-29.293	16.461
2692	1665.000	-0.331	0.199	0.081	-29.348	8.562
2708	1665.000	-0.356	-0.323	0.031	-29.592	-18.052
2724	1665.000	-0.351	-0.313	0.000	-29.361	-1.914
2740	1665.000	-0.233	0.192	0.138	-29.367	-20.452
2756	1665.000	-0.396	0.100	0.035	-29.225	21.552
2772	1665.000	-0.383	-0.422	0.000	-29.832	-12.354
2788	1665.000	-0.355	-0.144	0.026	-29.229	2.028
2804	1665.000	-0.369	-0.414	0.000	-29.028	-12.394
2820	1665.000	-0.345	-0.025	0.053	-29.473	0.420
2836	1665.000	-0.280	0.176	0.083	-29.146	5.127
2852	1665.000	-0.259	-0.005	0.051	-29.059	3.196
2868	1665.000	-0.381	-0.064	0.000	-29.106	22.669
2884	1665.000	-0.396	-0.207	0.000	-29.609	8.877
2900	1665.000	-0.337	0.106	0.121	-29.028	-20.859
2916	1665.000	-0.232	0.514	0.170	-29.371	-4.059
2932	1665.000	-0.381	-0.296	0.045	-29.379	-22.779
2948	1665.000	-0.394	-0.304	0.000	-29.033	-1.385
2964	1665.000	-0.224	0.560	0.124	-29.413	23.448
2980	1665.000	-0.371	-0.510	0.000	-29.122	-21.919
2996	1665.000	-0.359	-0.259	0.000	-29.113	3.232
3012	1665.000	-0.301	0.244	0.070	-29.759	19.237
3028	1665.000	-0.373	-0.097	0.043	-29.285	-1.751
3044	1665.000	-0.428	-0.396	0.000	-29.189	-10.445
3060	1665.000	-0.390	-0.170	0.035	-29.472	-5.300
3076	1665.000	-0.346	-0.245	0.000	-29.111	4.583
3092	1665.000	-0.295	0.174	0.060	-29.517	16.750
3108	1665.000	-0.383	-0.357	0.035	-29.439	-23.871
3124	1665.000	-0.338	0.008	0.054	-29.371	3.403
3764	1665.000	-0.254	0.228	0.068	-28.734	17.596
3780	1665.000	-0.262	0.276	0.092	-28.783	10.552
3796	1665.000	-0.254	0.207	0.053	-28.754	22.861
3812	1665.000	-0.281	0.206	0.069	-28.805	14.934
3828	1665.000	-0.377	-0.474	0.000	-29.314	-18.054
3844	1665.000	-0.309	0.068	0.064	-29.273	3.895
3860	1665.000	-0.370	-0.193	0.000	-28.933	9.663
3876	1665.000	-0.375	-0.052	0.010	-28.884	18.847
3892	1665.000	-0.235	0.275	0.069	-29.117	22.280
3908	1665.000	-0.307	-0.186	0.001	-28.914	10.036
3924	1665.000	-0.202	0.514	0.188	-28.866	-13.959
3940	1665.000	-0.331	-0.325	0.000	-29.447	-3.085
3956	1665.000	-0.294	-0.232	0.000	-29.044	5.883
3972	1665.000	-0.253	0.354	0.083	-28.907	22.739
3988	1665.000	-0.280	0.323	0.086	-29.350	18.891
4004	1665.000	-0.376	-0.458	0.000	-28.907	-16.880
4020	1665.000	-0.332	-0.337	0.000	-29.712	-3.999
4036	1665.000	-0.297	-0.042	0.000	-28.958	24.757
4052	1665.000	-0.320	-0.067	0.000	-28.754	22.031
4068	1665.000	-0.135	1.110	0.265	-29.038	7.429
4084	1665.000	-0.403	-0.175	0.000	-28.824	11.339
4100	1665.000	-0.354	-0.219	0.020	-28.917	-2.805
4116	1665.000	-0.291	-0.082	0.067	-29.050	-12.763
4132	1665.000	-0.323	-0.143	0.000	-28.871	14.599
4148	1665.000	-0.339	-0.171	0.000	-29.471	12.326
4164	1665.000	-0.267	-0.043	0.000	-28.999	24.673
4180	1665.000	-0.298	-0.056	0.074	-29.105	-13.381
4196	1665.000	-0.410	-0.389	0.000	-29.026	-9.890
4212	1665.000	-0.299	-0.117	0.015	-28.651	9.359
4228	1665.000	-0.366	-0.166	0.000	-29.091	12.506
4244	1665.000	-0.375	-0.432	0.000	-28.739	-14.419
4260	1665.000	-0.336	-0.090	0.017	-28.711	11.100
4276	1665.000	-0.322	-0.329	0.000	-28.878	-3.986
4292	1665.000	-0.470	-0.532	0.000	-28.645	-24.532
4308	1665.000	-0.238	0.303	0.076	-28.882	21.286
4324	1665.000	-0.330	-0.196	0.041	-28.980	-10.895
4340	1665.000	-0.200	0.245	0.104	-28.715	0.988
4356	1665.000	-0.297	-0.074	0.000	-28.734	21.336
4372	1665.000	-0.234	0.438	0.128	-28.784	8.510
5012	1665.000	-0.257	-0.253	0.007	-20.679	-8.248
5028	1665.000	-0.261	-0.142	0.000	-20.680	6.471
5044	1665.000	-0.249	0.131	0.033	-20.879	17.379
5060	1665.000	-0.237	0.014	0.000	-20.751	22.136
5076	1665.000	-0.251	-0.000	0.000	-20.711	20.670
5092	1665.000	-0.277	-0.375	0.000	-20.798	-16.712
5108	1665.000	-0.183	0.144	0.082	-20.881	-5.722
5124	1665.000	-0.244	-0.258	0.000	-20.742	-5.105
5140	1665.000	-0.017	1.207	0.282	-21.034	0.935
5156	1665.000	-0.239	-0.108	0.000	-21.033	10.244
5172	1665.000	0.021	1.209	0.238	-20.885	22.873
5188	1665.000	-0.232	-0.161	0.000	-21.257	5.148
5204	1665.000	-0.290	-0.243	0.000	-20.849	-3.448
5220	1665.000	-0.135	0.542	0.102	-20.886	23.854
5236	1665.000	-0.331	-0.421	0.000	-21.658	-20.415
5252	1665.000	-0.198	-0.004	0.033	-20.761	4.008
5268	1665.000	-0.175	0.182	0.101	-20.916	-11.549
5284	1665.000	-0.131	0.333	0.083	-20.868	12.532
5300	1665.000	-0.275	-0.320	0.000	-21.033	-10.970
5316	1665.000	-0.254	-0.110	0.000	-21.036	10.018
5332	1665.000	-0.164	0.209	0.068	-20.868	7.650
5348	1665.000	-0.260	-0.389	0.000	-20.964	-17.898
5364	1665.000	-0.268	-0.260	0.024	-20.770	-17.262
5380	1665.000	-0.248	-0.322	0.000	-21.340	-10.890
5396	1665.000	-0.191	0.156	0.036	-20.838	18.163
5412	1665.000	-0.187	0.364	0.083	-20.769	15.683
5428	1665.000	-0.271	-0.005	0.000	-21.397	20.872
5444	1665.000	-0.302	-0.255	0.000	-20.677	-4.850
5460	1665.000	-0.183	0.169	0.056	-20.673	9.570
5476	1665.000	-0.183	0.290	0.052	-20.915	23.883
5492	1665.000	-0.260	0.016	0.000	-20.673	22.271
5508	1665.000	-0.310	-0.448	0.000	-20.672	-24.177
5524	1665.000	-0.158	0.525	0.187	-20.942	-19.940
5540	1665.000	-0.277	-0.059	0.000	-20.819	14.963
5556	1665.000	-0.268	-0.254	0.000	-20.878	-4.486
5572	1665.000	-0.325	-0.334	0.000	-20.881	-12.546
5588	1665.000	-0.157	0.651	0.165	-20.675	3.361
5604	1665.000	-0.225	-0.018	0.038	-20.791	0.171
5620	1665.000	-0.232	-0.170	0.017	-20.998	-4.464
6260	1665.000	-0.959	-1.147	0.000	-122.137	7.482
6276	1665.000	-0.975	-1.129	0.000	-131.678	18.782
6292	1665.000	-0.949	-1.089	0.000	-122.136	13.241
6308	1665.000	-0.959	-1.241	0.000	-122.141	-1.921
6324	1665.000	-0.966	-1.486	0.000	-139.083	-9.554
6340	1665.000	-0.967	-1.330	0.000	-122.136	-10.819
6356	1665.000	-0.993	-1.194	0.000	-122.858	3.482
6372	1665.000	-0.967	-0.983	0.094	-141.787	-3.247
6388	1665.000	-0.467	3.708	1.000	-124.067	-5.109
6404	1665.000	-0.947	-1.037	0.000	-122.858	19.161
6420	1665.000	-1.026	-1.265	0.000	-135.484	9.024
6436	1665.000	-0.947	-1.208	0.000	-127.674	6.843
6452	1665.000	-0.934	-1.020	0.036	-126.228	6.391
6468	1665.000	-0.999	-1.171	0.000	-130.697	13.557
6484	1665.000	-0.948	-1.122	0.000	-123.386	11.213
6500	1665.000	-0.990	-1.460	0.000	-122.858	-23.161
6516	1665.000	-0.920	-1.045	0.075	-133.378	-8.605
6532	1665.000	-0.978	-1.350	0.000	-123.529	-11.486
6548	1665.000	-0.997	-1.418	0.000	-126.654	-15.169
6564	1665.000	-0.973	-1.390	0.000	-122.700	-16.263
6580	1665.000	-0.945	-1.283	0.000	-122.171	-6.134
6596	1665.000	-0.932	-1.091	0.000	-123.375	14.235
6612	1665.000	-0.951	-1.211	0.000	-122.136	1.084
6628	1665.000	-0.955	-1.306	0.000	-122.734	-7.895
6644	1665.000	-1.002	-1.407	0.000	-122.193	-18.475
6660	1665.000	-1.005	-1.202	0.000	-123.343	3.188
6676	1665.000	-1.002	-1.121	0.000	-123.365	11.240
6692	1665.000	-0.720	-1.409	0.000	-122.141	-18.786
6708	1665.000	-0.918	-1.291	0.000	-128.564	-0.556
6724	1665.000	-0.929	-0.906	0.097	-122.135	-17.063
6740	1665.000	-0.960	-1.189	0.000	-122.142	3.243
6756	1665.000	-0.971	-1.058	0.000	-129.500	23.728
6772	1665.000	-0.900	-1.104	0.000	-122.136	11.757
6788	1665.000	-0.988	-1.030	0.000	-122.136	19.092
6804	1665.000	1.208	3.745	0.000	-140.029	14.510
6820	1665.000	-0.967	-1.412	0.000	-135.397	-5.793
6836	1665.000	-0.945	-1.236	0.000	-126.205	2.578
6852	1665.000	1.629	3.323	0.000	-153.120	-14.557
6868	1665.000	-0.675	-1.432	0.000	-126.680	-16.498
7524	1665.000	-0.886	-0.997	0.055	-137.128	9.903
7540	1665.000	-0.854	-1.188	0.058	-130.868	-16.921
7556	1665.000	-0.958	-1.442	0.000	-125.093	-19.073
7572	1665.000	-0.957	-1.172	0.000	-134.649	17.436
7588	1665.000	-0.984	-1.131	0.017	-125.688	3.828
7604	1665.000	-0.955	-1.321	0.000	-119.641	-12.444
7620	1665.000	-0.986	-1.225	0.000	-121.174	-1.333
7636	1665.000	-1.023	-1.351	0.000	-120.431	-14.673
7652	1665.000	-0.376	4.225	1.075	-119.874	4.600
7668	1665.000	-0.980	-1.287	0.000	-120.214	-8.451
7684	1665.000	-0.889	-1.078	0.000	-124.826	17.075
7700	1665.000	-0.804	-1.256	0.000	-119.655	-5.915
7716	1665.000	-0.935	-1.133	0.000	-135.540	22.273
7732	1665.000	-0.969	-1.370	0.000	-139.122	2.100
7748	1665.000	-0.840	-0.724	0.045	-119.633	24.772
7764	1665.000	-1.005	-1.440	0.000	-135.482	-8.562
7780	1665.000	-0.999	-1.624	0.000	-143.135	-19.281
7796	1665.000	-0.927	-1.137	0.000	-120.404	6.709
7812	1665.000	-0.957	-1.359	0.000	-125.096	-10.787
7828	1665.000	-0.931	-1.271	0.017	-126.294	-9.307
7844	1665.000	-0.979	-1.170	0.033	-125.086	-8.469
7860	1665.000	-0.975	-1.472	0.000	-126.789	-20.453
7876	1665.000	-0.915	-0.974	0.050	-138.699	16.453
7892	1665.000	-0.907	-1.127	0.000	-119.620	6.888
7908	1665.000	-0.959	-1.094	0.000	-120.188	10.817
7924	1665.000	-0.954	-1.031	0.000	-124.887	21.767
7940	1665.000	-0.931	-1.370	0.000	-119.626	-17.342
7956	1665.000	-0.949	-1.268	0.000	-119.620	-7.154
7972	1665.000	-0.900	-1.102	0.037	-124.826	-4.041
7988	1665.000	-0.938	-1.337	0.000	-119.894	-13.795
8004	1665.000	-0.875	-1.039	0.000	-123.712	19.859
8020	1665.000	-0.972	-1.244	0.000	-124.826	0.427
8036	1665.000	-0.943	-1.373	0.000	-119.620	-17.638
8052	1665.000	-0.906	-1.212	0.000	-123.704	2.531
8068	1665.000	-0.896	-1.229	0.007	-121.292	-5.024
8084	1665.000	-0.925	-1.425	0.000	-119.620	-22.853
8100	1665.000	-0.859	-1.165	0.060	-133.224	-13.135
8116	1665.000	-1.001	-1.309	0.000	-121.340	-9.554
8132	1665.000	-0.860	-1.064	0.077	-132.231	-12.663
8772	1665.000	-0.241	0.113	0.044	-24.174	13.423
8788	1665.000	-0.356	-0.380	0.012	-24.019	-19.912
8804	1665.000	-0.318	-0.234	0.030	-24.043	-14.244
8820	1665.000	-0.183	0.501	0.120	-23.984	14.293
8836	1665.000	-0.274	-0.158	0.012	-24.138	2.130
8852	1665.000	-0.245	0.260	0.088	-23.980	6.006
8868	1665.000	-0.294	-0.392	0.000	-24.108	-15.079
8884	1665.000	-0.299	-0.447	0.000	-24.449	-20.219
8900	1665.000	-0.150	0.471	0.159	-24.008	-8.523
8916	1665.000	-0.346	-0.160	0.000	-24.235	8.228
8932	1665.000	-0.321	-0.367	0.013	-24.385	-18.650
8948	1665.000	-0.321	-0.340	0.000	-24.786	-9.247
8964	1665.000	-0.327	-0.224	0.000	-24.150	1.741
8980	1665.000	-0.263	-0.069	0.015	-24.257	9.657
8996	1665.000	-0.259	-0.254	0.000	-24.840	-0.520
9012	1665.000	-0.290	-0.061	0.000	-24.053	17.960
9028	1665.000	-0.301	-0.116	0.000	-24.158	12.516
9044	1665.000	-0.276	-0.083	0.000	-24.279	15.958
9060	1665.000	-0.247	0.203	0.054	-23.988	17.059
9076	1665.000	-0.218	0.570	0.123	-24.223	19.567
9092	1665.000	-0.186	0.341	0.069	-24.302	23.875
9108	1665.000	-0.258	-0.426	0.000	-24.016	-18.586
9124	1665.000	-0.311	-0.275	0.000	-24.706	-2.787
9140	1665.000	-0.239	-0.109	0.000	-24.051	13.129
9156	1665.000	-0.076	0.632	0.192	-23.983	-8.893
9172	1665.000	-0.272	-0.298	0.000	-24.676	-5.078
9188	1665.000	-0.251	-0.199	0.039	-23.980	-15.520
9204	1665.000	-0.210	0.141	0.109	-24.045	-16.485
9220	1665.000	-0.226	-0.090	0.054	-24.406	-11.774
9236	1665.000	-0.215	-0.060	0.022	-24.014	6.900
9252	1665.000	-0.258	0.116	0.096	-24.317	-11.937
9268	1665.000	-0.330	-0.368	0.000	-24.474	-12.294
9284	1665.000	-0.270	-0.194	0.018	-24.088	-4.400
9300	1665.000	-0.241	0.085	0.084	-24.146	-9.173
9316	1665.000	-0.314	-0.139	0.043	-24.454	-10.773
9332	1665.000	-0.050	1.217	0.249	-24.314	21.471
9348	1665.000	-0.270	-0.046	0.000	-24.141	19.566
9364	1665.000	-0.245	-0.019	0.047	-24.108	-1.340
9380	1665.000	-0.286	-0.369	0.000	-24.112	-12.787
10020	1665.000	-0.384	-0.534	0.000	-28.728	-24.721
10036	1665.000	-0.220	0.282	0.080	-28.854	17.159
10052	1665.000	-0.321	-0.076	0.061	-28.800	-9.542
10068	1665.000	-0.345	-0.277	0.000	-29.002	1.340
10084	1665.000	-0.284	-0.024	0.064	-28.884	-5.400
10100	1665.000	-0.364	-0.107	0.000	-28.973	18.252
10116	1665.000	-0.313	-0.125	0.000	-29.089	16.551
10132	1665.000	-0.295	-0.144	0.022	-28.948	3.677
10148	1665.000	-0.353	-0.047	0.013	-29.107	17.901
10164	1665.000	-0.375	-0.351	0.000	-29.067	-6.042
10180	1665.000	-0.361	-0.167	0.012	-28.758	6.125
10196	1665.000	-0.184	0.543	0.122	-29.288	22.576
10212	1665.000	-0.341	-0.073	0.038	-28.728	2.234
10228	1665.000	-0.384	-0.493	0.000	-29.427	-19.888
10244	1665.000	-0.301	0.161	0.044	-28.854	22.918
10260	1665.000	-0.324	-0.201	0.034	-28.729	-8.392
10276	1665.000	-0.295	0.014	0.084	-29.606	-11.059
10292	1665.000	-0.312	0.203	0.078	-28.903	9.955
10308	1665.000	-0.369	-0.528	0.000	-29.333	-23.429
10324	1665.000	-0.365	-0.428	0.000	-29.111	-13.650
10340	1665.000	-0.299	-0.026	0.081	-28.806	-14.440
10356	1665.000	-0.327	0.095	0.077	-29.528	0.741
10372	1665.000	-0.402	-0.482	0.000	-29.069	-19.124
10388	1665.000	-0.355	-0.209	0.000	-28.848	7.971
10404	1665.000	-0.339	-0.237	0.000	-29.345	5.680
10420	1665.000	-0.347	-0.534	0.000	-29.158	-24.244
10436	1665.000	-0.099	0.708	0.226	-29.018	-13.396
10452	1665.000	-0.401	-0.426	0.014	-29.212	-20.347
10468	1665.000	-0.230	0.206	0.098	-29.256	0.879
10484	1665.000	-0.429	-0.389	0.000	-29.302	-9.605
10500	1665.000	-0.286	0.104	0.062	-28.732	7.886
10516	1665.000	-0.356	-0.396	0.019	-28.828	-20.349
10532	1665.000	-0.344	-0.009	0.015	-28.970	20.422
10548	1665.000	-0.167	0.701	0.184	-28.974	6.969
10564	1665.000	-0.401	-0.537	0.000	-28.902	-24.823
10580	1665.000	-0.338	-0.171	0.065	-29.048	-20.403
10596	1665.000	-0.377	-0.441	0.000	-29.032	-15.071
10612	1665.000	-0.357	0.051	0.018	-28.732	24.637
10628	1665.000	-0.333	-0.111	0.000	-28.989	17.919
11268	1665.000	-0.393	-0.304	0.043	-28.577	-23.394
11284	1665.000	-0.327	-0.139	0.073	-28.078	-22.201
11300	1665.000	-0.368	-0.351	0.000	-28.524	-6.537
11316	1665.000	-0.138	1.035	0.244	-28.329	9.790
11332	1665.000	-0.248	0.069	0.079	-28.107	-4.496
11348	1665.000	-0.336	0.136	0.052	-28.805	16.281
11364	1665.000	-0.302	0.211	0.103	-28.151	-2.039
11380	1665.000	-0.333	-0.351	0.007	-28.078	-10.546
11396	1665.000	-0.193	0.434	0.184	-28.474	-20.297
11412	1665.000	-0.350	-0.108	0.000	-28.198	17.379
11428	1665.000	-0.371	-0.062	0.000	-28.479	22.253
11444	1665.000	-0.393	-0.451	0.000	-28.226	-16.858
11460	1665.000	-0.358	-0.223	0.000	-28.270	5.966
11476	1665.000	-0.237	0.168	0.049	-28.108	20.402
11492	1665.000	-0.282	0.052	0.089	-28.126	-11.360
11508	1665.000	-0.385	-0.177	0.004	-28.359	8.732
11524	1665.000	-0.312	-0.123	0.000	-28.561	16.220
11540	1665.000	-0.352	-0.135	0.078	-28.307	-24.046
11556	1665.000	-0.323	-0.449	0.000	-28.116	-16.756
11572	1665.000	-0.452	-0.512	0.000	-29.090	-22.152
11588	1665.000	-0.299	-0.203	0.000	-28.116	7.805
11604	1665.000	-0.298	-0.048	0.034	-28.181	6.591
11620	1665.000	-0.205	0.570	0.192	-28.405	-10.842
11636	1665.000	-0.339	-0.125	0.061	-28.212	-14.789
11652	1665.000	-0.365	-0.181	0.000	-28.801	10.667
11668	1665.000	-0.268	0.070	0.038	-28.151	16.222
11684	1665.000	-0.245	0.403	0.129	-28.212	3.859
11700	1665.000	-0.125	0.597	0.202	-28.663	-12.749
11716	1665.000	-0.308	-0.186	0.000	-28.270	9.700
11732	1665.000	-0.297	0.083	0.060	-28.239	6.705
11748	1665.000	-0.251	0.116	0.065	-28.090	7.066
11764	1665.000	-0.392	-0.459	0.000	-28.214	-17.675
11780	1665.000	-0.304	-0.356	0.002	-28.081	-8.731
11796	1665.000	-0.338	-0.247	0.037	-28.235	-15.075
11812	1665.000	-0.283	-0.146	0.020	-28.216	3.444
11828	1665.000	-0.108	1.173	0.265	-28.522	13.343
11844	1665.000	-0.325	-0.050	0.022	-28.462	12.486
11860	1665.000	-0.324	0.119	0.084	-28.143	-1.714
11876	1665.000	-0.340	-0.244	0.000	-28.716	4.356
12516	1665.000	-0.237	0.177	0.061	-22.572	10.009
12532	1665.000	-0.185	0.010	0.079	-22.673	-15.707
12548	1665.000	-0.220	-0.312	0.000	-22.753	-8.424
12564	1665.000	-0.283	-0.143	0.000	-22.935	8.604
12580	1665.000	-0.243	0.272	0.067	-22.700	16.576
12596	1665.000	-0.294	-0.382	0.000	-23.179	-14.982
12612	1665.000	-0.237	-0.108	0.005	-23.073	9.650
12628	1665.000	-0.092	0.756	0.173	-22.873	11.958
12644	1665.000	-0.239	0.041	0.099	-23.068	-22.123
12660	1665.000	-0.211	0.040	0.053	-22.596	0.324
12676	1665.000	-0.244	0.139	0.078	-22.543	-2.795
12692	1665.000	-0.247	-0.366	0.000	-22.547	-14.074
12708	1665.000	-0.238	-0.078	0.038	-22.551	-4.125
12724	1665.000	-0.165	0.071	0.044	-22.656	7.689
12740	1665.000	-0.274	-0.291	0.000	-22.539	-6.555
12756	1665.000	-0.155	0.179	0.063	-22.605	8.914
12772	1665.000	-0.284	0.004	0.000	-22.542	22.915
12788	1665.000	-0.181	0.227	0.049	-23.010	21.430
12804	1665.000	-0.345	-0.289	0.000	-22.568	-6.363
12820	1665.000	-0.150	0.527	0.124	-22.539	13.254
12836	1665.000	-0.237	-0.048	0.031	-22.963	2.686
12852	1665.000	-0.282	-0.400	0.000	-22.546	-17.417
12868	1665.000	-0.334	-0.408	0.000	-22.542	-18.221
12884	1665.000	-0.306	-0.268	0.041	-22.539	-24.697
12900	1665.000	-0.143	0.591	0.150	-22.611	6.796
12916	1665.000	-0.276	-0.003	0.000	-22.822	22.496
12932	1665.000	-0.215	0.283	0.053	-22.666	24.194
12948	1665.000	-0.278	-0.155	0.041	-22.959	-13.058
12964	1665.000	-0.236	0.090	0.087	-23.105	-11.532
12980	1665.000	-0.214	0.006	0.049	-22.812	-1.279
12996	1665.000	-0.136	0.635	0.181	-22.631	-4.338
13012	1665.000	0.044	1.540	0.317	-22.603	18.002
13028	1665.000	-0.357	-0.055	0.000	-23.182	17.686
13044	1665.000	-0.194	0.172	0.059	-22.963	10.911
13060	1665.000	-0.273	-0.426	0.000	-22.579	-20.024
13076	1665.000	-0.190	0.124	0.097	-23.052	-12.802
13092	1665.000	-0.312	-0.090	0.000	-22.863	13.846
13108	1665.000	-0.177	0.254	0.067	-22.604	14.333
13124	1665.000	-0.312	-0.236	0.039	-23.067	-20.028
13780	1665.000	-0.984	-1.135	0.000	-134.410	20.938
13796	1665.000	-1.010	-0.995	0.010	-128.177	23.501
13812	1665.000	-0.823	-0.649	0.098	-121.514	7.426
13828	1665.000	-1.040	-1.388	0.000	-137.296	-1.522
13844	1665.000	-0.946	-1.277	0.000	-122.530	-5.218
13860	1665.000	-0.955	-1.463	0.000	-123.445	-22.841
13876	1665.000	-0.985	-1.422	0.000	-126.350	-15.831
13892	1665.000	-1.011	-1.463	0.000	-122.530	-23.753
13908	1665.000	-0.942	-0.942	0.044	-121.763	5.324
13924	1665.000	-0.977	-1.116	0.000	-123.427	11.845
13940	1665.000	-1.011	-1.455	0.000	-121.502	-24.047
13956	1665.000	-0.985	-1.266	0.000	-127.074	0.441
13972	1665.000	-0.949	-1.134	0.000	-125.559	12.137
13988	1665.000	-0.974	-1.331	0.000	-123.744	-9.381
14004	1665.000	1.198	3.314	0.000	-146.556	-22.003
14020	1665.000	-0.986	-1.495	0.013	-134.172	-21.586
14036	1665.000	-0.763	-1.273	0.000	-122.330	-4.933
14052	1665.000	-0.987	-1.258	0.000	-123.947	-1.859
14068	1665.000	-1.008	-1.354	0.000	-122.436	-12.978
14084	1665.000	-1.023	-1.468	0.000	-122.004	-24.795
14100	1665.000	-0.867	-1.356	0.000	-134.141	-1.452
14116	1665.000	-1.049	-1.525	0.000	-133.181	-19.307
14132	1665.000	-0.507	3.930	1.000	-121.530	14.535
14148	1665.000	-0.987	-1.232	0.000	-132.002	8.828
14164	1665.000	-0.966	-1.409	0.000	-135.811	-5.128
14180	1665.000	-0.971	-1.135	0.000	-121.509	7.983
14196	1665.000	-0.924	-1.108	0.033	-121.808	-5.501
14212	1665.000	-0.979	-0.888	0.082	-130.043	0.444
14228	1665.000	-0.992	-1.436	0.000	-121.496	-22.112
14244	1665.000	-0.714	-1.093	0.023	-122.056	1.341
14260	1665.000	-0.980	-1.137	0.000	-127.114	13.408
14276	1665.000	-1.014	-1.354	0.000	-121.496	-13.946
14292	1665.000	-0.868	-0.397	0.117	-121.568	23.415
14308	1665.000	-1.026	-1.299	0.000	-125.559	-4.373
14324	1665.000	-1.022	-1.502	0.000	-133.630	-16.546
14340	1665.000	-0.949	-1.368	0.000	-121.516	-15.257
14356	1665.000	-0.914	-1.215	0.000	-123.461	1.954
14372	1665.000	-0.950	-1.418	0.000	-129.685	-12.102
14388	1665.000	-0.923	-1.191	0.051	-121.496	-23.253
