# NEST version: 3.6.0-post0.dev0
# RecordingBackendASCII version: 2
sender	time_ms	V_m	I_tot	I_exc	I_inh	I_noise
9	1662.000	-1.050	-0.655	0.000	-82.840	17.362
25	1662.000	-0.964	-0.960	0.000	-78.563	-17.400
41	1662.000	-1.056	-1.012	0.000	-81.988	-19.177
57	1662.000	-1.074	-0.618	0.000	-81.923	20.146
73	1662.000	-0.976	-0.983	0.000	-78.555	-19.729
89	1662.000	-1.030	-0.882	0.000	-79.401	-8.794
105	1662.000	-1.011	-0.755	0.000	-80.669	5.133
121	1662.000	-0.955	-0.605	0.000	-78.871	18.331
137	1662.000	-0.744	-0.784	0.000	-78.670	0.307
153	1662.000	-1.003	-0.811	0.000	-78.555	-2.516
169	1662.000	-1.047	-0.946	0.000	-82.595	-11.977
185	1662.000	-0.991	-0.733	0.000	-78.577	5.251
201	1662.000	-1.003	-0.833	0.000	-78.920	-4.362
217	1662.000	-0.989	-0.887	0.000	-81.938	-6.811
233	1662.000	-0.954	-0.983	0.000	-78.577	-19.688
249	1662.000	-0.977	-0.913	0.000	-78.555	-12.754
265	1662.000	-0.961	-0.736	0.000	-78.563	4.916
281	1662.000	-0.862	-0.867	0.000	-78.555	-8.099
297	1662.000	-0.536	-0.819	0.000	-78.555	-3.328
313	1662.000	-0.777	-0.623	0.000	-78.555	16.304
329	1662.000	-1.015	-0.761	0.000	-79.552	3.403
345	1662.000	-0.947	-0.568	0.000	-78.555	21.737
361	1662.000	-0.924	-0.654	0.000	-80.248	14.846
377	1662.000	-1.017	-0.770	0.000	-80.775	3.730
393	1662.000	-0.966	-0.763	0.000	-79.328	3.042
409	1662.000	-1.007	-0.635	0.000	-80.219	16.766
425	1662.000	-1.003	-0.942	0.000	-78.555	-15.627
441	1662.000	-1.083	-0.835	0.000	-81.524	-1.984
457	1662.000	-0.980	-0.639	0.000	-78.555	14.659
473	1662.000	-1.001	-0.834	0.000	-78.975	-4.445
489	1662.000	-0.915	-0.983	0.000	-78.614	-19.667
505	1662.000	-0.989	-1.031	0.000	-78.942	-24.117
521	1662.000	-0.950	-0.566	0.000	-78.575	22.014
537	1662.000	-1.010	-0.771	0.000	-78.883	1.790
553	1662.000	-0.430	-0.708	0.000	-78.601	7.836
569	1662.000	-0.899	-0.631	0.000	-78.555	15.477
585	1662.000	-1.037	-0.791	0.000	-82.320	3.218
601	1662.000	-1.019	-0.866	0.000	-78.573	-8.012
617	1662.000	-1.048	-0.639	0.000	-81.298	17.407
1257	1662.000	-0.355	-0.276	0.000	-24.910	-2.697
1273	1662.000	-0.318	-0.095	0.000	-25.048	15.573
1289	1662.000	-0.238	-0.205	0.000	-24.742	4.202
1305	1662.000	-0.309	-0.149	0.000	-24.740	9.826
1321	1662.000	-0.314	-0.377	0.000	-25.087	-12.638
1337	1662.000	-0.333	-0.270	0.000	-25.115	-1.917
1353	1662.000	-0.275	-0.105	0.000	-24.611	14.068
1369	1662.000	-0.317	-0.496	0.000	-24.885	-24.718
1385	1662.000	-0.288	-0.033	0.000	-24.563	21.237
1401	1662.000	-0.330	-0.365	0.000	-24.636	-11.857
1417	1662.000	-0.305	-0.011	0.000	-24.563	23.501
1433	1662.000	-0.307	-0.343	0.000	-24.814	-9.507
1449	1662.000	-0.299	-0.205	0.000	-25.007	4.496
1465	1662.000	-0.297	-0.022	0.000	-24.883	22.641
1481	1662.000	-0.266	-0.292	0.000	-24.655	-4.583
1497	1662.000	-0.234	-0.125	0.000	-24.602	12.056
1513	1662.000	-0.351	-0.184	0.000	-24.563	6.125
1529	1662.000	-0.299	-0.173	0.000	-24.564	7.266
1545	1662.000	-0.266	-0.034	0.000	-24.779	21.339
1561	1662.000	-0.335	-0.442	0.000	-25.143	-19.047
1577	1662.000	-0.273	-0.162	0.000	-25.024	8.849
1593	1662.000	-0.305	-0.085	0.000	-24.812	16.311
1609	1662.000	-0.313	-0.151	0.000	-24.567	9.439
1625	1662.000	-0.304	-0.277	0.000	-24.868	-2.824
1641	1662.000	-0.339	-0.054	0.000	-25.032	19.623
1657	1662.000	-0.334	-0.188	0.000	-24.749	5.972
1673	1662.000	-0.284	-0.064	0.000	-24.804	18.395
1689	1662.000	-0.314	-0.052	0.000	-25.380	20.150
1705	1662.000	-0.314	-0.104	0.000	-24.566	14.196
1721	1662.000	-0.307	-0.468	0.000	-24.836	-21.967
1737	1662.000	-0.319	-0.125	0.000	-24.605	12.096
1753	1662.000	-0.247	-0.196	0.000	-24.652	5.064
1769	1662.000	-0.297	-0.302	0.000	-24.785	-5.398
1785	1662.000	-0.351	-0.161	0.000	-24.567	8.499
1801	1662.000	-0.303	-0.212	0.000	-24.908	3.741
1817	1662.000	-0.314	-0.454	0.000	-25.458	-19.938
1833	1662.000	-0.291	-0.297	0.000	-24.921	-4.783
1849	1662.000	-0.366	-0.422	0.000	-25.725	-16.465
1865	1662.000	-0.281	-0.053	0.000	-25.356	20.072
2505	1662.000	-0.430	-0.319	0.000	-33.368	1.456
2521	1662.000	-0.417	-0.549	0.000	-33.869	-21.054
2537	1662.000	-0.397	-0.171	0.000	-33.422	16.325
2553	1662.000	-0.475	-0.414	0.000	-34.071	-7.379
2569	1662.000	-0.457	-0.394	0.000	-33.443	-5.986
2585	1662.000	-0.435	-0.410	0.000	-32.933	-8.050
2601	1662.000	-0.481	-0.213	0.000	-33.464	12.121
2617	1662.000	-0.418	-0.357	0.000	-33.720	-2.000
2633	1662.000	-0.441	-0.446	0.000	-33.001	-11.553
2649	1662.000	-0.380	-0.389	0.000	-32.989	-5.863
2665	1662.000	-0.406	-0.165	0.000	-33.842	17.348
2681	1662.000	-0.409	-0.269	0.000	-33.164	6.262
2697	1662.000	-0.351	-0.137	0.000	-33.320	19.605
2713	1662.000	-0.466	-0.515	0.000	-33.528	-17.942
2729	1662.000	-0.394	-0.271	0.000	-32.890	5.836
2745	1662.000	-0.374	-0.172	0.000	-33.428	16.263
2761	1662.000	-0.365	-0.161	0.000	-33.126	17.019
2777	1662.000	-0.406	-0.232	0.000	-32.982	9.803
2793	1662.000	-0.401	-0.168	0.000	-33.057	16.295
2809	1662.000	-0.434	-0.229	0.000	-32.974	10.091
2825	1662.000	-0.412	-0.349	0.000	-33.231	-1.622
2841	1662.000	-0.352	-0.209	0.000	-33.071	12.159
2857	1662.000	-0.412	-0.317	0.000	-33.345	1.609
2873	1662.000	-0.334	-0.247	0.000	-33.013	8.302
2889	1662.000	-0.350	-0.401	0.000	-33.979	-6.081
2905	1662.000	-0.432	-0.349	0.000	-33.135	-1.774
2921	1662.000	-0.406	-0.111	0.000	-33.017	21.910
2937	1662.000	-0.421	-0.221	0.000	-33.816	11.692
2953	1662.000	-0.442	-0.561	0.000	-33.023	-23.055
2969	1662.000	-0.398	-0.315	0.000	-33.333	1.877
2985	1662.000	-0.377	-0.126	0.000	-34.367	21.792
3001	1662.000	-0.409	-0.360	0.000	-33.017	-2.992
3017	1662.000	-0.406	-0.285	0.000	-33.023	4.530
3033	1662.000	-0.367	-0.191	0.000	-33.125	14.030
3049	1662.000	-0.379	-0.098	0.000	-32.994	23.171
3065	1662.000	-0.413	-0.386	0.000	-33.486	-5.163
3081	1662.000	-0.419	-0.221	0.000	-33.786	11.670
3097	1662.000	-0.488	-0.248	0.000	-33.666	8.859
3113	1662.000	-0.436	-0.563	0.000	-33.597	-22.744
3769	1662.000	-0.343	-0.129	0.000	-33.022	20.135
3785	1662.000	-0.411	-0.168	0.000	-32.831	15.995
3801	1662.000	-0.382	-0.088	0.000	-32.939	24.132
3817	1662.000	-0.417	-0.374	0.000	-32.999	-4.382
3833	1662.000	-0.373	-0.401	0.000	-32.752	-7.319
3849	1662.000	-0.395	-0.096	0.000	-32.700	23.053
3865	1662.000	-0.364	-0.384	0.000	-33.094	-5.298
3881	1662.000	-0.407	-0.315	0.000	-32.821	1.323
3897	1662.000	-0.483	-0.528	0.000	-32.810	-19.972
3913	1662.000	-0.379	-0.441	0.000	-33.128	-10.971
3929	1662.000	-0.422	-0.416	0.000	-32.799	-8.774
3945	1662.000	-0.414	-0.203	0.000	-33.069	12.784
3961	1662.000	-0.416	-0.422	0.000	-33.112	-9.125
3977	1662.000	-0.405	-0.235	0.000	-32.942	9.396
3993	1662.000	-0.433	-0.298	0.000	-33.237	3.481
4009	1662.000	-0.417	-0.555	0.000	-32.835	-22.678
4025	1662.000	-0.469	-0.576	0.000	-32.946	-24.614
4041	1662.000	-0.406	-0.312	0.000	-32.858	1.687
4057	1662.000	-0.344	-0.338	0.000	-32.785	-1.030
4073	1662.000	-0.407	-0.339	0.000	-33.266	-0.612
4089	1662.000	-0.485	-0.333	0.000	-32.701	-0.553
4105	1662.000	-0.387	-0.397	0.000	-32.779	-6.887
4121	1662.000	-0.376	-0.164	0.000	-33.360	16.916
4137	1662.000	-0.372	-0.298	0.000	-33.112	3.274
4153	1662.000	-0.374	-0.234	0.000	-32.685	9.286
4169	1662.000	-0.473	-0.282	0.000	-33.027	4.868
4185	1662.000	-0.400	-0.255	0.000	-32.573	7.086
4201	1662.000	-0.369	-0.081	0.000	-33.013	24.936
4217	1662.000	-0.455	-0.411	0.000	-32.736	-8.343
4233	1662.000	-0.370	-0.347	0.000	-32.461	-2.193
4249	1662.000	-0.362	-0.176	0.000	-33.506	15.922
4265	1662.000	-0.379	-0.171	0.000	-32.733	15.593
4281	1662.000	-0.360	-0.314	0.000	-32.553	1.190
4297	1662.000	-0.421	-0.532	0.000	-33.208	-20.042
4313	1662.000	-0.390	-0.422	0.000	-32.892	-9.333
4329	1662.000	-0.409	-0.441	0.000	-32.462	-11.635
4345	1662.000	-0.398	-0.401	0.000	-32.952	-7.120
4361	1662.000	-0.354	-0.176	0.000	-32.954	15.311
4377	1662.000	-0.375	-0.124	0.000	-32.459	20.015
5017	1662.000	-0.274	-0.038	0.000	-23.745	19.920
5033	1662.000	-0.260	-0.027	0.000	-23.563	20.887
5049	1662.000	-0.336	-0.362	0.000	-23.539	-12.690
5065	1662.000	-0.297	-0.416	0.000	-23.706	-17.933
5081	1662.000	-0.308	-0.409	0.000	-23.566	-17.340
5097	1662.000	-0.275	-0.446	0.000	-23.539	-21.069
5113	1662.000	-0.311	-0.387	0.000	-24.081	-14.652
5129	1662.000	-0.248	-0.057	0.000	-23.669	17.961
5145	1662.000	-0.264	-0.001	0.000	-23.782	23.654
5161	1662.000	-0.298	-0.243	0.000	-23.807	-0.472
5177	1662.000	-0.280	-0.203	0.000	-23.752	3.415
5193	1662.000	-0.324	-0.178	0.000	-23.710	5.936
5209	1662.000	-0.322	-0.379	0.000	-23.819	-14.124
5225	1662.000	-0.239	-0.003	0.000	-24.068	23.727
5241	1662.000	-0.270	-0.171	0.000	-23.998	6.904
5257	1662.000	-0.221	-0.306	0.000	-23.513	-7.065
5273	1662.000	-0.323	-0.354	0.000	-24.033	-11.321
5289	1662.000	-0.267	-0.170	0.000	-23.913	6.942
5305	1662.000	-0.291	-0.014	0.000	-23.923	22.519
5321	1662.000	-0.290	-0.335	0.000	-23.834	-9.672
5337	1662.000	-0.248	-0.068	0.000	-23.439	16.628
5353	1662.000	-0.307	-0.221	0.000	-24.431	2.332
5369	1662.000	-0.288	-0.058	0.000	-24.061	18.293
5385	1662.000	-0.315	-0.377	0.000	-23.438	-14.272
5401	1662.000	-0.306	-0.125	0.000	-24.577	12.114
5417	1662.000	-0.246	-0.353	0.000	-23.519	-11.773
5433	1662.000	-0.235	-0.178	0.000	-23.427	5.613
5449	1662.000	-0.322	-0.026	0.000	-23.858	21.223
5465	1662.000	-0.306	-0.153	0.000	-23.534	8.214
5481	1662.000	-0.339	-0.306	0.000	-23.467	-7.120
5497	1662.000	-0.255	-0.024	0.000	-23.477	21.100
5513	1662.000	-0.285	-0.182	0.000	-23.427	5.204
5529	1662.000	-0.295	-0.143	0.000	-23.759	9.445
5545	1662.000	-0.311	-0.363	0.000	-23.512	-12.746
5561	1662.000	-0.348	-0.277	0.000	-23.429	-4.308
5577	1662.000	-0.310	-0.325	0.000	-23.767	-8.768
5593	1662.000	-0.298	-0.418	0.000	-23.622	-18.171
5609	1662.000	-0.300	-0.225	0.000	-23.525	1.062
5625	1662.000	-0.295	-0.389	0.000	-23.427	-15.478
6265	1662.000	-1.007	-0.933	0.000	-81.341	-11.997
6281	1662.000	-0.949	-0.766	0.000	-81.375	4.812
6297	1662.000	-1.037	-0.667	0.000	-81.334	14.622
6313	1662.000	-1.018	-0.706	0.000	-81.340	10.766
6329	1662.000	-1.061	-0.898	0.000	-81.325	-8.454
6345	1662.000	-1.030	-0.598	0.000	-82.941	23.171
6361	1662.000	-1.048	-0.993	0.000	-81.316	-18.002
6377	1662.000	-0.996	-0.769	0.000	-81.317	4.462
6393	1662.000	-1.018	-0.753	0.000	-83.303	7.968
6409	1662.000	-1.007	-0.844	0.000	-83.508	-0.920
6425	1662.000	-1.036	-0.765	0.000	-81.318	4.858
6441	1662.000	-1.071	-1.071	0.000	-84.709	-22.411
6457	1662.000	-1.085	-0.963	0.000	-83.167	-13.135
6473	1662.000	-1.052	-0.854	0.000	-81.683	-3.698
6489	1662.000	-0.967	-0.957	0.000	-81.679	-13.977
6505	1662.000	-1.000	-0.879	0.000	-81.358	-6.565
6521	1662.000	-1.020	-0.863	0.000	-82.097	-4.194
6537	1662.000	-1.024	-0.767	0.000	-81.317	4.573
6553	1662.000	-0.866	-0.719	0.000	-81.339	9.434
6569	1662.000	-1.039	-1.054	0.000	-81.338	-24.026
6585	1662.000	-1.044	-0.934	0.000	-82.194	-11.189
6601	1662.000	-1.016	-0.930	0.000	-82.979	-9.989
6617	1662.000	-1.063	-0.932	0.000	-82.309	-10.903
6633	1662.000	-1.048	-0.696	0.000	-82.142	12.552
6649	1662.000	-1.037	-0.802	0.000	-82.229	2.026
6665	1662.000	-0.996	-0.634	0.000	-82.308	18.906
6681	1662.000	-1.071	-0.739	0.000	-82.998	9.112
6697	1662.000	-0.934	-0.829	0.000	-81.331	-1.586
6713	1662.000	-1.012	-0.985	0.000	-81.392	-17.149
6729	1662.000	-1.005	-0.825	0.000	-83.319	0.858
6745	1662.000	-1.052	-0.794	0.000	-81.317	1.898
6761	1662.000	-1.053	-0.811	0.000	-81.317	0.174
6777	1662.000	-1.117	-0.837	0.000	-83.965	0.234
6793	1662.000	-1.028	-0.883	0.000	-82.419	-5.866
6809	1662.000	-0.990	-0.848	0.000	-81.317	-3.529
6825	1662.000	-1.108	-1.057	0.000	-83.317	-22.353
6841	1662.000	-0.986	-0.591	0.000	-82.420	23.307
6857	1662.000	-0.991	-0.867	0.000	-81.352	-5.360
6873	1662.000	-1.074	-1.059	0.000	-82.975	-22.879
7513	1662.000	-0.770	-0.765	0.000	-78.521	1.992
7529	1662.000	-1.019	-0.982	0.000	-78.472	-19.715
7545	1662.000	-1.030	-0.838	0.000	-78.492	-5.264
7561	1662.000	-0.878	-0.901	0.000	-79.228	-10.860
7577	1662.000	-0.984	-0.551	0.000	-79.099	23.982
7593	1662.000	-0.959	-0.568	0.000	-78.813	22.026
7609	1662.000	-1.056	-0.864	0.000	-80.029	-6.340
7625	1662.000	-0.976	-0.634	0.000	-80.224	16.796
7641	1662.000	-1.021	-0.930	0.000	-78.485	-14.475
7657	1662.000	-0.949	-0.782	0.000	-79.193	0.996
7673	1662.000	-0.983	-1.009	0.000	-78.472	-22.398
7689	1662.000	-1.050	-1.036	0.000	-82.594	-21.028
7705	1662.000	-0.954	-0.882	0.000	-78.506	-9.655
7721	1662.000	-0.765	-0.728	0.000	-78.462	5.695
7737	1662.000	-0.975	-0.623	0.000	-79.406	17.143
7753	1662.000	-1.049	-0.947	0.000	-80.053	-14.643
7769	1662.000	-1.009	-0.809	0.000	-78.549	-2.343
7785	1662.000	-0.985	-0.968	0.000	-78.436	-18.409
7801	1662.000	-0.997	-0.855	0.000	-80.518	-5.031
7817	1662.000	-1.009	-0.812	0.000	-78.495	-2.740
7833	1662.000	-0.984	-0.995	0.000	-78.800	-20.718
7849	1662.000	-1.078	-0.860	0.000	-81.132	-4.856
7865	1662.000	-0.924	-0.802	0.000	-78.454	-1.703
7881	1662.000	-0.904	-0.599	0.000	-78.436	18.578
7897	1662.000	-1.071	-0.632	0.000	-81.432	18.272
7913	1662.000	-1.021	-0.965	0.000	-79.213	-17.337
7929	1662.000	-0.917	-0.812	0.000	-78.444	-2.773
7945	1662.000	-0.998	-0.671	0.000	-79.286	12.212
7961	1662.000	-0.984	-0.963	0.000	-80.552	-15.704
7977	1662.000	-0.996	-0.785	0.000	-79.281	0.756
7993	1662.000	-1.018	-0.778	0.000	-79.145	1.336
8009	1662.000	-0.945	-0.596	0.000	-78.458	18.875
8025	1662.000	-0.958	-0.607	0.000	-78.484	17.743
8041	1662.000	-0.936	-0.638	0.000	-81.344	17.573
8057	1662.000	-1.033	-0.645	0.000	-78.436	13.985
8073	1662.000	-1.018	-0.603	0.000	-80.477	20.222
8089	1662.000	-1.028	-1.032	0.000	-79.574	-23.659
8105	1662.000	-0.953	-0.886	0.000	-78.470	-10.141
8121	1662.000	-0.982	-0.810	0.000	-79.209	-1.830
8761	1662.000	-0.344	-0.060	0.000	-27.391	21.349
8777	1662.000	-0.356	-0.149	0.000	-27.402	12.467
8793	1662.000	-0.296	-0.054	0.000	-27.339	21.903
8809	1662.000	-0.303	-0.129	0.000	-27.424	14.504
8825	1662.000	-0.319	-0.091	0.000	-27.671	18.580
8841	1662.000	-0.346	-0.224	0.000	-27.896	5.468
8857	1662.000	-0.367	-0.443	0.000	-27.386	-16.883
8873	1662.000	-0.370	-0.364	0.000	-27.733	-8.647
8889	1662.000	-0.377	-0.421	0.000	-27.686	-14.458
8905	1662.000	-0.336	-0.263	0.000	-27.513	1.229
8921	1662.000	-0.362	-0.218	0.000	-27.884	6.038
8937	1662.000	-0.277	-0.149	0.000	-27.290	12.420
8953	1662.000	-0.310	-0.310	0.000	-27.287	-3.686
8969	1662.000	-0.403	-0.129	0.000	-27.507	14.657
8985	1662.000	-0.345	-0.303	0.000	-27.356	-2.989
9001	1662.000	-0.332	-0.098	0.000	-27.655	17.899
9017	1662.000	-0.348	-0.148	0.000	-28.298	13.476
9033	1662.000	-0.353	-0.300	0.000	-27.929	-2.071
9049	1662.000	-0.388	-0.186	0.000	-28.202	9.558
9065	1662.000	-0.366	-0.472	0.000	-27.759	-19.469
9081	1662.000	-0.386	-0.488	0.000	-27.652	-21.153
9097	1662.000	-0.371	-0.277	0.000	-28.132	0.453
9113	1662.000	-0.304	-0.516	0.000	-27.175	-24.446
9129	1662.000	-0.340	-0.351	0.000	-27.173	-7.911
9145	1662.000	-0.327	-0.133	0.000	-28.321	14.986
9161	1662.000	-0.310	-0.072	0.000	-27.258	20.021
9177	1662.000	-0.359	-0.261	0.000	-27.179	1.093
9193	1662.000	-0.404	-0.522	0.000	-27.447	-24.795
9209	1662.000	-0.309	-0.164	0.000	-27.468	11.045
9225	1662.000	-0.372	-0.465	0.000	-27.428	-19.067
9241	1662.000	-0.373	-0.330	0.000	-27.347	-5.645
9257	1662.000	-0.343	-0.476	0.000	-27.213	-20.392
9273	1662.000	-0.392	-0.476	0.000	-27.388	-20.182
9289	1662.000	-0.345	-0.203	0.000	-27.335	7.049
9305	1662.000	-0.338	-0.080	0.000	-27.213	19.238
9321	1662.000	-0.352	-0.504	0.000	-27.343	-23.097
9337	1662.000	-0.315	-0.149	0.000	-27.550	12.643
9353	1662.000	-0.324	-0.170	0.000	-27.388	10.340
9369	1662.000	-0.360	-0.112	0.000	-27.173	15.933
9385	1662.000	-0.333	-0.522	0.000	-27.628	-24.532
10025	1662.000	-0.349	-0.259	0.000	-32.564	6.673
10041	1662.000	-0.386	-0.396	0.000	-32.752	-6.880
10057	1662.000	-0.404	-0.309	0.000	-32.560	1.697
10073	1662.000	-0.405	-0.287	0.000	-32.930	4.268
10089	1662.000	-0.405	-0.270	0.000	-32.919	5.931
10105	1662.000	-0.400	-0.140	0.000	-32.653	18.660
10121	1662.000	-0.427	-0.412	0.000	-33.709	-7.492
10137	1662.000	-0.360	-0.247	0.000	-32.712	7.995
10153	1662.000	-0.384	-0.414	0.000	-33.065	-8.352
10169	1662.000	-0.442	-0.345	0.000	-33.128	-1.416
10185	1662.000	-0.409	-0.188	0.000	-32.558	13.734
10201	1662.000	-0.365	-0.133	0.000	-32.943	19.645
10217	1662.000	-0.388	-0.259	0.000	-32.777	6.919
10233	1662.000	-0.417	-0.175	0.000	-32.554	15.041
10249	1662.000	-0.449	-0.329	0.000	-32.800	-0.081
10265	1662.000	-0.398	-0.352	0.000	-32.956	-2.266
10281	1662.000	-0.404	-0.163	0.000	-33.093	16.772
10297	1662.000	-0.372	-0.305	0.000	-32.762	2.235
10313	1662.000	-0.423	-0.471	0.000	-32.933	-14.124
10329	1662.000	-0.454	-0.435	0.000	-33.035	-10.473
10345	1662.000	-0.465	-0.348	0.000	-33.309	-1.519
10361	1662.000	-0.400	-0.421	0.000	-33.652	-8.498
10377	1662.000	-0.397	-0.131	0.000	-33.234	20.146
10393	1662.000	-0.421	-0.245	0.000	-33.242	8.776
10409	1662.000	-0.404	-0.087	0.000	-33.176	24.462
10425	1662.000	-0.374	-0.164	0.000	-33.199	16.806
10441	1662.000	-0.387	-0.336	0.000	-32.956	-0.608
10457	1662.000	-0.409	-0.221	0.000	-33.050	10.918
10473	1662.000	-0.408	-0.286	0.000	-32.734	4.139
10489	1662.000	-0.381	-0.194	0.000	-32.894	13.506
10505	1662.000	-0.438	-0.443	0.000	-33.024	-11.239
10521	1662.000	-0.454	-0.313	0.000	-33.842	2.544
10537	1662.000	-0.446	-0.312	0.000	-33.613	2.416
10553	1662.000	-0.372	-0.266	0.000	-32.922	6.334
10569	1662.000	-0.371	-0.150	0.000	-33.181	18.227
10585	1662.000	-0.414	-0.295	0.000	-32.794	3.278
10601	1662.000	-0.405	-0.272	0.000	-32.686	5.450
10617	1662.000	-0.338	-0.077	0.000	-32.562	24.874
10633	1662.000	-0.314	-0.155	0.000	-32.559	17.098
11273	1662.000	-0.377	-0.199	0.000	-32.542	12.629
11289	1662.000	-0.418	-0.525	0.000	-31.979	-20.514
11305	1662.000	-0.438	-0.432	0.000	-32.035	-11.193
11321	1662.000	-0.430	-0.149	0.000	-33.197	18.299
11337	1662.000	-0.404	-0.512	0.000	-32.024	-19.207
11353	1662.000	-0.353	-0.348	0.000	-32.390	-2.459
11369	1662.000	-0.361	-0.123	0.000	-32.534	20.206
11385	1662.000	-0.413	-0.561	0.000	-31.817	-24.312
11401	1662.000	-0.432	-0.415	0.000	-32.453	-9.094
11417	1662.000	-0.414	-0.482	0.000	-32.378	-15.830
11433	1662.000	-0.403	-0.280	0.000	-31.996	3.964
11449	1662.000	-0.451	-0.548	0.000	-31.817	-22.988
11465	1662.000	-0.347	-0.150	0.000	-32.214	17.186
11481	1662.000	-0.431	-0.324	0.000	-33.165	0.773
11497	1662.000	-0.341	-0.073	0.000	-32.221	24.942
11513	1662.000	-0.420	-0.516	0.000	-31.906	-19.735
11529	1662.000	-0.424	-0.241	0.000	-32.450	8.399
11545	1662.000	-0.378	-0.299	0.000	-32.569	2.636
11561	1662.000	-0.431	-0.539	0.000	-31.817	-22.062
11577	1662.000	-0.372	-0.451	0.000	-32.231	-12.901
11593	1662.000	-0.383	-0.166	0.000	-32.400	15.787
11609	1662.000	-0.360	-0.092	0.000	-31.898	22.724
11625	1662.000	-0.396	-0.471	0.000	-33.046	-14.090
11641	1662.000	-0.406	-0.381	0.000	-32.082	-6.057
11657	1662.000	-0.437	-0.093	0.000	-32.302	22.972
11673	1662.000	-0.390	-0.234	0.000	-33.008	9.632
11689	1662.000	-0.314	-0.098	0.000	-31.829	21.982
11705	1662.000	-0.427	-0.461	0.000	-32.458	-13.614
11721	1662.000	-0.453	-0.332	0.000	-32.059	-1.188
11737	1662.000	-0.382	-0.266	0.000	-31.818	5.213
11753	1662.000	-0.459	-0.491	0.000	-31.866	-17.263
11769	1662.000	-0.414	-0.552	0.000	-32.568	-22.673
11785	1662.000	-0.334	-0.076	0.000	-31.840	24.205
11801	1662.000	-0.363	-0.366	0.000	-31.907	-4.741
11817	1662.000	-0.356	-0.126	0.000	-32.458	19.824
11833	1662.000	-0.312	-0.121	0.000	-31.835	19.778
11849	1662.000	-0.348	-0.115	0.000	-32.170	20.664
11865	1662.000	-0.410	-0.259	0.000	-32.107	6.165
11881	1662.000	-0.411	-0.393	0.000	-32.175	-7.136
12521	1662.000	-0.326	-0.158	0.000	-26.049	10.232
12537	1662.000	-0.308	-0.054	0.000	-25.857	20.484
12553	1662.000	-0.320	-0.030	0.000	-26.040	23.000
12569	1662.000	-0.304	-0.269	0.000	-26.173	-0.696
12585	1662.000	-0.291	-0.114	0.000	-25.875	14.476
12601	1662.000	-0.320	-0.208	0.000	-26.013	5.167
12617	1662.000	-0.299	-0.323	0.000	-25.738	-6.606
12633	1662.000	-0.330	-0.463	0.000	-25.540	-20.778
12649	1662.000	-0.262	-0.080	0.000	-25.974	17.973
12665	1662.000	-0.265	-0.106	0.000	-25.540	14.923
12681	1662.000	-0.350	-0.467	0.000	-25.543	-21.142
12697	1662.000	-0.299	-0.280	0.000	-26.233	-1.791
12713	1662.000	-0.285	-0.264	0.000	-25.540	-0.837
12729	1662.000	-0.319	-0.386	0.000	-25.540	-13.087
12745	1662.000	-0.343	-0.364	0.000	-25.634	-10.731
12761	1662.000	-0.339	-0.100	0.000	-26.192	16.205
12777	1662.000	-0.303	-0.410	0.000	-25.540	-15.501
12793	1662.000	-0.308	-0.263	0.000	-25.542	-0.711
12809	1662.000	-0.320	-0.101	0.000	-26.437	16.313
12825	1662.000	-0.349	-0.315	0.000	-25.556	-5.986
12841	1662.000	-0.324	-0.125	0.000	-25.758	13.234
12857	1662.000	-0.367	-0.480	0.000	-26.292	-21.700
12873	1662.000	-0.307	-0.278	0.000	-25.740	-2.051
12889	1662.000	-0.387	-0.479	0.000	-26.132	-21.759
12905	1662.000	-0.317	-0.308	0.000	-26.023	-4.824
12921	1662.000	-0.332	-0.252	0.000	-25.862	0.673
12937	1662.000	-0.332	-0.101	0.000	-25.725	15.634
12953	1662.000	-0.353	-0.367	0.000	-26.135	-10.542
12969	1662.000	-0.304	-0.392	0.000	-25.796	-13.401
12985	1662.000	-0.354	-0.034	0.000	-25.548	22.166
13001	1662.000	-0.303	-0.184	0.000	-26.182	7.768
13017	1662.000	-0.314	-0.020	0.000	-26.347	24.352
13033	1662.000	-0.372	-0.348	0.000	-25.658	-9.125
13049	1662.000	-0.335	-0.426	0.000	-25.546	-17.036
13065	1662.000	-0.279	-0.126	0.000	-25.971	13.345
13081	1662.000	-0.295	-0.374	0.000	-25.765	-11.661
13097	1662.000	-0.318	-0.236	0.000	-26.141	2.543
13113	1662.000	-0.380	-0.298	0.000	-25.768	-4.067
13129	1662.000	-0.294	-0.019	0.000	-26.319	24.441
13769	1662.000	-0.989	-0.773	0.000	-80.571	3.317
13785	1662.000	-1.006	-0.860	0.000	-80.613	-5.386
13801	1662.000	-1.013	-0.676	0.000	-82.659	15.090
13817	1662.000	-0.985	-0.640	0.000	-81.225	17.243
13833	1662.000	-0.970	-0.703	0.000	-80.580	10.301
13849	1662.000	-1.028	-0.653	0.000	-81.681	16.366
13865	1662.000	-1.039	-0.826	0.000	-80.578	-2.015
13881	1662.000	-0.975	-0.718	0.000	-80.570	8.789
13897	1662.000	-0.990	-0.735	0.000	-80.561	7.091
13913	1662.000	-0.747	-0.816	0.000	-80.621	-0.999
13929	1662.000	-1.068	-0.927	0.000	-83.804	-8.877
13945	1662.000	-0.931	-0.581	0.000	-80.561	22.499
13961	1662.000	-1.073	-1.048	0.000	-82.937	-21.843
13977	1662.000	-1.078	-0.968	0.000	-83.792	-13.049
13993	1662.000	-1.010	-0.819	0.000	-82.384	0.517
14009	1662.000	-1.027	-0.906	0.000	-80.561	-10.025
14025	1662.000	-0.923	-0.895	0.000	-80.579	-8.909
14041	1662.000	-0.904	-0.933	0.000	-80.583	-12.733
14057	1662.000	-0.986	-0.636	0.000	-80.561	16.921
14073	1662.000	-1.026	-0.999	0.000	-80.578	-19.351
14089	1662.000	-1.027	-0.632	0.000	-80.561	17.407
14105	1662.000	-0.958	-0.773	0.000	-80.569	3.277
14121	1662.000	-0.992	-0.752	0.000	-82.690	7.481
14137	1662.000	-1.040	-0.669	0.000	-82.121	15.222
14153	1662.000	-0.943	-0.856	0.000	-80.569	-5.051
14169	1662.000	-0.944	-0.620	0.000	-81.370	19.349
14185	1662.000	-1.043	-0.654	0.000	-83.254	17.898
14201	1662.000	-0.881	-0.571	0.000	-80.561	23.483
14217	1662.000	-1.003	-1.061	0.000	-81.367	-24.750
14233	1662.000	-0.978	-0.603	0.000	-80.561	20.307
14249	1662.000	-0.989	-0.745	0.000	-83.626	9.143
14265	1662.000	-0.995	-0.730	0.000	-81.347	8.338
14281	1662.000	-1.038	-0.625	0.000	-80.561	18.026
14297	1662.000	-1.107	-0.909	0.000	-84.315	-6.587
14313	1662.000	-0.985	-0.833	0.000	-80.928	-2.344
14329	1662.000	-0.985	-0.738	0.000	-80.597	6.777
14345	1662.000	-1.007	-0.762	0.000	-81.802	5.606
14361	1662.000	-0.983	-0.690	0.000	-80.561	11.534
14377	1662.000	-1.017	-1.039	0.000	-80.561	-23.320
9	1663.000	-1.023	-1.020	0.000	-79.226	-22.767
25	1663.000	-0.905	-0.583	0.000	-75.357	17.007
41	1663.000	-1.004	-0.801	0.000	-78.456	-1.648
57	1663.000	-1.025	-0.589	0.000	-78.397	19.541
73	1663.000	-0.907	-0.663	0.000	-75.349	9.098
89	1663.000	-0.994	-0.731	0.000	-76.114	3.014
105	1663.000	-0.974	-0.845	0.000	-77.262	-7.230
121	1663.000	-0.939	-0.990	0.000	-75.635	-23.374
137	1663.000	-0.748	-0.939	0.000	-75.453	-18.460
153	1663.000	-0.928	-0.535	0.000	-75.349	21.850
169	1663.000	-0.972	-0.692	0.000	-79.005	9.776
185	1663.000	-0.982	-0.996	0.000	-75.369	-24.213
201	1663.000	-0.949	-0.678	0.000	-75.679	7.854
217	1663.000	-0.933	-0.750	0.000	-78.410	3.444
233	1663.000	-0.907	-0.732	0.000	-75.369	2.180
249	1663.000	-0.923	-0.626	0.000	-75.349	12.759
265	1663.000	-0.952	-0.929	0.000	-75.357	-17.554
281	1663.000	-0.847	-0.828	0.000	-75.349	-7.448
297	1663.000	-0.576	-0.625	0.000	-75.349	12.800
313	1663.000	-0.775	-0.611	0.000	-75.349	14.259
329	1663.000	-0.956	-0.725	0.000	-76.251	3.801
345	1663.000	-0.924	-0.885	0.000	-75.349	-13.115
361	1663.000	-0.918	-0.880	0.000	-76.881	-11.139
377	1663.000	-0.961	-0.625	0.000	-77.358	14.870
393	1663.000	-0.905	-0.574	0.000	-76.048	18.641
409	1663.000	-0.940	-0.597	0.000	-76.855	17.121
425	1663.000	-0.961	-0.735	0.000	-75.349	1.845
441	1663.000	-1.018	-0.819	0.000	-78.035	-3.871
457	1663.000	-0.919	-0.627	0.000	-75.349	12.631
473	1663.000	-0.977	-0.832	0.000	-75.729	-7.452
489	1663.000	-0.874	-0.658	0.000	-75.403	9.591
505	1663.000	-0.979	-0.854	0.000	-75.699	-9.655
521	1663.000	-0.958	-0.985	0.000	-75.367	-23.151
537	1663.000	-0.964	-0.621	0.000	-75.646	13.575
553	1663.000	-0.514	-0.945	0.000	-75.391	-19.157
569	1663.000	-0.869	-0.801	0.000	-75.349	-4.789
585	1663.000	-1.019	-0.944	0.000	-78.756	-15.631
601	1663.000	-0.970	-0.534	0.000	-75.365	21.950
617	1663.000	-1.002	-0.737	0.000	-77.831	4.109
1257	1663.000	-0.326	-0.175	0.000	-23.874	6.392
1273	1663.000	-0.307	-0.097	0.000	-23.999	14.328
1289	1663.000	-0.243	-0.188	0.000	-23.722	4.944
1305	1663.000	-0.289	-0.168	0.000	-23.721	6.968
1321	1663.000	-0.298	-0.128	0.000	-24.034	11.184
1337	1663.000	-0.293	-0.065	0.000	-24.060	17.555
1353	1663.000	-0.261	-0.062	0.000	-23.604	17.437
1369	1663.000	-0.290	-0.312	0.000	-23.851	-7.370
1385	1663.000	-0.280	-0.160	0.000	-23.560	7.545
1401	1663.000	-0.287	-0.055	0.000	-23.626	18.108
1417	1663.000	-0.287	-0.076	0.000	-23.560	15.977
1433	1663.000	-0.310	-0.221	0.000	-23.787	1.670
1449	1663.000	-0.292	-0.480	0.000	-23.962	-24.014
1465	1663.000	-0.270	-0.118	0.000	-23.850	12.019
1481	1663.000	-0.251	-0.286	0.000	-23.643	-4.962
1497	1663.000	-0.219	-0.158	0.000	-23.596	7.806
1513	1663.000	-0.323	-0.124	0.000	-23.561	11.152
1529	1663.000	-0.280	-0.293	0.000	-23.561	-5.749
1545	1663.000	-0.288	-0.451	0.000	-23.756	-21.389
1561	1663.000	-0.352	-0.460	0.000	-24.086	-21.907
1577	1663.000	-0.248	-0.185	0.000	-23.977	5.439
1593	1663.000	-0.325	-0.485	0.000	-23.785	-24.730
1609	1663.000	-0.301	-0.311	0.000	-23.564	-7.564
1625	1663.000	-0.286	-0.030	0.000	-23.836	20.851
1641	1663.000	-0.305	-0.218	0.000	-23.985	2.230
1657	1663.000	-0.288	0.008	0.000	-23.729	24.574
1673	1663.000	-0.263	-0.059	0.000	-23.779	17.892
1689	1663.000	-0.318	-0.487	0.000	-24.299	-24.401
1705	1663.000	-0.309	-0.338	0.000	-23.563	-10.280
1721	1663.000	-0.299	-0.321	0.000	-23.808	-8.279
1737	1663.000	-0.315	-0.168	0.000	-23.599	6.837
1753	1663.000	-0.244	-0.080	0.000	-23.641	15.604
1769	1663.000	-0.298	-0.253	0.000	-23.762	-1.500
1785	1663.000	-0.330	-0.376	0.000	-23.564	-13.990
1801	1663.000	-0.296	-0.101	0.000	-23.873	13.785
1817	1663.000	-0.264	0.003	0.000	-24.371	24.687
1833	1663.000	-0.302	-0.273	0.000	-23.884	-3.381
1849	1663.000	-0.374	-0.359	0.000	-24.612	-11.334
1865	1663.000	-0.283	-0.429	0.000	-24.278	-18.628
2505	1663.000	-0.443	-0.498	0.000	-31.980	-17.801
2521	1663.000	-0.415	-0.251	0.000	-32.433	7.344
2537	1663.000	-0.400	-0.268	0.000	-32.029	5.188
2553	1663.000	-0.420	-0.121	0.000	-32.616	20.558
2569	1663.000	-0.427	-0.311	0.000	-32.048	0.910
2585	1663.000	-0.409	-0.300	0.000	-31.587	1.539
2601	1663.000	-0.440	-0.102	0.000	-32.067	21.865
2617	1663.000	-0.394	-0.411	0.000	-32.298	-8.788
2633	1663.000	-0.410	-0.346	0.000	-31.648	-2.941
2649	1663.000	-0.354	-0.299	0.000	-31.637	1.744
2665	1663.000	-0.386	-0.353	0.000	-32.409	-2.920
2681	1663.000	-0.383	-0.274	0.000	-31.796	4.355
2697	1663.000	-0.331	-0.244	0.000	-31.937	7.489
2713	1663.000	-0.434	-0.350	0.000	-32.125	-2.852
2729	1663.000	-0.386	-0.553	0.000	-31.547	-23.769
2745	1663.000	-0.355	-0.135	0.000	-32.034	18.517
2761	1663.000	-0.349	-0.118	0.000	-31.761	19.980
2777	1663.000	-0.362	-0.117	0.000	-31.631	19.938
2793	1663.000	-0.407	-0.352	0.000	-31.699	-3.534
2809	1663.000	-0.416	-0.284	0.000	-31.623	3.211
2825	1663.000	-0.421	-0.387	0.000	-31.856	-6.842
2841	1663.000	-0.349	-0.323	0.000	-31.711	-0.625
2857	1663.000	-0.405	-0.246	0.000	-31.959	7.378
2873	1663.000	-0.364	-0.555	0.000	-31.659	-23.847
2889	1663.000	-0.362	-0.285	0.000	-32.533	4.039
2905	1663.000	-0.379	-0.180	0.000	-31.769	13.779
2921	1663.000	-0.358	-0.126	0.000	-31.662	19.038
2937	1663.000	-0.414	-0.378	0.000	-32.386	-5.364
2953	1663.000	-0.384	-0.152	0.000	-31.668	16.499
2969	1663.000	-0.390	-0.499	0.000	-31.948	-17.934
2985	1663.000	-0.377	-0.517	0.000	-32.884	-18.834
3001	1663.000	-0.362	-0.158	0.000	-31.663	15.830
3017	1663.000	-0.392	-0.460	0.000	-31.668	-14.335
3033	1663.000	-0.339	-0.249	0.000	-31.761	6.814
3049	1663.000	-0.378	-0.369	0.000	-31.642	-5.219
3065	1663.000	-0.418	-0.374	0.000	-32.087	-5.338
3081	1663.000	-0.374	-0.210	0.000	-32.358	11.334
3097	1663.000	-0.459	-0.449	0.000	-32.250	-12.655
3113	1663.000	-0.375	-0.072	0.000	-32.187	24.942
3769	1663.000	-0.319	-0.287	0.000	-31.644	2.945
3785	1663.000	-0.383	-0.177	0.000	-31.471	13.770
3801	1663.000	-0.385	-0.275	0.000	-31.569	4.038
3817	1663.000	-0.398	-0.241	0.000	-31.623	7.550
3833	1663.000	-0.398	-0.472	0.000	-31.399	-15.764
3849	1663.000	-0.361	-0.186	0.000	-31.352	12.769
3865	1663.000	-0.374	-0.439	0.000	-31.709	-12.157
3881	1663.000	-0.395	-0.355	0.000	-31.462	-3.998
3897	1663.000	-0.455	-0.197	0.000	-31.452	11.730
3913	1663.000	-0.381	-0.287	0.000	-31.739	3.016
3929	1663.000	-0.410	-0.311	0.000	-31.442	0.368
3945	1663.000	-0.364	-0.165	0.000	-31.687	15.181
3961	1663.000	-0.411	-0.457	0.000	-31.725	-14.000
3977	1663.000	-0.382	-0.076	0.000	-31.571	23.949
3993	1663.000	-0.407	-0.402	0.000	-31.839	-8.357
4009	1663.000	-0.413	-0.246	0.000	-31.475	6.871
4025	1663.000	-0.454	-0.519	0.000	-31.575	-20.283
4041	1663.000	-0.385	-0.381	0.000	-31.496	-6.569
4057	1663.000	-0.365	-0.532	0.000	-31.429	-21.770
4073	1663.000	-0.399	-0.172	0.000	-31.864	14.709
4089	1663.000	-0.450	-0.484	0.000	-31.353	-17.063
4105	1663.000	-0.382	-0.257	0.000	-31.424	5.761
4121	1663.000	-0.383	-0.547	0.000	-31.949	-22.764
4137	1663.000	-0.327	-0.150	0.000	-31.725	16.759
4153	1663.000	-0.363	-0.330	0.000	-31.339	-1.634
4169	1663.000	-0.450	-0.309	0.000	-31.649	0.766
4185	1663.000	-0.379	-0.170	0.000	-31.238	14.252
4201	1663.000	-0.382	-0.422	0.000	-31.635	-10.562
4217	1663.000	-0.425	-0.125	0.000	-31.385	18.892
4233	1663.000	-0.362	-0.416	0.000	-31.136	-10.490
4249	1663.000	-0.336	-0.179	0.000	-32.081	14.215
4265	1663.000	-0.368	-0.507	0.000	-31.382	-19.299
4281	1663.000	-0.345	-0.257	0.000	-31.220	5.530
4297	1663.000	-0.416	-0.427	0.000	-31.812	-10.928
4313	1663.000	-0.367	-0.184	0.000	-31.526	13.163
4329	1663.000	-0.418	-0.553	0.000	-31.137	-24.188
4345	1663.000	-0.354	-0.154	0.000	-31.580	16.223
4361	1663.000	-0.373	-0.493	0.000	-31.582	-17.669
4377	1663.000	-0.377	-0.263	0.000	-31.135	4.857
5017	1663.000	-0.307	-0.447	0.000	-22.759	-21.966
5033	1663.000	-0.250	-0.108	0.000	-22.594	11.843
5049	1663.000	-0.326	-0.419	0.000	-22.572	-19.284
5065	1663.000	-0.307	-0.271	0.000	-22.723	-4.387
5081	1663.000	-0.285	-0.335	0.000	-22.596	-10.903
5097	1663.000	-0.242	-0.043	0.000	-22.572	18.309
5113	1663.000	-0.295	-0.343	0.000	-23.063	-11.213
5129	1663.000	-0.234	-0.290	0.000	-22.690	-6.346
5145	1663.000	-0.269	-0.211	0.000	-22.792	1.662
5161	1663.000	-0.298	-0.372	0.000	-22.815	-14.360
5177	1663.000	-0.273	-0.138	0.000	-22.765	8.994
5193	1663.000	-0.294	-0.252	0.000	-22.727	-2.476
5209	1663.000	-0.297	-0.105	0.000	-22.826	12.367
5225	1663.000	-0.234	-0.135	0.000	-23.051	9.523
5241	1663.000	-0.266	-0.318	0.000	-22.987	-8.791
5257	1663.000	-0.230	-0.098	0.000	-22.548	12.703
5273	1663.000	-0.310	-0.198	0.000	-23.019	3.249
5289	1663.000	-0.241	0.003	0.000	-22.910	23.180
5305	1663.000	-0.303	-0.319	0.000	-22.920	-8.962
5321	1663.000	-0.317	-0.476	0.000	-22.839	-24.805
5337	1663.000	-0.258	-0.316	0.000	-22.482	-9.124
5353	1663.000	-0.283	-0.148	0.000	-23.379	8.531
5369	1663.000	-0.287	-0.441	0.000	-23.044	-21.006
5385	1663.000	-0.304	-0.385	0.000	-22.481	-16.058
5401	1663.000	-0.324	-0.365	0.000	-23.511	-12.972
5417	1663.000	-0.230	-0.147	0.000	-22.554	7.864
5433	1663.000	-0.189	0.019	0.000	-22.471	24.322
5449	1663.000	-0.307	-0.249	0.000	-22.861	-2.051
5465	1663.000	-0.329	-0.395	0.000	-22.567	-16.956
5481	1663.000	-0.325	-0.271	0.000	-22.507	-4.624
5497	1663.000	-0.243	-0.293	0.000	-22.516	-6.754
5513	1663.000	-0.295	-0.276	0.000	-22.471	-5.158
5529	1663.000	-0.295	-0.408	0.000	-22.771	-18.069
5545	1663.000	-0.314	-0.311	0.000	-22.548	-8.539
5561	1663.000	-0.331	-0.208	0.000	-22.472	1.681
5577	1663.000	-0.309	-0.469	0.000	-22.778	-24.167
5593	1663.000	-0.300	-0.261	0.000	-22.648	-3.445
5609	1663.000	-0.255	-0.046	0.000	-22.559	17.924
5625	1663.000	-0.265	-0.236	0.000	-22.470	-1.155
6265	1663.000	-0.934	-0.533	0.000	-78.020	24.749
6281	1663.000	-0.931	-1.005	0.000	-78.051	-22.416
6297	1663.000	-1.000	-0.798	0.000	-78.014	-1.778
6313	1663.000	-0.966	-0.729	0.000	-78.019	5.141
6329	1663.000	-0.983	-0.618	0.000	-78.005	16.191
6345	1663.000	-0.958	-0.565	0.000	-79.468	22.929
6361	1663.000	-0.997	-0.584	0.000	-77.998	19.602
6377	1663.000	-0.957	-0.820	0.000	-77.998	-4.049
6393	1663.000	-0.979	-0.835	0.000	-79.795	-3.680
6409	1663.000	-0.975	-0.762	0.000	-79.981	3.758
6425	1663.000	-1.015	-0.924	0.000	-77.999	-14.444
6441	1663.000	-1.042	-0.869	0.000	-81.068	-5.812
6457	1663.000	-1.006	-0.589	0.000	-79.673	20.723
6473	1663.000	-1.005	-0.694	0.000	-78.330	8.960
6489	1663.000	-0.956	-0.846	0.000	-78.326	-6.280
6505	1663.000	-0.982	-0.948	0.000	-78.035	-16.802
6521	1663.000	-0.984	-0.850	0.000	-78.704	-6.292
6537	1663.000	-0.988	-0.682	0.000	-77.998	9.842
6553	1663.000	-0.834	-0.803	0.000	-78.018	-2.241
6569	1663.000	-0.989	-0.860	0.000	-78.017	-8.016
6585	1663.000	-1.018	-0.865	0.000	-78.792	-7.681
6601	1663.000	-0.972	-0.931	0.000	-79.503	-13.599
6617	1663.000	-0.983	-0.630	0.000	-78.896	15.910
6633	1663.000	-1.029	-1.016	0.000	-78.745	-22.851
6649	1663.000	-0.990	-0.615	0.000	-78.823	17.371
6665	1663.000	-0.961	-0.981	0.000	-78.895	-19.195
6681	1663.000	-1.009	-0.744	0.000	-79.519	5.116
6697	1663.000	-0.934	-0.935	0.000	-78.011	-15.465
6713	1663.000	-0.956	-0.629	0.000	-78.066	15.205
6729	1663.000	-0.980	-0.931	0.000	-79.810	-13.336
6745	1663.000	-0.961	-0.533	0.000	-77.998	24.695
6761	1663.000	-0.976	-0.591	0.000	-77.998	18.884
6777	1663.000	-1.081	-1.010	0.000	-80.394	-20.591
6793	1663.000	-1.003	-0.811	0.000	-78.996	-2.128
6809	1663.000	-0.973	-0.901	0.000	-77.998	-12.053
6825	1663.000	-1.058	-0.982	0.000	-79.808	-18.413
6841	1663.000	-0.922	-0.631	0.000	-78.996	15.888
6857	1663.000	-0.950	-0.566	0.000	-78.030	21.421
6873	1663.000	-1.059	-1.006	0.000	-79.498	-21.055
7513	1663.000	-0.774	-0.782	0.000	-75.312	-2.922
7529	1663.000	-0.987	-0.696	0.000	-75.267	5.640
7545	1663.000	-0.980	-0.858	0.000	-75.285	-10.502
7561	1663.000	-0.843	-0.678	0.000	-75.952	8.147
7577	1663.000	-0.967	-0.840	0.000	-75.835	-8.118
7593	1663.000	-0.924	-0.770	0.000	-75.576	-1.436
7609	1663.000	-1.004	-0.577	0.000	-76.676	19.012
7625	1663.000	-0.963	-1.002	0.000	-76.853	-23.346
7641	1663.000	-1.009	-1.002	0.000	-75.279	-24.961
7657	1663.000	-0.921	-0.602	0.000	-75.920	15.672
7673	1663.000	-0.932	-0.562	0.000	-75.268	19.088
7689	1663.000	-0.991	-0.572	0.000	-78.997	21.837
7705	1663.000	-0.900	-0.546	0.000	-75.299	20.660
7721	1663.000	-0.757	-0.763	0.000	-75.258	-1.049
7737	1663.000	-0.917	-0.734	0.000	-76.112	2.755
7753	1663.000	-0.971	-0.569	0.000	-76.698	19.761
7769	1663.000	-0.955	-0.722	0.000	-75.337	3.124
7785	1663.000	-0.960	-0.862	0.000	-75.235	-11.014
7801	1663.000	-0.970	-0.760	0.000	-77.119	1.147
7817	1663.000	-0.944	-0.712	0.000	-75.289	4.084
7833	1663.000	-0.965	-0.836	0.000	-75.564	-8.004
7849	1663.000	-0.133	4.271	0.000	-77.674	4.789
7865	1663.000	-0.867	-0.511	0.000	-75.252	24.194
7881	1663.000	-0.866	-0.764	0.000	-75.235	-1.186
7897	1663.000	-0.995	-0.733	0.000	-77.946	4.607
7913	1663.000	-0.948	-0.551	0.000	-75.938	20.867
7929	1663.000	-0.901	-0.803	0.000	-75.242	-5.023
7945	1663.000	-0.945	-0.864	0.000	-76.004	-10.400
7961	1663.000	-0.942	-0.636	0.000	-77.150	13.598
7977	1663.000	-0.990	-0.958	0.000	-76.000	-19.833
7993	1663.000	-0.969	-0.781	0.000	-75.877	-2.225
8009	1663.000	-0.922	-0.673	0.000	-75.255	7.940
8025	1663.000	-0.922	-0.661	0.000	-75.278	9.211
8041	1663.000	-0.883	-0.654	0.000	-77.867	12.476
8057	1663.000	-0.962	-0.700	0.000	-75.235	5.271
8073	1663.000	-0.969	-0.614	0.000	-77.082	15.693
8089	1663.000	-0.992	-0.781	0.000	-76.265	-1.864
8105	1663.000	-0.882	-0.504	0.000	-75.266	24.877
8121	1663.000	-0.955	-0.815	0.000	-75.934	-5.579
8761	1663.000	-0.324	-0.124	0.000	-26.261	13.862
8777	1663.000	-0.348	-0.313	0.000	-26.271	-5.036
8793	1663.000	-0.256	-0.029	0.000	-26.214	23.340
8809	1663.000	-0.323	-0.503	0.000	-26.291	-23.982
8825	1663.000	-0.305	-0.077	0.000	-26.515	18.850
8841	1663.000	-0.357	-0.351	0.000	-26.718	-8.420
8857	1663.000	-0.343	-0.400	0.000	-26.257	-13.773
8873	1663.000	-0.341	-0.090	0.000	-26.571	17.549
8889	1663.000	-0.357	-0.259	0.000	-26.528	0.674
8905	1663.000	-0.314	-0.294	0.000	-26.372	-3.057
8921	1663.000	-0.348	-0.419	0.000	-26.707	-15.181
8937	1663.000	-0.285	-0.498	0.000	-26.170	-23.608
8953	1663.000	-0.327	-0.343	0.000	-26.167	-8.155
8969	1663.000	-0.394	-0.225	0.000	-26.366	3.885
8985	1663.000	-0.304	-0.187	0.000	-26.230	7.543
9001	1663.000	-0.315	-0.151	0.000	-26.500	11.402
9017	1663.000	-0.323	-0.365	0.000	-27.082	-9.468
9033	1663.000	-0.340	-0.144	0.000	-26.748	12.321
9049	1663.000	-0.369	-0.426	0.000	-26.995	-15.591
9065	1663.000	-0.313	-0.029	0.000	-26.594	23.696
9081	1663.000	-0.363	-0.397	0.000	-26.497	-13.252
9097	1663.000	-0.356	-0.425	0.000	-26.932	-15.582
9113	1663.000	-0.301	-0.198	0.000	-26.066	6.271
9129	1663.000	-0.329	-0.399	0.000	-26.064	-13.803
9145	1663.000	-0.336	-0.331	0.000	-27.103	-5.970
9161	1663.000	-0.298	-0.403	0.000	-26.141	-14.152
9177	1663.000	-0.347	-0.490	0.000	-26.069	-22.911
9193	1663.000	-0.415	-0.507	0.000	-26.312	-24.369
9209	1663.000	-0.296	-0.213	0.000	-26.331	5.014
9225	1663.000	-0.377	-0.441	0.000	-26.295	-17.843
9241	1663.000	-0.342	-0.040	0.000	-26.222	22.245
9257	1663.000	-0.328	-0.425	0.000	-26.100	-16.371
9273	1663.000	-0.380	-0.345	0.000	-26.258	-8.209
9289	1663.000	-0.348	-0.250	0.000	-26.210	1.230
9305	1663.000	-0.344	-0.447	0.000	-26.100	-18.587
9321	1663.000	-0.338	-0.161	0.000	-26.218	10.086
9337	1663.000	-0.308	-0.292	0.000	-26.406	-2.783
9353	1663.000	-0.324	-0.152	0.000	-26.258	11.096
9369	1663.000	-0.352	-0.300	0.000	-26.064	-3.892
9385	1663.000	-0.333	-0.270	0.000	-26.476	-0.529
10025	1663.000	-0.335	-0.427	0.000	-31.234	-11.437
10041	1663.000	-0.372	-0.498	0.000	-31.405	-18.386
10057	1663.000	-0.391	-0.428	0.000	-31.231	-11.606
10073	1663.000	-0.405	-0.281	0.000	-31.565	3.493
10089	1663.000	-0.426	-0.504	0.000	-31.556	-18.828
10105	1663.000	-0.392	-0.297	0.000	-31.315	1.605
10121	1663.000	-0.429	-0.514	0.000	-32.270	-19.116
10137	1663.000	-0.360	-0.233	0.000	-31.368	8.026
10153	1663.000	-0.369	-0.274	0.000	-31.687	4.265
10169	1663.000	-0.409	-0.179	0.000	-31.745	13.829
10185	1663.000	-0.391	-0.409	0.000	-31.229	-9.698
10201	1663.000	-0.370	-0.275	0.000	-31.577	4.036
10217	1663.000	-0.343	-0.165	0.000	-31.428	14.888
10233	1663.000	-0.386	-0.338	0.000	-31.225	-2.550
10249	1663.000	-0.407	-0.296	0.000	-31.448	1.889
10265	1663.000	-0.414	-0.444	0.000	-31.589	-12.855
10281	1663.000	-0.391	-0.315	0.000	-31.713	0.195
10297	1663.000	-0.342	-0.083	0.000	-31.414	23.068
10313	1663.000	-0.396	-0.210	0.000	-31.569	10.555
10329	1663.000	-0.440	-0.239	0.000	-31.661	7.762
10345	1663.000	-0.455	-0.396	0.000	-31.909	-7.715
10361	1663.000	-0.366	-0.267	0.000	-32.219	5.526
10377	1663.000	-0.377	-0.184	0.000	-31.840	13.414
10393	1663.000	-0.396	-0.361	0.000	-31.848	-4.229
10409	1663.000	-0.351	-0.089	0.000	-31.788	22.885
10425	1663.000	-0.370	-0.366	0.000	-31.809	-4.830
10441	1663.000	-0.390	-0.545	0.000	-31.590	-22.900
10457	1663.000	-0.408	-0.257	0.000	-31.674	6.004
10473	1663.000	-0.391	-0.230	0.000	-31.388	8.413
10489	1663.000	-0.391	-0.410	0.000	-31.533	-9.450
10505	1663.000	-0.388	-0.239	0.000	-31.651	7.779
10521	1663.000	-0.428	-0.467	0.000	-32.391	-14.339
10537	1663.000	-0.409	-0.170	0.000	-32.183	15.201
10553	1663.000	-0.380	-0.464	0.000	-31.558	-14.800
10569	1663.000	-0.368	-0.232	0.000	-31.793	8.630
10585	1663.000	-0.372	-0.131	0.000	-31.442	18.336
10601	1663.000	-0.398	-0.524	0.000	-31.345	-21.085
10617	1663.000	-0.302	-0.180	0.000	-31.233	13.201
10633	1663.000	-0.296	-0.071	0.000	-31.230	24.169
11273	1663.000	-0.339	-0.166	0.000	-31.175	14.549
11289	1663.000	-0.367	-0.192	0.000	-30.665	11.456
11305	1663.000	-0.426	-0.485	0.000	-30.716	-17.751
11321	1663.000	-0.420	-0.534	0.000	-31.768	-21.611
11337	1663.000	-0.380	-0.221	0.000	-30.706	8.629
11353	1663.000	-0.348	-0.159	0.000	-31.037	15.133
11369	1663.000	-0.341	-0.092	0.000	-31.167	21.939
11385	1663.000	-0.383	-0.345	0.000	-30.519	-3.948
11401	1663.000	-0.373	-0.128	0.000	-31.094	18.341
11417	1663.000	-0.399	-0.242	0.000	-31.027	6.808
11433	1663.000	-0.375	-0.074	0.000	-30.680	23.236
11449	1663.000	-0.447	-0.338	0.000	-30.518	-3.287
11465	1663.000	-0.352	-0.349	0.000	-30.878	-4.010
11481	1663.000	-0.389	-0.103	0.000	-31.738	21.455
11497	1663.000	-0.314	-0.114	0.000	-30.884	19.484
11513	1663.000	-0.391	-0.273	0.000	-30.599	3.325
11529	1663.000	-0.421	-0.285	0.000	-31.091	2.611
11545	1663.000	-0.356	-0.401	0.000	-31.199	-8.924
11561	1663.000	-0.398	-0.159	0.000	-30.518	14.667
11577	1663.000	-0.391	-0.453	0.000	-30.893	-14.433
11593	1663.000	-0.376	-0.274	0.000	-31.046	3.657
11609	1663.000	-0.375	-0.428	0.000	-30.592	-12.212
11625	1663.000	-0.401	-0.519	0.000	-31.630	-20.271
11641	1663.000	-0.365	-0.214	0.000	-30.758	9.340
11657	1663.000	-0.373	-0.097	0.000	-30.957	21.300
11673	1663.000	-0.352	-0.261	0.000	-31.596	5.507
11689	1663.000	-0.306	-0.371	0.000	-30.529	-6.590
11705	1663.000	-0.395	-0.186	0.000	-31.099	12.502
11721	1663.000	-0.441	-0.313	0.000	-30.738	-0.588
11737	1663.000	-0.364	-0.146	0.000	-30.519	15.918
11753	1663.000	-0.410	-0.132	0.000	-30.563	17.350
11769	1663.000	-0.414	-0.482	0.000	-31.198	-17.037
11785	1663.000	-0.294	-0.088	0.000	-30.539	21.705
11801	1663.000	-0.337	-0.275	0.000	-30.600	3.102
11817	1663.000	-0.316	-0.105	0.000	-31.098	20.591
11833	1663.000	-0.311	-0.337	0.000	-30.534	-3.196
11849	1663.000	-0.340	-0.288	0.000	-30.838	1.997
11865	1663.000	-0.363	-0.139	0.000	-30.781	16.875
11881	1663.000	-0.392	-0.192	0.000	-30.842	11.684
12521	1663.000	-0.298	-0.129	0.000	-24.958	12.075
12537	1663.000	-0.295	-0.277	0.000	-24.784	-2.913
12553	1663.000	-0.309	-0.332	0.000	-24.950	-8.258
12569	1663.000	-0.313	-0.356	0.000	-25.071	-10.522
12585	1663.000	-0.313	-0.352	0.000	-24.800	-10.421
12601	1663.000	-0.323	-0.383	0.000	-24.926	-13.396
12617	1663.000	-0.299	-0.227	0.000	-24.677	2.020
12633	1663.000	-0.343	-0.491	0.000	-24.498	-24.647
12649	1663.000	-0.258	-0.278	0.000	-24.890	-2.903
12665	1663.000	-0.266	-0.289	0.000	-24.498	-4.385
12681	1663.000	-0.295	-0.021	0.000	-24.500	22.362
12697	1663.000	-0.257	-0.015	0.000	-25.125	23.642
12713	1663.000	-0.270	-0.237	0.000	-24.498	0.816
12729	1663.000	-0.288	-0.017	0.000	-24.498	22.794
12745	1663.000	-0.305	-0.129	0.000	-24.583	11.728
12761	1663.000	-0.328	-0.470	0.000	-25.088	-21.881
12777	1663.000	-0.322	-0.475	0.000	-24.498	-22.989
12793	1663.000	-0.285	-0.006	0.000	-24.500	23.875
12809	1663.000	-0.348	-0.494	0.000	-25.309	-24.090
12825	1663.000	-0.334	-0.182	0.000	-24.512	6.294
12841	1663.000	-0.289	-0.224	0.000	-24.695	2.273
12857	1663.000	-0.356	-0.294	0.000	-25.178	-4.211
12873	1663.000	-0.338	-0.457	0.000	-24.679	-21.042
12889	1663.000	-0.355	-0.171	0.000	-25.033	7.970
12905	1663.000	-0.288	-0.139	0.000	-24.934	11.049
12921	1663.000	-0.320	-0.376	0.000	-24.789	-12.784
12937	1663.000	-0.340	-0.350	0.000	-24.665	-10.346
12953	1663.000	-0.329	-0.001	0.000	-25.036	24.925
12969	1663.000	-0.299	-0.309	0.000	-24.729	-6.158
12985	1663.000	-0.335	-0.395	0.000	-24.505	-15.033
13001	1663.000	-0.313	-0.448	0.000	-25.079	-19.675
13017	1663.000	-0.303	-0.154	0.000	-25.228	9.870
13033	1663.000	-0.370	-0.289	0.000	-24.605	-4.336
13049	1663.000	-0.314	-0.393	0.000	-24.503	-14.843
13065	1663.000	-0.290	-0.319	0.000	-24.888	-6.965
13081	1663.000	-0.279	-0.233	0.000	-24.702	1.413
13097	1663.000	-0.325	-0.238	0.000	-25.041	1.212
13113	1663.000	-0.338	-0.094	0.000	-24.704	15.329
13129	1663.000	-0.302	-0.453	0.000	-25.203	-20.092
13769	1663.000	-0.017	4.464	0.000	-77.283	23.720
13785	1663.000	-0.968	-0.689	0.000	-77.320	8.397
13801	1663.000	-0.989	-0.956	0.000	-79.171	-16.478
13817	1663.000	-0.960	-0.893	0.000	-77.874	-11.436
13833	1663.000	-0.959	-0.841	0.000	-77.291	-6.858
13849	1663.000	-1.009	-0.968	0.000	-78.287	-18.520
13865	1663.000	-0.994	-0.846	0.000	-77.289	-7.265
13881	1663.000	-0.922	-0.707	0.000	-77.281	6.562
13897	1663.000	-0.971	-0.995	0.000	-77.274	-22.233
13913	1663.000	-0.731	-0.736	0.000	-77.327	3.704
13929	1663.000	-1.043	-1.011	0.000	-80.208	-20.892
13945	1663.000	-0.913	-0.682	0.000	-77.274	9.045
13961	1663.000	-1.003	-0.620	0.000	-79.423	17.454
13977	1663.000	-1.043	-0.920	0.000	-80.197	-11.792
13993	1663.000	-0.978	-0.645	0.000	-78.923	14.429
14009	1663.000	-1.009	-0.856	0.000	-77.274	-8.330
14025	1663.000	-0.881	-0.668	0.000	-77.289	10.445
14041	1663.000	-0.878	-0.584	0.000	-77.294	18.921
14057	1663.000	-0.956	-0.856	0.000	-77.274	-8.306
14073	1663.000	-0.986	-0.956	0.000	-77.289	-18.298
14089	1663.000	-0.983	-0.578	0.000	-77.274	19.506
14105	1663.000	-0.908	-0.572	0.000	-77.281	20.105
14121	1663.000	-0.932	-0.714	0.000	-79.200	7.834
14137	1663.000	-1.004	-0.928	0.000	-78.685	-14.099
14153	1663.000	-0.907	-0.784	0.000	-77.281	-1.156
14169	1663.000	-0.881	-0.636	0.000	-78.005	14.387
14185	1663.000	-1.040	-1.004	0.000	-79.710	-20.700
14201	1663.000	-0.835	-0.601	0.000	-77.274	17.157
14217	1663.000	-0.939	-0.730	0.000	-78.003	5.006
14233	1663.000	-0.915	-0.650	0.000	-77.274	12.303
14249	1663.000	-0.965	-0.915	0.000	-80.046	-11.428
14265	1663.000	-0.925	-0.658	0.000	-77.985	12.167
14281	1663.000	-0.997	-0.962	0.000	-77.274	-18.933
14297	1663.000	-1.064	-0.809	0.000	-80.670	-0.227
14313	1663.000	-0.942	-0.758	0.000	-77.606	1.837
14329	1663.000	-0.960	-0.971	0.000	-77.306	-19.772
14345	1663.000	-0.975	-0.798	0.000	-78.396	-1.427
14361	1663.000	-0.959	-0.969	0.000	-77.274	-19.662
14377	1663.000	-0.984	-0.717	0.000	-77.274	5.553
9	1664.000	-1.000	-0.964	0.000	-77.122	-19.280
25	1664.000	-0.859	-0.670	0.000	-73.621	6.585
41	1664.000	-0.953	-0.575	0.000	-76.425	18.892
57	1664.000	-0.986	-0.772	0.000	-76.372	-0.818
73	1664.000	-0.865	-0.762	0.000	-73.615	-2.621
89	1664.000	-0.928	-0.739	0.000	-74.307	0.370
105	1664.000	-0.942	-0.729	0.000	-75.345	2.453
121	1664.000	-0.939	-0.923	0.000	-73.873	-18.476
137	1664.000	-0.757	-0.951	0.000	-73.708	-21.397
153	1664.000	-0.896	-0.816	0.000	-73.615	-7.976
169	1664.000	-0.926	-0.715	0.000	-76.922	5.396
185	1664.000	-0.941	-0.584	0.000	-73.632	15.266
201	1664.000	-0.912	-0.813	0.000	-73.913	-7.420
217	1664.000	-0.884	-0.575	0.000	-76.384	18.900
233	1664.000	-0.916	-0.969	0.000	-73.632	-23.307
249	1664.000	-0.885	-0.509	0.000	-73.615	22.717
265	1664.000	-0.902	-0.817	0.000	-73.621	-8.077
281	1664.000	-0.804	-0.557	0.000	-73.615	17.930
297	1664.000	-0.599	-0.702	0.000	-73.615	3.402
313	1664.000	-0.797	-0.864	0.000	-73.615	-12.786
329	1664.000	-0.894	-0.692	0.000	-74.431	5.256
345	1664.000	-0.886	-0.540	0.000	-73.615	19.568
361	1664.000	-0.914	-0.868	0.000	-75.001	-11.797
377	1664.000	-0.932	-0.664	0.000	-75.432	9.009
393	1664.000	-0.873	-0.734	0.000	-74.247	0.893
409	1664.000	-0.921	-0.981	0.000	-74.977	-23.116
425	1664.000	-0.943	-0.842	0.000	-73.615	-10.544
441	1664.000	-0.964	-0.714	0.000	-78.713	7.345
457	1664.000	-0.914	-0.820	0.000	-73.615	-8.389
473	1664.000	-0.939	-0.901	0.000	-73.958	-16.160
489	1664.000	-0.864	-0.714	0.000	-76.331	4.882
505	1664.000	-0.922	-0.693	0.000	-73.931	4.604
521	1664.000	-0.909	-0.760	0.000	-73.631	-2.402
537	1664.000	-0.494	-0.656	0.000	-73.883	8.233
553	1664.000	-0.564	-0.658	0.000	-73.652	7.854
569	1664.000	-0.840	-0.609	0.000	-73.615	12.722
585	1664.000	-0.971	-0.693	0.000	-76.697	7.407
601	1664.000	-0.893	-0.583	0.000	-73.629	15.285
617	1664.000	-0.989	-0.995	0.000	-75.860	-23.625
1257	1664.000	-0.349	-0.460	0.000	-22.883	-23.112
1273	1664.000	-0.311	-0.421	0.000	-22.996	-19.135
1289	1664.000	-0.215	-0.143	0.000	-22.745	8.466
1305	1664.000	-0.290	-0.131	0.000	-22.744	9.621
1321	1664.000	-0.277	-0.257	0.000	-23.028	-2.710
1337	1664.000	-0.268	-0.209	0.000	-23.051	2.144
1353	1664.000	-0.236	-0.145	0.000	-22.638	8.187
1369	1664.000	-0.267	-0.261	0.000	-22.862	-3.281
1385	1664.000	-0.283	-0.199	0.000	-22.599	2.726
1401	1664.000	-0.255	-0.116	0.000	-22.658	11.093
1417	1664.000	-0.259	-0.021	0.000	-22.599	20.492
1433	1664.000	-0.315	-0.335	0.000	-22.804	-10.698
1449	1664.000	-0.254	-0.062	0.000	-22.962	16.791
1465	1664.000	-0.230	0.002	0.000	-22.861	23.024
1481	1664.000	-0.222	-0.016	0.000	-22.674	21.083
1497	1664.000	-0.196	-0.174	0.000	-22.631	5.206
1513	1664.000	-0.296	-0.172	0.000	-22.599	5.383
1529	1664.000	-0.287	-0.459	0.000	-22.600	-23.349
1545	1664.000	-0.254	-0.157	0.000	-22.775	7.052
1561	1664.000	-0.325	-0.256	0.000	-23.074	-2.541
1577	1664.000	-0.258	-0.297	0.005	-22.976	-8.960
1593	1664.000	-0.309	-0.092	0.000	-22.802	13.606
1609	1664.000	-0.250	-0.001	0.000	-22.602	22.509
1625	1664.000	-0.238	-0.029	0.000	-22.848	19.916
1641	1664.000	-0.307	-0.177	0.000	-22.983	5.287
1657	1664.000	-0.250	-0.055	0.000	-22.752	17.288
1673	1664.000	-0.240	0.013	0.000	-22.796	24.103
1689	1664.000	-0.310	-0.472	0.000	-23.268	-23.964
1705	1664.000	-0.274	0.002	0.000	-22.601	22.787
1721	1664.000	-0.262	-0.015	0.000	-22.823	21.366
1737	1664.000	-0.292	-0.148	0.000	-22.634	7.813
1753	1664.000	-0.227	-0.179	0.000	-22.671	4.781
1769	1664.000	-0.287	-0.047	0.000	-22.781	18.099
1785	1664.000	-0.268	0.083	0.056	-22.602	3.141
1801	1664.000	-0.279	-0.143	0.000	-22.882	8.616
1817	1664.000	-0.225	-0.079	0.000	-23.332	15.403
1833	1664.000	-0.268	-0.100	0.000	-22.892	12.910
1849	1664.000	-0.336	-0.269	0.000	-23.550	-3.371
1865	1664.000	-0.249	-0.151	0.000	-23.248	8.191
2505	1664.000	-0.434	-0.388	0.000	-30.652	-8.159
2521	1664.000	-0.415	-0.383	0.000	-31.061	-7.213
2537	1664.000	-0.373	-0.349	0.000	-30.696	-4.210
2553	1664.000	-0.395	-0.147	0.000	-31.227	16.478
2569	1664.000	-0.408	-0.114	0.000	-30.713	19.322
2585	1664.000	-0.360	-0.215	0.000	-30.295	8.790
2601	1664.000	-0.418	-0.451	0.000	-30.730	-14.375
2617	1664.000	-0.378	-0.293	0.000	-30.939	1.685
2633	1664.000	-0.415	-0.419	0.000	-30.351	-11.584
2649	1664.000	-0.331	-0.194	0.000	-30.341	10.900
2665	1664.000	-0.378	-0.283	0.000	-31.040	2.760
2681	1664.000	-0.400	-0.400	0.000	-30.484	-9.494
2697	1664.000	-0.330	-0.261	0.000	-30.612	4.473
2713	1664.000	-0.426	-0.369	0.000	-30.782	-6.092
2729	1664.000	-0.406	-0.454	0.000	-30.260	-15.107
2745	1664.000	-0.334	-0.114	0.000	-30.700	19.317
2761	1664.000	-0.341	-0.343	0.000	-30.453	-3.837
2777	1664.000	-0.343	-0.327	0.000	-30.336	-2.362
2793	1664.000	-0.399	-0.515	0.000	-30.397	-21.101
2809	1664.000	-0.402	-0.532	0.000	-30.328	-22.896
2825	1664.000	-0.412	-0.382	0.000	-30.539	-7.674
2841	1664.000	-0.301	0.045	0.040	-30.408	14.979
2857	1664.000	-0.387	-0.202	0.000	-30.633	10.422
2873	1664.000	-0.338	-0.215	0.000	-30.361	8.869
2889	1664.000	-0.383	-0.517	0.000	-31.152	-20.542
2905	1664.000	-0.329	-0.086	0.000	-30.461	21.838
2921	1664.000	-0.384	-0.537	0.000	-30.364	-23.296
2937	1664.000	-0.390	-0.412	0.000	-31.019	-10.162
2953	1664.000	-0.333	-0.059	0.000	-30.369	24.476
2969	1664.000	-0.355	-0.259	0.000	-30.622	4.717
2985	1664.000	-0.383	-0.428	0.000	-31.469	-11.360
3001	1664.000	-0.376	-0.394	0.000	-30.364	-9.041
3017	1664.000	-0.361	-0.275	0.000	-30.369	2.820
3033	1664.000	-0.330	-0.441	0.000	-30.453	-13.632
3049	1664.000	-0.381	-0.421	0.000	-30.345	-11.758
3065	1664.000	-0.434	-0.546	0.000	-30.748	-23.811
3081	1664.000	-0.387	-0.341	0.000	-30.994	-3.151
3097	1664.000	-0.442	-0.395	0.000	-30.895	-8.618
3113	1664.000	-0.352	-0.367	0.000	-30.839	-5.824
3769	1664.000	-0.300	-0.187	0.000	-30.325	11.591
3785	1664.000	-0.351	-0.324	0.000	-30.168	-2.243
3801	1664.000	-0.330	-0.084	0.000	-30.257	21.842
3817	1664.000	-0.377	-0.084	0.000	-30.306	21.919
3833	1664.000	-0.412	-0.506	0.000	-30.103	-20.472
3849	1664.000	-0.384	-0.431	0.000	-30.061	-13.078
3865	1664.000	-0.369	-0.200	0.000	-30.383	10.406
3881	1664.000	-0.375	-0.337	0.000	-30.160	-3.584
3897	1664.000	-0.418	-0.289	0.000	-30.151	1.211
3913	1664.000	-0.353	-0.287	0.000	-30.411	1.732
3929	1664.000	-0.416	-0.445	0.000	-30.142	-14.398
3945	1664.000	-0.344	-0.380	0.000	-30.364	-7.654
3961	1664.000	-0.417	-0.456	0.000	-30.398	-15.195
3977	1664.000	-0.411	-0.543	0.000	-30.259	-23.997
3993	1664.000	-0.410	-0.548	0.000	-30.501	-24.324
4009	1664.000	-0.386	-0.286	0.000	-30.172	1.567
4025	1664.000	-0.411	-0.140	0.000	-30.263	16.245
4041	1664.000	-0.375	-0.490	0.000	-30.191	-18.840
4057	1664.000	-0.335	-0.241	0.000	-30.131	5.981
4073	1664.000	-0.398	-0.488	0.000	-30.524	-18.272
4089	1664.000	-0.389	0.113	0.083	-30.062	-0.171
4105	1664.000	-0.356	-0.332	0.028	-30.126	-16.870
4121	1664.000	-0.363	-0.385	0.000	-30.601	-7.849
4137	1664.000	-0.353	-0.409	0.000	-30.398	-10.498
4153	1664.000	-0.350	-0.270	0.000	-30.049	3.095
4169	1664.000	-0.421	-0.074	0.000	-30.329	22.918
4185	1664.000	-0.350	-0.346	0.000	-29.957	-4.652
4201	1664.000	-0.373	-0.459	0.000	-30.317	-15.574
4217	1664.000	-0.425	-0.538	0.000	-30.090	-23.749
4233	1664.000	-0.353	-0.517	0.000	-29.866	-21.841
4249	1664.000	-0.344	-0.493	0.000	-30.721	-18.533
4265	1664.000	-0.360	-0.144	0.011	-30.088	10.212
4281	1664.000	-0.305	-0.167	0.000	-29.941	13.257
4297	1664.000	-0.384	-0.113	0.078	-30.477	-19.640
4313	1664.000	-0.370	-0.224	0.000	-30.218	7.847
4329	1664.000	-0.378	-0.085	0.000	-29.866	21.329
4345	1664.000	-0.351	-0.302	0.000	-30.267	0.101
4361	1664.000	-0.371	-0.279	0.000	-30.269	2.352
4377	1664.000	-0.361	-0.475	0.000	-29.864	-17.613
5017	1664.000	-0.307	-0.451	0.000	-21.814	-23.331
5033	1664.000	-0.276	-0.344	0.000	-21.665	-12.784
5049	1664.000	-0.322	-0.317	0.000	-21.645	-10.081
5065	1664.000	-0.262	0.004	0.000	-21.782	22.213
5081	1664.000	-0.263	-0.208	0.000	-21.667	0.857
5097	1664.000	-0.264	-0.278	0.000	-21.645	-6.129
5113	1664.000	-0.309	-0.421	0.000	-22.089	-20.051
5129	1664.000	-0.244	-0.464	0.000	-21.752	-24.617
5145	1664.000	-0.256	-0.272	0.000	-21.845	-5.333
5161	1664.000	-0.296	-0.119	0.000	-21.865	9.951
5177	1664.000	-0.270	-0.217	0.000	-21.820	0.095
5193	1664.000	-0.291	-0.220	0.000	-21.786	-0.229
5209	1664.000	-0.263	-0.141	0.000	-21.875	7.730
5225	1664.000	-0.251	-0.315	0.000	-22.079	-9.422
5241	1664.000	-0.254	-0.138	0.000	-22.021	8.220
5257	1664.000	-0.269	-0.424	0.000	-21.624	-20.786
5273	1664.000	-0.303	-0.273	0.000	-22.050	-5.234
5289	1664.000	-0.255	-0.372	0.000	-21.951	-15.210
5305	1664.000	-0.253	0.030	0.000	-21.960	24.924
5321	1664.000	-0.288	-0.074	0.000	-21.887	14.440
5337	1664.000	-0.234	0.002	0.000	-21.564	21.808
5353	1664.000	-0.270	-0.418	0.000	-22.376	-19.412
5369	1664.000	-0.276	-0.399	0.000	-22.073	-17.807
5385	1664.000	-0.302	-0.306	0.000	-21.563	-9.079
5401	1664.000	-0.289	-0.255	0.000	-22.495	-3.028
5417	1664.000	-0.253	-0.277	0.000	-21.629	-6.078
5433	1664.000	-0.195	-0.286	0.000	-21.553	-7.089
5449	1664.000	-0.286	-0.077	0.000	-21.906	14.227
5465	1664.000	-0.319	-0.204	0.000	-21.641	1.290
5481	1664.000	-0.331	-0.461	0.000	-21.587	-24.507
5497	1664.000	-0.199	-0.017	0.000	-21.594	19.867
5513	1664.000	-0.285	-0.201	0.000	-21.554	1.476
5529	1664.000	-0.287	-0.465	0.000	-21.826	-24.629
5545	1664.000	-0.255	0.011	0.000	-21.623	22.766
5561	1664.000	-0.286	-0.124	0.000	-21.555	9.109
5577	1664.000	-0.295	-0.237	0.000	-21.832	-1.905
5593	1664.000	-0.299	-0.244	0.000	-21.714	-2.718
5609	1664.000	-0.237	-0.001	0.000	-21.634	21.570
5625	1664.000	-0.258	-0.333	0.000	-21.553	-11.783
6265	1664.000	-0.935	-0.924	0.000	-76.175	-16.214
6281	1664.000	-0.895	-0.607	0.000	-76.203	15.498
6297	1664.000	-0.951	-0.561	0.000	-76.169	20.111
6313	1664.000	-0.939	-1.011	0.000	-76.174	-24.959
6329	1664.000	-0.924	-0.550	0.000	-76.162	21.210
6345	1664.000	-0.943	-0.885	0.000	-77.485	-11.001
6361	1664.000	-0.950	-0.528	0.000	-76.155	23.324
6377	1664.000	-0.916	-0.604	0.000	-76.155	15.747
6393	1664.000	-0.965	-0.808	0.000	-77.781	-3.010
6409	1664.000	-0.961	-1.009	0.000	-77.949	-22.977
6425	1664.000	-0.979	-0.828	0.000	-76.156	-6.683
6441	1664.000	-0.954	-0.551	0.000	-78.933	23.808
6457	1664.000	-0.957	-0.661	0.000	-77.670	11.528
6473	1664.000	-0.971	-0.849	0.000	-76.455	-8.410
6489	1664.000	-0.957	-0.935	0.000	-76.452	-17.066
6505	1664.000	-0.955	-0.930	0.000	-76.189	-16.821
6521	1664.000	-0.973	-0.847	0.000	-76.794	-7.907
6537	1664.000	-0.967	-0.782	0.000	-76.155	-2.018
6553	1664.000	-0.818	-0.934	0.000	-76.173	-17.202
6569	1664.000	-0.970	-0.770	0.000	-76.173	-0.818
6585	1664.000	-0.982	-0.984	0.000	-76.874	-21.543
6601	1664.000	-0.927	-0.536	0.000	-77.516	23.919
6617	1664.000	-0.934	-0.538	0.000	-76.968	23.131
6633	1664.000	-0.979	-0.599	0.000	-76.831	16.980
6649	1664.000	-0.920	-0.523	0.000	-76.902	24.597
6665	1664.000	-0.946	-0.972	0.000	-76.967	-20.187
6681	1664.000	-0.968	-0.634	0.000	-77.532	14.150
6697	1664.000	-0.892	-0.849	0.000	-76.167	-8.715
6713	1664.000	-0.896	-0.623	0.000	-76.217	13.966
6729	1664.000	-0.969	-0.840	0.000	-77.794	-6.237
6745	1664.000	-0.955	-0.987	0.000	-76.155	-22.550
6761	1664.000	-0.912	-0.679	0.000	-76.155	8.221
6777	1664.000	-1.061	-0.916	0.000	-78.323	-13.257
6793	1664.000	-0.939	-0.625	0.000	-79.140	16.631
6809	1664.000	-0.938	-0.959	0.000	-76.155	-19.723
6825	1664.000	-1.035	-0.867	0.000	-77.793	-8.907
6841	1664.000	-0.908	-1.039	0.000	-82.672	-21.271
6857	1664.000	-0.906	-0.674	0.000	-76.184	8.750
6873	1664.000	-1.051	-1.006	0.000	-77.512	-23.040
7513	1664.000	-0.785	-0.840	0.000	-72.234	-11.801
7529	1664.000	-0.912	-0.636	0.000	-72.194	8.639
7545	1664.000	-0.895	-0.479	0.000	-72.210	24.304
7561	1664.000	-0.832	-0.662	0.000	-72.813	6.587
7577	1664.000	-0.901	-0.658	0.000	-72.707	6.909
7593	1664.000	-0.883	-0.480	0.000	-72.473	24.438
7609	1664.000	-0.966	-0.875	0.000	-73.469	-13.992
7625	1664.000	-0.956	-0.921	0.000	-73.629	-18.496
7641	1664.000	-0.946	-0.707	0.000	-72.204	1.470
7657	1664.000	-0.902	-0.653	0.000	-72.784	7.436
7673	1664.000	-0.895	-0.687	0.000	-72.194	3.530
7689	1664.000	-0.927	-0.701	0.000	-75.569	5.479
7705	1664.000	-0.877	-0.595	0.000	-72.222	12.677
7721	1664.000	-0.729	-0.620	0.000	-72.186	10.160
7737	1664.000	-0.864	-0.612	0.000	-72.959	11.729
7753	1664.000	-0.953	-0.899	0.000	-73.488	-16.446
7769	1664.000	-0.925	-0.623	0.000	-72.257	10.004
7785	1664.000	-0.944	-0.931	0.000	-72.164	-20.972
7801	1664.000	-0.942	-0.788	0.000	-73.869	-4.925
7817	1664.000	-0.872	-0.547	0.000	-72.213	17.540
7833	1664.000	-0.889	-0.525	0.000	-72.463	19.998
7849	1664.000	0.651	4.052	0.000	-74.372	-20.474
7865	1664.000	-0.817	-0.561	0.000	-72.180	16.076
7881	1664.000	-0.850	-0.936	0.000	-72.164	-21.401
7897	1664.000	-0.452	4.319	1.000	-74.618	6.516
7913	1664.000	-0.883	-0.564	0.000	-72.800	16.360
7929	1664.000	-0.885	-0.732	0.000	-72.171	-1.034
7945	1664.000	-0.915	-0.904	0.000	-72.860	-17.548
7961	1664.000	-0.879	-0.518	0.000	-73.897	22.057
7977	1664.000	-0.948	-0.763	0.000	-72.857	-3.441
7993	1664.000	-0.971	-0.973	0.000	-72.745	-24.567
8009	1664.000	-0.900	-0.968	0.000	-72.182	-24.603
8025	1664.000	-0.878	-0.782	0.000	-72.204	-6.018
8041	1664.000	-0.879	-0.741	0.000	-74.546	0.405
8057	1664.000	-0.942	-0.762	0.000	-72.164	-4.024
8073	1664.000	-0.954	-0.965	0.000	-73.836	-22.713
8089	1664.000	-0.943	-0.911	0.000	-73.097	-17.960
8105	1664.000	-0.875	-0.796	0.000	-72.192	-7.394
8121	1664.000	-0.921	-0.697	0.000	-72.797	3.050
8761	1664.000	-0.301	-0.076	0.000	-25.179	17.575
8777	1664.000	-0.333	-0.293	0.000	-25.188	-4.122
8793	1664.000	-0.286	-0.445	0.000	-25.136	-19.376
8809	1664.000	-0.282	-0.153	0.000	-25.206	9.936
8825	1664.000	-0.276	-0.068	0.000	-25.408	18.609
8841	1664.000	-0.362	-0.450	0.000	-25.592	-19.372
8857	1664.000	-0.328	-0.448	0.000	-25.175	-19.656
8873	1664.000	-0.336	-0.164	0.000	-25.459	9.103
8889	1664.000	-0.303	-0.093	0.000	-25.420	16.162
8905	1664.000	-0.264	-0.038	0.000	-25.279	21.461
8921	1664.000	-0.329	-0.263	0.000	-25.582	-0.712
8937	1664.000	-0.287	-0.278	0.000	-25.096	-2.677
8953	1664.000	-0.291	-0.003	0.000	-25.094	24.813
8969	1664.000	-0.348	-0.029	0.000	-25.274	22.338
8985	1664.000	-0.286	-0.190	0.000	-25.150	6.199
9001	1664.000	-0.337	-0.463	0.000	-25.395	-20.911
9017	1664.000	-0.315	-0.331	0.000	-25.922	-7.215
9033	1664.000	-0.326	-0.325	0.000	-25.619	-6.870
9049	1664.000	-0.355	-0.390	0.000	-25.843	-13.174
9065	1664.000	-0.297	-0.216	0.000	-25.480	3.919
9081	1664.000	-0.369	-0.463	0.000	-25.392	-20.924
9097	1664.000	-0.313	-0.212	0.000	-25.786	4.595
9113	1664.000	-0.318	-0.327	0.000	-25.002	-7.740
9129	1664.000	-0.299	-0.033	0.000	-25.000	21.717
9145	1664.000	-0.294	-0.179	0.000	-25.940	8.022
9161	1664.000	-0.294	-0.388	0.000	-25.070	-13.770
9177	1664.000	-0.343	-0.273	0.000	-25.005	-2.265
9193	1664.000	-0.372	-0.041	0.000	-25.225	21.131
9209	1664.000	-0.287	-0.044	0.000	-25.242	20.808
9225	1664.000	-0.377	-0.285	0.000	-25.209	-3.262
9241	1664.000	-0.324	-0.320	0.000	-25.143	-6.894
9257	1664.000	-0.290	-0.077	0.000	-25.033	17.316
9273	1664.000	-0.341	-0.053	0.000	-25.176	19.912
9289	1664.000	-0.364	-0.391	0.000	-25.133	-13.964
9305	1664.000	-0.337	-0.202	0.000	-25.033	4.848
9321	1664.000	-0.319	-0.287	0.000	-25.139	-3.560
9337	1664.000	-0.297	-0.328	0.000	-25.309	-7.532
9353	1664.000	-0.316	-0.256	0.000	-25.176	-0.383
9369	1664.000	-0.356	-0.347	0.000	-25.000	-9.658
9385	1664.000	-0.343	-0.290	0.000	-25.373	-3.636
10025	1664.000	-0.335	-0.187	0.000	-29.959	11.264
10041	1664.000	-0.363	-0.219	0.000	-30.114	8.246
10057	1664.000	-0.366	-0.076	0.000	-29.956	22.363
10073	1664.000	-0.380	-0.347	0.000	-30.259	-4.479
10089	1664.000	-0.394	-0.068	0.000	-30.250	23.412
10105	1664.000	-0.395	-0.343	0.000	-30.032	-4.272
10121	1664.000	-0.394	-0.129	0.000	-30.897	17.981
10137	1664.000	-0.329	-0.151	0.000	-30.080	14.981
10153	1664.000	-0.340	-0.199	0.000	-30.369	10.498
10169	1664.000	-0.413	-0.467	0.000	-30.421	-16.291
10185	1664.000	-0.362	-0.131	0.000	-29.954	16.852
10201	1664.000	-0.344	-0.362	0.000	-30.269	-5.964
10217	1664.000	-0.334	-0.175	0.000	-30.134	12.610
10233	1664.000	-0.382	-0.524	0.000	-29.951	-22.461
10249	1664.000	-0.403	-0.432	0.000	-30.153	-13.002
10265	1664.000	-0.419	-0.441	0.000	-30.280	-13.827
10281	1664.000	-0.370	-0.079	0.000	-30.393	22.515
10297	1664.000	-0.350	-0.416	0.000	-30.121	-11.518
10313	1664.000	-0.372	-0.105	0.000	-30.262	19.757
10329	1664.000	-0.403	-0.343	0.000	-30.345	-3.966
10345	1664.000	-0.411	-0.187	0.000	-30.570	11.820
10361	1664.000	-0.335	-0.255	0.000	-30.850	5.332
10377	1664.000	-0.394	-0.435	0.000	-30.507	-13.019
10393	1664.000	-0.393	-0.432	0.000	-30.515	-12.664
10409	1664.000	-0.314	-0.064	0.000	-30.460	24.013
10425	1664.000	-0.343	-0.125	0.000	-30.479	17.931
10441	1664.000	-0.400	-0.462	0.000	-30.281	-15.902
10457	1664.000	-0.414	-0.505	0.000	-30.357	-20.170
10473	1664.000	-0.395	-0.498	0.000	-30.098	-19.710
10489	1664.000	-0.372	-0.452	0.000	-30.230	-14.998
10505	1664.000	-0.397	-0.447	0.000	-30.336	-14.348
10521	1664.000	-0.416	-0.406	0.000	-31.006	-9.556
10537	1664.000	-0.398	-0.294	0.000	-30.818	1.372
10553	1664.000	-0.365	-0.223	0.000	-30.252	7.996
10569	1664.000	-0.362	-0.284	0.000	-30.465	2.056
10585	1664.000	-0.381	-0.306	0.000	-30.147	-0.487
10601	1664.000	-0.377	-0.115	0.000	-30.059	18.543
10617	1664.000	-0.329	-0.387	0.000	-29.958	-8.718
10633	1664.000	-0.328	-0.501	0.000	-29.955	-20.130
11273	1664.000	-0.327	-0.221	0.000	-29.867	7.808
11289	1664.000	-0.371	-0.483	0.000	-29.405	-18.910
11305	1664.000	-0.393	-0.281	0.000	-29.451	1.318
11321	1664.000	-0.401	-0.187	0.000	-30.403	11.658
11337	1664.000	-0.383	-0.289	0.000	-29.443	0.526
11353	1664.000	-0.336	-0.061	0.000	-29.742	23.605
11369	1664.000	-0.307	-0.208	0.000	-29.860	9.046
11385	1664.000	-0.353	-0.250	0.000	-29.273	4.294
11401	1664.000	-0.346	-0.314	0.000	-29.793	-1.633
11417	1664.000	-0.370	-0.339	0.000	-29.733	-4.189
11433	1664.000	-0.396	-0.447	0.000	-29.419	-15.233
11449	1664.000	-0.453	-0.514	0.000	-29.273	-22.103
11465	1664.000	-0.365	-0.502	0.000	-29.598	-20.618
11481	1664.000	-0.398	-0.333	0.000	-30.376	-2.886
11497	1664.000	-0.319	-0.380	0.000	-29.604	-8.411
11513	1664.000	-0.371	-0.195	0.000	-29.346	9.815
11529	1664.000	-0.369	-0.176	0.000	-29.791	12.153
11545	1664.000	-0.348	-0.139	0.000	-29.889	15.950
11561	1664.000	-0.394	-0.474	0.000	-29.273	-18.145
11577	1664.000	-0.413	-0.482	0.000	-29.612	-18.591
11593	1664.000	-0.375	-0.395	0.000	-29.750	-9.784
11609	1664.000	-0.378	-0.415	0.000	-29.339	-12.149
11625	1664.000	-0.406	-0.334	0.000	-30.279	-3.108
11641	1664.000	-0.383	-0.515	0.000	-29.490	-22.050
11657	1664.000	-0.381	-0.445	0.000	-29.670	-14.871
11673	1664.000	-0.373	-0.532	0.000	-30.248	-23.000
11689	1664.000	-0.310	-0.355	0.000	-29.283	-6.181
11705	1664.000	-0.367	-0.380	0.000	-29.798	-8.208
11721	1664.000	-0.415	-0.252	0.000	-29.472	4.231
11737	1664.000	-0.327	-0.116	0.000	-29.274	17.694
11753	1664.000	-0.360	-0.079	0.000	-29.313	21.445
11769	1664.000	-0.364	-0.211	0.000	-29.888	8.805
11785	1664.000	-0.296	-0.118	0.000	-29.292	17.499
11801	1664.000	-0.308	-0.211	0.000	-29.347	8.218
11817	1664.000	-0.337	-0.338	0.000	-29.798	-3.964
11833	1664.000	-0.296	-0.321	0.000	-29.287	-2.821
11849	1664.000	-0.336	-0.294	0.000	-29.562	0.183
11865	1664.000	-0.353	-0.388	0.000	-29.510	-9.327
11881	1664.000	-0.346	-0.107	0.000	-29.566	18.839
12521	1664.000	-0.265	-0.023	0.000	-23.915	21.626
12537	1664.000	-0.298	-0.291	0.000	-23.757	-5.363
12553	1664.000	-0.289	-0.046	0.000	-23.907	19.266
12569	1664.000	-0.274	-0.125	0.000	-24.017	11.549
12585	1664.000	-0.281	-0.070	0.000	-23.772	16.752
12601	1664.000	-0.302	-0.262	0.000	-23.885	-2.334
12617	1664.000	-0.332	-0.471	0.000	-23.660	-23.408
12633	1664.000	-0.351	-0.392	0.000	-23.498	-15.667
12649	1664.000	-0.245	-0.086	0.000	-23.853	15.303
12665	1664.000	-0.245	-0.079	0.000	-23.498	15.588
12681	1664.000	-0.269	-0.155	0.000	-23.500	7.992
12697	1664.000	-0.241	-0.013	0.000	-24.065	22.782
12713	1664.000	-0.239	-0.015	0.000	-23.498	21.967
12729	1664.000	-0.270	-0.266	0.000	-23.498	-3.140
12745	1664.000	-0.266	-0.057	0.000	-23.575	17.868
12761	1664.000	-0.315	-0.215	0.000	-24.032	2.488
12777	1664.000	-0.349	-0.482	0.000	-23.498	-24.695
12793	1664.000	-0.264	-0.268	0.000	-23.500	-3.290
12809	1664.000	-0.316	-0.325	0.000	-24.232	-8.296
12825	1664.000	-0.297	-0.049	0.000	-23.511	18.657
12841	1664.000	-0.318	-0.452	0.000	-23.677	-21.536
12857	1664.000	-0.367	-0.445	0.000	-24.113	-20.365
12873	1664.000	-0.325	-0.331	0.000	-23.662	-9.474
12889	1664.000	-0.325	-0.141	0.000	-23.983	9.894
12905	1664.000	-0.267	-0.276	0.000	-23.893	-3.668
12921	1664.000	-0.311	-0.221	0.000	-23.761	1.660
12937	1664.000	-0.316	-0.238	0.000	-23.650	-0.190
12953	1664.000	-0.288	0.006	0.000	-23.985	24.619
12969	1664.000	-0.321	-0.362	0.000	-23.708	-12.525
12985	1664.000	-0.334	-0.471	0.000	-23.505	-23.551
13001	1664.000	-0.259	-0.000	0.000	-24.024	23.990
13017	1664.000	-0.267	-0.076	0.000	-24.158	16.530
13033	1664.000	-0.372	-0.395	0.000	-23.595	-15.870
13049	1664.000	-0.293	-0.329	0.000	-23.503	-9.435
13065	1664.000	-0.274	-0.109	0.000	-23.851	12.950
13081	1664.000	-0.256	-0.220	0.000	-23.683	1.700
13097	1664.000	-0.307	-0.044	0.000	-23.990	19.627
13113	1664.000	-0.315	-0.183	0.000	-23.685	5.403
13129	1664.000	-0.308	-0.461	0.000	-24.136	-21.978
13769	1664.000	0.750	4.024	0.000	-74.128	-23.468
13785	1664.000	-0.932	-0.771	0.000	-74.162	-2.941
13801	1664.000	-0.937	-0.509	0.000	-75.837	24.931
13817	1664.000	-0.928	-0.735	0.000	-74.663	1.162
13833	1664.000	-0.937	-0.766	0.000	-74.136	-2.453
13849	1664.000	-0.937	-0.526	0.000	-75.037	22.399
13865	1664.000	-0.939	-0.777	0.000	-74.134	-3.602
13881	1664.000	-0.914	-0.893	0.000	-74.127	-15.175
13897	1664.000	-0.921	-0.547	0.000	-74.120	19.454
13913	1664.000	-0.737	-0.593	0.000	-74.168	14.857
13929	1664.000	-0.965	-0.650	0.000	-76.775	11.786
13945	1664.000	-0.868	-0.571	0.000	-74.120	17.014
13961	1664.000	-0.930	-0.624	0.000	-76.065	13.706
13977	1664.000	-1.005	-0.848	0.000	-76.765	-7.994
13993	1664.000	-0.970	-0.963	0.000	-75.612	-20.736
14009	1664.000	-0.963	-0.903	0.000	-74.120	-16.187
14025	1664.000	-0.872	-0.736	0.000	-74.134	0.500
14041	1664.000	-0.851	-0.894	0.000	-74.138	-15.283
14057	1664.000	-0.900	-0.582	0.000	-74.120	15.904
14073	1664.000	-0.944	-0.543	0.000	-74.134	19.864
14089	1664.000	-0.958	-0.915	0.000	-74.120	-17.399
14105	1664.000	-0.856	-0.627	0.000	-74.127	11.461
14121	1664.000	-0.917	-0.702	0.000	-75.863	5.653
14137	1664.000	-0.965	-0.962	0.000	-75.397	-20.795
14153	1664.000	-0.864	-0.759	0.000	-74.127	-1.812
14169	1664.000	-0.865	-0.692	0.000	-74.782	5.630
14185	1664.000	-0.981	-0.702	0.000	-76.325	6.131
14201	1664.000	-0.836	-0.736	0.000	-74.120	0.494
14217	1664.000	-0.427	4.438	1.000	-74.780	18.566
14233	1664.000	-0.882	-0.588	0.000	-74.120	15.320
14249	1664.000	-0.936	-0.803	0.000	-76.629	-3.648
14265	1664.000	-0.869	-0.558	0.000	-74.764	19.006
14281	1664.000	-0.955	-0.733	0.000	-74.120	0.820
14297	1664.000	-1.041	-0.846	0.000	-77.194	-7.386
14313	1664.000	-0.918	-0.826	0.000	-74.420	-8.209
14329	1664.000	-0.914	-0.599	0.000	-74.150	14.260
14345	1664.000	-0.924	-0.744	0.000	-75.136	0.744
14361	1664.000	-0.909	-0.666	0.000	-74.120	7.489
14377	1664.000	-0.967	-0.943	0.000	-74.120	-20.197
9	1665.000	-1.047	-1.420	0.000	-124.185	-17.781
25	1665.000	-0.919	-1.370	0.000	-122.948	-14.095
41	1665.000	-0.922	-1.069	0.086	-134.508	-15.340
57	1665.000	-1.021	-1.230	0.000	-127.569	4.572
73	1665.000	-0.939	-1.380	0.000	-121.011	-16.946
89	1665.000	-0.942	-1.063	0.000	-123.568	17.317
105	1665.000	-0.985	-1.326	0.000	-122.577	-10.028
121	1665.000	-0.994	-1.336	0.000	-129.370	-4.250
137	1665.000	-0.838	-1.451	0.000	-121.096	-23.959
153	1665.000	-0.971	-1.454	0.000	-121.011	-24.402
169	1665.000	-0.980	-1.415	0.000	-134.958	-6.557
185	1665.000	-0.957	-1.152	0.000	-133.638	18.484
201	1665.000	-0.937	-1.026	0.000	-121.281	18.695
217	1665.000	-0.929	-1.125	0.000	-128.723	16.249
233	1665.000	-0.979	-1.481	0.000	-129.576	-18.543
249	1665.000	-0.936	-1.291	0.000	-121.011	-8.042
265	1665.000	-0.921	-1.035	0.000	-126.223	22.756
281	1665.000	-0.820	-1.123	0.031	-125.074	-2.611
297	1665.000	-0.683	-1.054	0.019	-131.965	17.192
313	1665.000	-0.844	-1.318	0.008	-126.217	-9.537
329	1665.000	-0.886	-0.862	0.073	-121.750	-0.942
345	1665.000	-0.946	-1.289	0.000	-125.074	-3.842
361	1665.000	-0.948	-1.326	0.000	-135.597	2.998
377	1665.000	-0.940	-1.129	0.000	-126.718	13.771
393	1665.000	-0.903	-1.204	0.000	-121.583	1.183
409	1665.000	-0.958	-1.353	0.000	-133.198	-2.065
425	1665.000	-0.967	-1.381	0.000	-121.011	-17.091
441	1665.000	-0.988	-1.327	0.000	-130.830	-1.837
457	1665.000	-0.968	-1.520	0.000	-131.965	-19.986
473	1665.000	-0.962	-1.324	0.000	-125.385	-6.970
489	1665.000	-0.930	-1.353	0.028	-128.675	-20.748
505	1665.000	-0.443	3.957	1.018	-125.360	11.968
521	1665.000	-0.962	-1.285	0.000	-131.980	3.498
537	1665.000	-0.634	-1.370	0.000	-129.802	-7.149
553	1665.000	-0.679	-1.239	0.000	-121.045	-2.870
569	1665.000	-0.895	-1.220	0.000	-121.011	-1.016
585	1665.000	-1.016	-1.274	0.000	-123.801	-3.619
601	1665.000	-0.939	-1.174	0.000	-121.024	3.576
617	1665.000	-1.010	-1.240	0.048	-131.591	-16.432
1257	1665.000	-0.320	-0.282	0.018	-21.933	-15.276
1273	1665.000	-0.243	0.061	0.059	-22.035	-1.393
1289	1665.000	-0.238	-0.227	0.000	-21.809	-0.941
1305	1665.000	-0.224	0.128	0.083	-21.808	-6.908
1321	1665.000	-0.225	0.055	0.050	-22.064	2.766
1337	1665.000	-0.185	0.183	0.040	-22.086	20.118
1353	1665.000	-0.177	0.055	0.053	-21.712	0.763
1369	1665.000	-0.228	-0.140	0.060	-21.915	-21.918
1385	1665.000	-0.276	-0.142	0.000	-21.676	7.454
1401	1665.000	-0.259	-0.128	0.000	-21.730	8.927
1417	1665.000	-0.256	-0.250	0.000	-21.676	-3.278
1433	1665.000	-0.286	-0.258	0.000	-21.862	-3.982
1449	1665.000	-0.233	-0.216	0.000	-22.005	0.421
1465	1665.000	-0.229	-0.179	0.000	-21.913	4.007
1481	1665.000	-0.200	0.033	0.043	-21.744	3.767
1497	1665.000	-0.083	0.416	0.124	-21.706	1.088
1513	1665.000	-0.278	-0.068	0.024	-21.677	3.105
1529	1665.000	-0.198	0.136	0.071	-21.677	-0.062
1545	1665.000	-0.138	0.542	0.114	-21.836	19.125
1561	1665.000	-0.215	0.161	0.083	-22.106	-3.241
1577	1665.000	-0.240	-0.006	0.005	-22.018	19.150
1593	1665.000	-0.256	0.100	0.061	-21.861	1.413
1609	1665.000	-0.235	-0.022	0.000	-21.680	19.524
1625	1665.000	-0.201	-0.065	0.000	-21.902	15.451
1641	1665.000	-0.255	0.027	0.004	-22.024	22.646
1657	1665.000	-0.248	-0.387	0.000	-21.815	-16.928
1673	1665.000	-0.253	-0.292	0.000	-21.855	-7.379
1689	1665.000	-0.195	0.252	0.125	-22.282	-14.807
1705	1665.000	-0.134	0.420	0.118	-21.679	4.822
1721	1665.000	-0.193	-0.029	0.070	-21.879	-15.855
1737	1665.000	-0.200	0.208	0.120	-21.708	-17.673
1753	1665.000	-0.121	0.251	0.137	-21.742	-21.866
1769	1665.000	-0.170	0.340	0.081	-21.841	15.197
1785	1665.000	-0.243	-0.133	0.056	-21.680	-19.458
1801	1665.000	-0.252	-0.133	0.000	-21.932	8.583
1817	1665.000	-0.208	-0.012	0.000	-22.340	21.159
1833	1665.000	-0.269	-0.310	0.000	-21.942	-9.014
1849	1665.000	-0.237	0.197	0.112	-22.537	-13.689
1865	1665.000	-0.200	-0.050	0.067	-22.264	-16.403
2505	1665.000	-0.318	0.281	0.099	-29.379	8.102
2521	1665.000	-0.365	-0.262	0.021	-29.750	-7.091
2537	1665.000	-0.312	0.120	0.045	-29.419	18.745
2553	1665.000	-0.319	-0.005	0.056	-29.900	1.491
2569	1665.000	-0.364	-0.090	0.000	-29.435	20.468
2585	1665.000	-0.309	-0.056	0.044	-29.057	1.394
2601	1665.000	-0.241	0.576	0.181	-29.451	-3.353
2617	1665.000	-0.363	-0.495	0.000	-29.640	-19.829
2633	1665.000	-0.359	-0.224	0.028	-29.108	-7.514
2649	1665.000	-0.363	-0.499	0.000	-29.098	-20.823
2665	1665.000	-0.261	0.421	0.114	-29.731	15.030
2681	1665.000	-0.350	-0.178	0.063	-29.228	-20.081
2697	1665.000	-0.246	0.028	0.089	-29.344	-12.439
2713	1665.000	-0.375	-0.084	0.027	-29.498	7.812
2729	1665.000	-0.349	-0.239	0.027	-29.025	-8.633
2745	1665.000	-0.194	0.499	0.135	-29.423	12.019
2761	1665.000	-0.358	-0.478	0.000	-29.200	-18.647
2777	1665.000	-0.241	0.144	0.097	-29.094	-4.934
2793	1665.000	-0.399	-0.284	0.000	-29.149	0.780
2809	1665.000	-0.244	0.270	0.159	-29.087	-23.477
2825	1665.000	-0.374	-0.184	0.000	-29.278	10.837
2841	1665.000	-0.275	-0.048	0.040	-29.159	4.375
2857	1665.000	-0.357	-0.072	0.000	-29.362	22.189
2873	1665.000	-0.335	-0.217	0.016	-29.116	-0.540
2889	1665.000	-0.293	0.251	0.093	-29.832	8.372
2905	1665.000	-0.187	0.405	0.181	-29.207	-21.010
2921	1665.000	-0.332	-0.006	0.011	-29.119	23.192
2937	1665.000	-0.316	0.007	0.056	-29.711	2.205
2953	1665.000	-0.260	-0.097	0.078	-29.124	-19.526
2969	1665.000	-0.307	0.039	0.055	-29.353	5.532
2985	1665.000	-0.371	-0.430	0.000	-30.119	-12.843
3001	1665.000	-0.336	0.010	0.035	-29.119	12.584
3017	1665.000	-0.309	-0.201	0.055	-29.124	-18.314
3033	1665.000	-0.238	0.029	0.093	-29.199	-14.420
3049	1665.000	-0.282	0.216	0.114	-29.102	-6.361
3065	1665.000	-0.362	-0.100	0.051	-29.467	-5.949
3081	1665.000	-0.284	0.221	0.076	-29.689	13.520
3097	1665.000	-0.334	0.188	0.097	-29.600	-0.181
3113	1665.000	-0.231	0.229	0.128	-29.549	-11.410
3769	1665.000	-0.173	0.427	0.136	-29.062	3.762
3785	1665.000	-0.255	0.250	0.064	-28.921	22.087
3801	1665.000	-0.325	-0.295	0.000	-29.001	-0.540
3817	1665.000	-0.129	0.926	0.255	-29.045	-6.127
3833	1665.000	-0.352	-0.179	0.019	-28.862	1.314
3849	1665.000	-0.260	0.152	0.136	-28.824	-23.744
3865	1665.000	-0.372	-0.388	0.029	-29.115	-24.214
3881	1665.000	-0.278	0.304	0.072	-28.913	23.182
3897	1665.000	-0.392	-0.302	0.000	-28.905	-1.301
3913	1665.000	-0.241	0.145	0.095	-29.140	-3.803
3929	1665.000	-0.410	-0.340	0.000	-28.897	-5.070
3945	1665.000	-0.321	0.057	0.061	-29.097	4.141
3961	1665.000	-0.356	-0.100	0.000	-29.128	19.110
3977	1665.000	-0.398	-0.181	0.008	-29.003	6.836
3993	1665.000	-0.323	-0.062	0.094	-29.222	-23.968
4009	1665.000	-0.382	-0.263	0.000	-28.924	2.598
4025	1665.000	-0.319	0.017	0.100	-29.006	-19.311
4041	1665.000	-0.353	-0.269	0.028	-28.941	-12.005
4057	1665.000	-0.247	0.253	0.081	-28.886	13.706
4073	1665.000	-0.344	-0.211	0.033	-29.243	-8.521
4089	1665.000	-0.263	0.339	0.132	-28.824	-3.357
4105	1665.000	-0.145	0.977	0.220	-28.882	16.697
4121	1665.000	-0.335	-0.366	0.014	-29.312	-14.425
4137	1665.000	-0.273	-0.036	0.081	-29.129	-15.023
4153	1665.000	-0.348	-0.422	0.000	-28.812	-13.397
4169	1665.000	-0.381	-0.322	0.030	-29.066	-18.219
4185	1665.000	-0.242	0.253	0.060	-28.730	23.941
4201	1665.000	-0.272	0.064	0.103	-29.055	-15.802
4217	1665.000	-0.310	0.304	0.093	-28.850	12.869
4233	1665.000	-0.364	-0.442	0.014	-28.647	-22.542
4249	1665.000	-0.310	-0.091	0.000	-29.420	20.350
4265	1665.000	-0.306	-0.142	0.047	-28.848	-9.013
4281	1665.000	-0.121	1.124	0.241	-28.715	20.753
4297	1665.000	-0.284	0.394	0.090	-29.200	23.616
4313	1665.000	-0.338	-0.287	0.000	-28.966	0.274
4329	1665.000	-0.096	1.117	0.262	-28.647	9.460
4345	1665.000	-0.275	0.028	0.044	-29.010	9.967
4361	1665.000	-0.309	0.015	0.026	-29.012	17.358
4377	1665.000	-0.357	-0.505	0.000	-28.645	-21.888
5017	1665.000	-0.282	-0.221	0.043	-20.910	-22.780
5033	1665.000	-0.174	0.323	0.063	-20.774	21.571
5049	1665.000	-0.089	1.151	0.229	-20.757	21.444
5065	1665.000	-0.261	-0.204	0.012	-20.881	-5.701
5081	1665.000	-0.249	-0.056	0.000	-20.777	15.225
5097	1665.000	-0.231	-0.011	0.000	-20.757	19.620
5113	1665.000	-0.218	0.010	0.078	-21.159	-16.790
5129	1665.000	-0.139	0.483	0.097	-20.853	20.852
5145	1665.000	-0.192	0.234	0.127	-20.937	-19.212
5161	1665.000	-0.236	-0.090	0.062	-20.955	-19.215
5177	1665.000	-0.136	0.623	0.146	-20.915	10.055
5193	1665.000	-0.279	-0.054	0.000	-20.884	15.532
5209	1665.000	-0.256	-0.118	0.000	-20.964	9.182
5225	1665.000	-0.194	0.019	0.026	-21.149	9.831
5241	1665.000	-0.213	0.004	0.045	-21.097	-0.932
5257	1665.000	-0.216	-0.080	0.021	-20.737	2.137
5273	1665.000	-0.294	-0.100	0.000	-21.123	11.087
5289	1665.000	-0.250	-0.142	0.000	-21.034	6.882
5305	1665.000	-0.246	-0.231	0.000	-21.041	-2.013
5321	1665.000	-0.134	0.628	0.121	-20.975	23.378
5337	1665.000	-0.215	-0.041	0.000	-20.683	16.590
5353	1665.000	-0.269	-0.413	0.000	-21.418	-19.898
5369	1665.000	-0.252	-0.157	0.038	-21.143	-13.816
5385	1665.000	-0.271	-0.194	0.000	-20.682	1.315
5401	1665.000	-0.258	-0.214	0.000	-21.526	0.122
5417	1665.000	-0.251	-0.404	0.000	-20.742	-19.677
5433	1665.000	-0.227	-0.442	0.000	-20.674	-23.485
5449	1665.000	-0.215	0.031	0.080	-20.993	-16.041
5465	1665.000	-0.272	-0.094	0.000	-20.753	11.351
5481	1665.000	-0.254	0.063	0.033	-20.704	10.558
5497	1665.000	-0.191	-0.273	0.000	-20.711	-6.637
5513	1665.000	-0.246	-0.103	0.000	-20.674	10.355
5529	1665.000	-0.197	0.135	0.074	-20.920	-2.569
5545	1665.000	-0.167	0.169	0.077	-20.737	-1.023
5561	1665.000	-0.253	-0.194	0.026	-20.675	-11.483
5577	1665.000	-0.258	-0.190	0.000	-20.926	1.935
5593	1665.000	-0.265	-0.125	0.026	-20.819	-4.515
5609	1665.000	-0.206	0.036	0.000	-20.746	24.375
5625	1665.000	-0.224	0.152	0.022	-20.674	24.688
6265	1665.000	-1.009	-1.505	0.000	-126.216	-24.318
6281	1665.000	-0.949	-1.304	0.000	-126.242	-4.176
6297	1665.000	-0.966	-1.179	0.000	-124.079	6.201
6313	1665.000	-0.974	-1.448	0.000	-126.216	-18.624
6329	1665.000	-0.977	-1.258	0.000	-122.141	-3.649
6345	1665.000	-0.991	-1.437	0.000	-128.545	-15.159
6361	1665.000	-0.998	-1.269	0.000	-141.638	14.728
6377	1665.000	-0.956	-1.337	0.000	-133.090	-0.639
6393	1665.000	-1.010	-1.573	0.000	-132.875	-24.435
6409	1665.000	-1.013	-1.241	0.000	-132.307	8.173
6425	1665.000	-0.941	-1.023	0.071	-128.130	-9.664
6441	1665.000	-1.021	-1.557	0.000	-140.809	-14.898
6457	1665.000	-0.964	-1.153	0.000	-123.507	8.220
6473	1665.000	-0.993	-1.046	0.000	-122.407	17.770
6489	1665.000	-0.986	-1.414	0.000	-127.610	-13.789
6505	1665.000	-0.992	-1.290	0.000	-127.372	-1.627
6521	1665.000	-1.002	-1.061	0.000	-122.713	16.600
6537	1665.000	-1.000	-1.129	0.000	-122.136	9.220
6553	1665.000	-0.910	-1.457	0.000	-127.358	-18.318
6569	1665.000	-1.007	-1.197	0.000	-122.151	2.497
6585	1665.000	-0.982	-1.010	0.000	-122.786	21.828
6601	1665.000	-0.946	-1.162	0.000	-126.035	9.796
6617	1665.000	-0.933	-1.069	0.000	-122.871	15.944
6633	1665.000	-1.003	-1.060	0.000	-122.747	16.721
6649	1665.000	-0.981	-1.313	0.000	-125.479	-5.817
6665	1665.000	-0.988	-1.270	0.000	-122.870	-4.085
6681	1665.000	-0.961	-1.030	0.000	-123.381	20.409
6697	1665.000	-0.938	-1.222	0.000	-122.146	-0.058
6713	1665.000	-0.923	-1.049	0.000	-122.191	17.330
6729	1665.000	-1.016	-1.402	0.000	-123.619	-16.599
6745	1665.000	-1.010	-1.357	0.008	-134.746	-5.060
6761	1665.000	-0.941	-1.219	0.000	-122.136	0.256
6777	1665.000	-1.066	-1.297	0.000	-128.160	-1.559
6793	1665.000	-0.977	-1.359	0.000	-148.401	12.499
6809	1665.000	-0.956	-1.057	0.000	-126.198	20.471
6825	1665.000	-1.107	-1.540	0.000	-136.228	-17.763
6841	1665.000	-0.960	-1.383	0.013	-138.986	-5.624
6857	1665.000	-0.947	-1.306	0.000	-122.162	-8.427
6873	1665.000	-1.039	-1.132	0.065	-123.364	-22.431
7513	1665.000	-0.833	-1.092	0.000	-121.614	12.453
7529	1665.000	-0.961	-1.289	0.000	-121.578	-7.274
7545	1665.000	-0.924	-1.152	0.000	-124.868	9.705
7561	1665.000	-0.904	-1.256	0.000	-120.208	-5.442
7577	1665.000	-0.950	-1.310	0.000	-120.112	-10.888
7593	1665.000	-0.836	-0.763	0.055	-119.900	15.998
7609	1665.000	-1.015	-1.426	0.000	-120.800	-21.778
7625	1665.000	-0.993	-1.123	0.000	-120.945	8.631
7641	1665.000	-0.978	-1.291	0.000	-119.657	-9.426
7657	1665.000	-0.980	-1.441	0.000	-125.387	-18.683
7673	1665.000	-0.911	-1.158	0.000	-119.647	3.826
7689	1665.000	-0.942	-1.181	0.000	-126.763	8.627
7705	1665.000	-0.891	-1.111	0.000	-128.941	17.797
7721	1665.000	-0.773	-1.171	0.000	-119.640	2.543
7737	1665.000	-0.892	-1.199	0.000	-120.339	0.427
7753	1665.000	-0.813	-0.247	0.147	-120.818	22.500
7769	1665.000	-0.949	-1.097	0.000	-128.252	18.578
7785	1665.000	-0.811	-0.453	0.157	-119.620	-4.378
7801	1665.000	-0.997	-1.477	0.000	-123.094	-24.653
7817	1665.000	-0.810	-0.714	0.124	-132.275	-1.039
7833	1665.000	-0.846	-0.739	0.057	-123.953	21.638
7849	1665.000	1.267	3.861	0.106	-144.202	-22.604
7865	1665.000	-0.846	-1.007	0.000	-119.634	18.953
7881	1665.000	-0.881	-1.083	0.000	-123.683	15.383
7897	1665.000	-0.487	-0.569	0.091	-123.771	21.506
7913	1665.000	-0.910	-1.163	0.000	-124.258	7.961
7929	1665.000	-0.847	-0.769	0.064	-124.832	15.912
7945	1665.000	-0.938	-1.248	0.000	-120.250	-4.590
7961	1665.000	-0.912	-1.275	0.000	-121.188	-6.333
7977	1665.000	-0.982	-1.329	0.001	-125.453	-7.914
7993	1665.000	-0.954	-1.019	0.000	-120.146	18.232
8009	1665.000	-0.955	-1.341	0.000	-119.637	-14.415
8025	1665.000	-0.920	-1.144	0.000	-119.656	5.288
8041	1665.000	-0.927	-1.268	0.000	-121.775	-5.035
8057	1665.000	-0.894	-0.801	0.050	-128.889	23.843
8073	1665.000	-0.988	-1.269	0.000	-125.195	-1.731
8089	1665.000	-0.545	-1.388	0.000	-120.464	-18.291
8105	1665.000	-0.921	-1.425	0.000	-135.805	-6.685
8121	1665.000	-0.963	-1.273	0.030	-128.318	-13.870
8761	1665.000	-0.296	-0.179	0.000	-24.141	6.261
8777	1665.000	-0.308	-0.176	0.000	-24.150	6.571
8793	1665.000	-0.265	-0.050	0.000	-24.103	19.065
8809	1665.000	-0.242	0.055	0.043	-24.166	8.014
8825	1665.000	-0.187	0.130	0.121	-24.349	-23.331
8841	1665.000	-0.321	0.073	0.020	-24.516	21.846
8857	1665.000	-0.255	-0.123	0.069	-24.138	-22.608
8873	1665.000	-0.240	0.209	0.106	-24.395	-7.647
8889	1665.000	-0.314	-0.364	0.000	-24.360	-12.046
8905	1665.000	-0.043	0.993	0.256	-24.232	-4.654
8921	1665.000	-0.273	-0.038	0.073	-24.507	-15.874
8937	1665.000	-0.277	-0.309	0.000	-24.067	-6.864
8953	1665.000	-0.275	0.009	0.000	-24.065	24.978
8969	1665.000	-0.257	0.035	0.081	-24.228	-12.703
8985	1665.000	-0.292	-0.333	0.000	-24.116	-9.233
9001	1665.000	-0.310	-0.159	0.032	-24.337	-7.729
9017	1665.000	-0.296	-0.328	0.000	-24.814	-7.973
9033	1665.000	-0.291	-0.124	0.008	-24.540	7.924
9049	1665.000	-0.296	-0.020	0.078	-24.742	-16.254
9065	1665.000	-0.158	0.534	0.127	-24.414	14.542
9081	1665.000	-0.187	0.642	0.130	-24.335	23.518
9097	1665.000	-0.333	-0.417	0.000	-24.691	-17.018
9113	1665.000	-0.262	0.010	0.013	-23.981	18.232
9129	1665.000	-0.315	-0.332	0.000	-23.980	-9.239
9145	1665.000	-0.268	-0.046	0.023	-24.830	8.608
9161	1665.000	-0.256	-0.083	0.000	-24.043	15.733
9177	1665.000	-0.297	-0.008	0.055	-23.984	-4.162
9193	1665.000	-0.314	0.133	0.026	-24.183	24.231
9209	1665.000	-0.263	-0.114	0.000	-24.199	12.781
9225	1665.000	-0.344	-0.218	0.026	-24.169	-10.817
9241	1665.000	-0.327	-0.354	0.000	-24.109	-11.331
9257	1665.000	-0.263	-0.074	0.055	-24.010	-10.964
9273	1665.000	-0.293	0.068	0.031	-24.139	15.404
9289	1665.000	-0.321	-0.009	0.038	-24.100	4.146
9305	1665.000	-0.352	-0.457	0.000	-24.010	-21.737
9321	1665.000	-0.273	-0.190	0.027	-24.106	-8.470
9337	1665.000	-0.260	-0.113	0.043	-24.260	-8.684
9353	1665.000	-0.317	-0.290	0.027	-24.139	-18.265
9369	1665.000	-0.294	-0.016	0.026	-23.980	9.176
9385	1665.000	-0.313	0.009	0.019	-24.317	15.847
10025	1665.000	-0.334	-0.333	0.000	-28.736	-4.537
10041	1665.000	-0.234	0.299	0.091	-28.876	13.454
10057	1665.000	-0.355	-0.102	0.000	-28.733	18.582
10073	1665.000	-0.269	0.128	0.119	-29.007	-17.513
10089	1665.000	-0.372	-0.275	0.011	-28.999	-3.880
10105	1665.000	-0.081	1.500	0.315	-28.802	21.139
10121	1665.000	-0.263	0.205	0.126	-29.584	-13.165
10137	1665.000	-0.160	0.790	0.180	-28.846	17.608
10153	1665.000	-0.031	1.388	0.322	-29.107	6.780
10169	1665.000	-0.410	-0.469	0.000	-29.154	-17.771
10185	1665.000	-0.332	-0.205	0.024	-28.732	-3.707
10201	1665.000	-0.300	0.045	0.030	-29.017	18.359
10217	1665.000	-0.317	-0.158	0.002	-28.894	12.265
10233	1665.000	-0.351	-0.177	0.033	-28.729	-5.511
10249	1665.000	-0.373	-0.103	0.000	-28.911	18.576
10265	1665.000	-0.417	-0.516	0.000	-29.027	-22.555
10281	1665.000	-0.330	-0.171	0.000	-29.128	11.998
10297	1665.000	-0.357	-0.381	0.000	-28.883	-9.240
10313	1665.000	-0.049	1.492	0.316	-29.010	20.139
10329	1665.000	-0.381	-0.252	0.046	-29.085	-19.356
10345	1665.000	-0.259	0.415	0.116	-29.288	12.826
10361	1665.000	-0.288	0.067	0.051	-29.542	10.754
10377	1665.000	-0.367	-0.389	0.009	-29.232	-14.127
10393	1665.000	-0.375	-0.501	0.000	-29.239	-20.832
10409	1665.000	-0.256	0.136	0.050	-29.190	17.663
10425	1665.000	-0.324	-0.185	0.034	-29.207	-6.169
10441	1665.000	-0.348	-0.145	0.000	-29.027	14.545
10457	1665.000	-0.388	-0.337	0.000	-29.096	-4.649
10473	1665.000	-0.390	-0.229	0.000	-28.862	5.951
10489	1665.000	-0.317	-0.044	0.073	-28.981	-11.981
10505	1665.000	-0.368	-0.393	0.000	-29.077	-10.181
10521	1665.000	-0.395	-0.138	0.002	-29.683	14.658
10537	1665.000	-0.381	-0.514	0.000	-29.513	-21.930
10553	1665.000	-0.360	-0.340	0.000	-29.001	-5.025
10569	1665.000	-0.277	0.199	0.063	-29.193	17.766
10585	1665.000	-0.320	-0.156	0.045	-28.906	-8.962
10601	1665.000	-0.292	0.084	0.045	-28.827	14.527
10617	1665.000	-0.328	-0.521	0.000	-28.735	-23.360
10633	1665.000	-0.226	0.209	0.071	-28.732	14.332
11273	1665.000	-0.315	-0.099	0.000	-28.616	18.745
11289	1665.000	-0.349	-0.156	0.019	-28.198	2.881
11305	1665.000	-0.410	-0.523	0.000	-28.240	-24.017
11321	1665.000	-0.328	-0.081	0.043	-29.101	-0.484
11337	1665.000	-0.378	-0.210	0.000	-28.232	7.269
11353	1665.000	-0.350	-0.478	0.000	-28.503	-19.313
11369	1665.000	-0.248	0.027	0.055	-28.609	3.806
11385	1665.000	-0.155	0.792	0.180	-28.078	17.269
11401	1665.000	-0.289	0.016	0.054	-28.549	3.326
11417	1665.000	-0.344	-0.116	0.000	-28.494	16.852
11433	1665.000	-0.369	-0.232	0.001	-28.211	4.594
11449	1665.000	-0.418	-0.306	0.000	-28.078	-2.497
11465	1665.000	-0.325	-0.015	0.014	-28.373	19.741
11481	1665.000	-0.338	-0.043	0.082	-29.077	-15.979
11497	1665.000	-0.258	-0.031	0.100	-28.378	-24.438
11513	1665.000	-0.313	0.022	0.059	-28.144	0.728
11529	1665.000	-0.292	0.045	0.046	-28.547	10.179
11545	1665.000	-0.009	1.658	0.343	-28.636	22.894
11561	1665.000	-0.341	-0.001	0.028	-28.078	14.010
11577	1665.000	-0.297	0.343	0.090	-28.385	17.730
11593	1665.000	-0.338	-0.326	0.035	-28.510	-21.713
11609	1665.000	-0.149	1.002	0.227	-28.138	14.958
11625	1665.000	-0.384	-0.370	0.024	-28.989	-19.908
11641	1665.000	-0.365	-0.472	0.000	-28.275	-18.907
11657	1665.000	-0.358	-0.076	0.000	-28.438	20.816
11673	1665.000	-0.346	-0.107	0.000	-28.961	18.302
11689	1665.000	-0.228	0.171	0.058	-28.087	16.327
11705	1665.000	-0.349	-0.149	0.000	-28.554	13.653
11721	1665.000	-0.354	-0.238	0.042	-28.258	-16.466
11737	1665.000	-0.254	0.260	0.065	-28.079	21.431
11753	1665.000	-0.334	-0.256	0.023	-28.115	-9.111
11769	1665.000	-0.219	0.414	0.117	-28.635	11.264
11785	1665.000	-0.157	0.561	0.122	-28.095	23.177
11801	1665.000	-0.289	-0.319	0.018	-28.145	-12.628
11817	1665.000	-0.328	-0.250	0.040	-28.553	-16.211
11833	1665.000	-0.241	0.076	0.083	-28.091	-5.812
11849	1665.000	-0.196	0.319	0.131	-28.340	-5.486
11865	1665.000	-0.237	0.272	0.143	-28.293	-16.156
11881	1665.000	-0.305	-0.179	0.000	-28.343	10.404
12521	1665.000	-0.207	0.172	0.054	-22.916	13.177
12537	1665.000	-0.206	0.241	0.056	-22.774	19.040
12553	1665.000	-0.207	0.140	0.064	-22.909	4.817
12569	1665.000	-0.270	-0.195	0.000	-23.008	3.513
12585	1665.000	-0.197	0.111	0.103	-22.787	-17.790
12601	1665.000	-0.283	-0.348	0.000	-22.890	-11.919
12617	1665.000	-0.318	-0.136	0.000	-22.685	9.083
12633	1665.000	-0.347	-0.428	0.000	-22.539	-20.243
12649	1665.000	-0.264	-0.322	0.000	-22.860	-9.299
12665	1665.000	-0.227	0.015	0.000	-22.539	24.070
12681	1665.000	-0.241	-0.230	0.000	-22.541	-0.417
12697	1665.000	-0.222	-0.246	0.000	-23.052	-1.553
12713	1665.000	-0.231	-0.214	0.000	-22.539	1.117
12729	1665.000	-0.191	0.252	0.066	-22.539	14.624
12745	1665.000	-0.257	-0.289	0.000	-22.609	-6.268
12761	1665.000	-0.257	0.140	0.059	-23.022	7.617
12777	1665.000	-0.347	-0.258	0.000	-22.539	-3.258
12793	1665.000	-0.179	0.267	0.066	-22.541	16.247
12809	1665.000	-0.269	-0.183	0.036	-23.203	-13.294
12825	1665.000	-0.315	-0.435	0.000	-22.551	-20.994
12841	1665.000	-0.231	0.266	0.084	-22.701	7.256
12857	1665.000	-0.344	-0.166	0.000	-23.096	6.528
12873	1665.000	-0.294	-0.055	0.027	-22.687	3.606
12889	1665.000	-0.296	-0.183	0.000	-22.978	4.656
12905	1665.000	-0.258	-0.414	0.000	-22.896	-18.535
12921	1665.000	-0.207	0.208	0.064	-22.777	11.712
12937	1665.000	-0.259	0.031	0.017	-22.676	17.208
12953	1665.000	-0.249	-0.091	0.041	-22.980	-6.690
12969	1665.000	-0.301	-0.309	0.000	-22.729	-8.166
12985	1665.000	-0.016	1.351	0.340	-22.545	-12.412
13001	1665.000	-0.222	-0.012	0.000	-23.015	21.836
13017	1665.000	-0.301	-0.450	0.000	-23.137	-21.887
13033	1665.000	-0.100	1.020	0.271	-22.627	-11.015
13049	1665.000	-0.235	0.187	0.062	-22.543	10.315
13065	1665.000	-0.235	-0.166	0.014	-22.858	-0.683
13081	1665.000	-0.204	-0.011	0.069	-22.706	-13.130
13097	1665.000	-0.287	-0.374	0.000	-22.984	-14.462
13113	1665.000	-0.304	-0.293	0.000	-22.708	-6.622
13129	1665.000	-0.049	1.226	0.262	-23.116	14.956
13769	1665.000	1.321	3.874	0.000	-135.540	22.896
13785	1665.000	-0.972	-1.483	0.000	-129.660	-18.659
13801	1665.000	-0.973	-1.209	0.000	-124.981	4.077
13817	1665.000	-0.961	-1.434	0.000	-123.918	-19.530
13833	1665.000	-1.001	-1.571	0.000	-132.464	-24.625
13849	1665.000	-0.991	-1.368	0.000	-122.326	-14.496
13865	1665.000	-1.005	-1.422	0.000	-121.509	-20.740
13881	1665.000	-0.924	-0.989	0.000	-121.502	22.643
13897	1665.000	-0.989	-1.449	0.000	-121.496	-23.407
13913	1665.000	-0.820	-1.429	0.000	-121.540	-21.396
13929	1665.000	-0.951	-1.111	0.033	-123.898	-3.675
13945	1665.000	-0.934	-1.265	0.000	-121.496	-5.040
13961	1665.000	-0.983	-1.365	0.000	-123.256	-13.287
13977	1665.000	-1.020	-1.245	0.000	-138.906	14.429
13993	1665.000	-0.971	-1.141	0.000	-122.846	8.750
14009	1665.000	-0.999	-1.404	0.000	-121.496	-18.945
14025	1665.000	-0.825	-0.583	0.100	-125.572	17.430
14041	1665.000	-0.902	-1.456	0.000	-121.512	-24.103
14057	1665.000	-0.959	-1.394	0.000	-125.559	-13.859
14073	1665.000	-0.982	-1.431	0.000	-131.565	-11.509
14089	1665.000	-1.011	-1.252	0.000	-125.559	0.399
14105	1665.000	-0.926	-1.283	0.000	-121.502	-6.832
14121	1665.000	-0.977	-1.259	0.000	-134.027	8.123
14137	1665.000	-0.922	-1.054	0.078	-122.652	-21.788
14153	1665.000	-0.878	-1.078	0.075	-130.050	-14.978
14169	1665.000	-0.918	-1.206	0.000	-122.095	1.469
14185	1665.000	-1.025	-1.379	0.000	-123.491	-14.369
14201	1665.000	-0.865	-1.087	0.000	-121.496	12.779
14217	1665.000	-0.550	-1.001	0.000	-122.093	21.990
14233	1665.000	-0.925	-1.441	0.000	-121.496	-22.557
14249	1665.000	-0.926	-0.902	0.076	-123.766	-4.574
14265	1665.000	-0.892	-1.130	0.000	-130.627	17.584
14281	1665.000	-0.967	-1.138	0.000	-121.496	7.667
14297	1665.000	-1.066	-1.484	0.000	-136.888	-11.486
14313	1665.000	-0.932	-1.128	0.000	-134.379	21.580
14329	1665.000	-0.922	-1.080	0.000	-130.071	22.024
14345	1665.000	-0.981	-1.619	0.000	-137.432	-24.452
14361	1665.000	-0.935	-1.027	0.000	-126.702	23.957
14377	1665.000	-0.984	-1.342	0.041	-134.107	-20.726
