# NEST version: 3.6.0-post0.dev0
# RecordingBackendASCII version: 2
sender	time_ms	V_m	I_tot	I_exc	I_inh	I_noise
8	1662.000	-1.009	-0.713	0.000	-82.601	11.298
24	1662.000	-1.031	-0.999	0.000	-78.572	-21.317
40	1662.000	-0.858	-0.691	0.000	-82.021	12.959
56	1662.000	-1.003	-0.662	0.000	-81.419	15.170
72	1662.000	-0.946	-0.556	0.000	-78.555	22.979
88	1662.000	-1.010	-0.906	0.000	-79.020	-11.579
104	1662.000	-1.020	-0.731	0.000	-80.191	7.070
120	1662.000	-1.009	-0.940	0.000	-79.219	-14.802
136	1662.000	-0.919	-0.943	0.000	-78.639	-15.706
152	1662.000	-0.543	-0.926	0.000	-78.555	-14.016
168	1662.000	-0.787	-0.719	0.000	-82.097	10.213
184	1662.000	-0.979	-0.872	0.000	-78.601	-8.568
200	1662.000	-1.017	-0.793	0.000	-80.169	0.862
216	1662.000	-0.963	-0.647	0.000	-79.571	14.888
232	1662.000	-1.006	-0.756	0.000	-78.572	2.929
248	1662.000	-0.973	-0.789	0.000	-78.555	-0.348
264	1662.000	-0.978	-0.988	0.000	-78.555	-20.212
280	1662.000	-0.978	-1.018	0.000	-78.555	-23.242
296	1662.000	-1.003	-0.933	0.000	-78.555	-14.719
312	1662.000	-1.012	-0.806	0.000	-78.564	-2.039
328	1662.000	-0.977	-0.805	0.000	-79.367	-1.086
344	1662.000	-1.024	-1.009	0.000	-78.572	-22.346
360	1662.000	-1.028	-0.855	0.000	-80.725	-4.811
376	1662.000	-0.896	-0.821	0.000	-79.149	-2.998
392	1662.000	-0.982	-0.838	0.000	-79.545	-4.268
408	1662.000	-0.970	-0.903	0.000	-79.346	-10.926
424	1662.000	-1.007	-0.736	0.000	-78.565	4.941
440	1662.000	-0.981	-0.907	0.000	-81.381	-9.311
456	1662.000	-1.016	-0.855	0.000	-78.555	-6.956
472	1662.000	-0.613	-0.831	0.000	-79.395	-3.717
488	1662.000	-0.958	-0.540	0.000	-78.601	24.614
504	1662.000	-1.002	-0.989	0.000	-79.369	-19.551
520	1662.000	-0.961	-1.033	0.000	-78.565	-24.782
536	1662.000	-0.994	-0.834	0.000	-79.245	-4.192
552	1662.000	-0.979	-0.834	0.000	-78.613	-4.806
568	1662.000	-0.932	-0.653	0.000	-78.555	13.287
584	1662.000	-1.060	-0.857	0.000	-82.216	-3.490
600	1662.000	-1.008	-0.677	0.000	-78.624	10.916
616	1662.000	-1.035	-0.875	0.000	-81.829	-5.720
1256	1662.000	-0.228	-0.303	0.000	-24.792	-5.513
1272	1662.000	-0.381	-0.322	0.000	-24.867	-7.324
1288	1662.000	-0.306	-0.191	0.000	-24.843	5.769
1304	1662.000	-0.331	-0.325	0.000	-24.649	-7.825
1320	1662.000	-0.381	-0.422	0.000	-25.183	-17.030
1336	1662.000	-0.301	-0.450	0.000	-24.948	-20.098
1352	1662.000	-0.329	-0.449	0.000	-24.760	-20.111
1368	1662.000	-0.292	-0.235	0.000	-24.715	1.243
1384	1662.000	-0.338	-0.007	0.000	-24.565	23.841
1400	1662.000	-0.290	-0.278	0.000	-24.854	-2.994
1416	1662.000	-0.305	-0.381	0.000	-24.646	-13.495
1432	1662.000	-0.268	-0.052	0.000	-24.758	19.545
1448	1662.000	-0.292	-0.014	0.000	-24.991	23.558
1464	1662.000	-0.244	-0.139	0.000	-24.937	11.059
1480	1662.000	-0.354	-0.460	0.000	-24.597	-21.374
1496	1662.000	-0.293	-0.139	0.000	-24.562	10.671
1512	1662.000	-0.298	-0.336	0.000	-24.563	-9.086
1528	1662.000	-0.393	-0.452	0.000	-24.564	-20.641
1544	1662.000	-0.310	-0.307	0.000	-24.767	-5.916
1560	1662.000	-0.327	-0.269	0.000	-24.842	-2.100
1576	1662.000	-0.332	-0.457	0.000	-25.250	-20.471
1592	1662.000	-0.333	-0.404	0.000	-24.780	-15.577
1608	1662.000	-0.299	-0.057	0.000	-24.570	18.919
1624	1662.000	-0.259	-0.138	0.000	-24.686	10.926
1640	1662.000	-0.315	-0.429	0.000	-25.106	-17.832
1656	1662.000	-0.321	-0.280	0.000	-24.655	-3.355
1672	1662.000	-0.260	-0.010	0.000	-24.774	23.821
1688	1662.000	-0.360	-0.358	0.000	-24.979	-10.862
1704	1662.000	-0.296	-0.234	0.000	-24.567	1.204
1720	1662.000	-0.293	-0.094	0.000	-24.981	15.623
1736	1662.000	-0.346	-0.400	0.000	-24.651	-15.395
1752	1662.000	-0.341	-0.058	0.000	-24.792	19.027
1768	1662.000	-0.365	-0.276	0.000	-24.816	-2.762
1784	1662.000	-0.336	-0.417	0.000	-24.563	-17.181
1800	1662.000	-0.362	-0.328	0.000	-25.184	-7.573
1816	1662.000	-0.345	-0.225	0.000	-25.630	3.129
1832	1662.000	-0.299	-0.010	0.000	-24.735	23.736
1848	1662.000	-0.272	-0.408	0.000	-25.528	-15.283
1864	1662.000	-0.306	-0.298	0.000	-25.089	-4.739
2504	1662.000	-0.416	-0.112	0.000	-33.522	22.371
2520	1662.000	-0.425	-0.438	0.000	-33.808	-9.990
2536	1662.000	-0.423	-0.450	0.000	-33.424	-11.599
2552	1662.000	-0.483	-0.503	0.000	-34.384	-15.912
2568	1662.000	-0.392	-0.193	0.000	-33.596	14.325
2584	1662.000	-0.422	-0.456	0.000	-32.894	-12.695
2600	1662.000	-0.403	-0.098	0.000	-33.263	23.433
2616	1662.000	-0.410	-0.441	0.000	-33.584	-10.529
2632	1662.000	-0.379	-0.378	0.000	-33.254	-4.505
2648	1662.000	-0.442	-0.300	0.000	-33.094	3.086
2664	1662.000	-0.414	-0.090	0.000	-33.687	24.736
2680	1662.000	-0.440	-0.458	0.000	-33.007	-12.823
2696	1662.000	-0.508	-0.563	0.000	-33.361	-22.934
2712	1662.000	-0.370	-0.161	0.000	-33.337	17.267
2728	1662.000	-0.388	-0.318	0.000	-32.893	1.044
2744	1662.000	-0.426	-0.091	0.000	-32.982	23.879
2760	1662.000	-0.449	-0.089	0.000	-33.272	24.362
2776	1662.000	-0.454	-0.435	0.000	-33.201	-10.292
2792	1662.000	-0.390	-0.092	0.000	-32.896	23.717
2808	1662.000	-0.434	-0.446	0.000	-32.997	-11.598
2824	1662.000	-0.447	-0.271	0.000	-33.200	6.100
2840	1662.000	-0.382	-0.353	0.000	-33.227	-2.032
2856	1662.000	-0.446	-0.351	0.000	-33.180	-1.933
2872	1662.000	-0.484	-0.440	0.000	-33.247	-10.712
2888	1662.000	-0.468	-0.492	0.000	-33.904	-15.333
2904	1662.000	-0.405	-0.127	0.000	-33.011	20.345
2920	1662.000	-0.412	-0.342	0.000	-33.083	-1.115
2936	1662.000	-0.360	-0.144	0.000	-33.978	19.548
2952	1662.000	-0.404	-0.167	0.000	-32.992	16.268
2968	1662.000	-0.395	-0.086	0.000	-33.337	24.715
2984	1662.000	-0.367	-0.338	0.000	-33.953	0.162
3000	1662.000	-0.383	-0.156	0.000	-32.893	17.286
3016	1662.000	-0.376	-0.503	0.000	-33.085	-17.259
3032	1662.000	-0.403	-0.280	0.000	-32.974	4.935
3048	1662.000	-0.469	-0.281	0.000	-33.103	5.036
3064	1662.000	-0.420	-0.414	0.000	-33.487	-7.881
3080	1662.000	-0.471	-0.497	0.000	-33.691	-16.042
3096	1662.000	-0.437	-0.362	0.000	-33.755	-2.457
3112	1662.000	-0.422	-0.474	0.000	-33.924	-13.452
3128	1662.000	-0.386	-0.104	0.000	-33.617	23.253
3768	1662.000	-0.436	-0.102	0.000	-32.991	22.770
3784	1662.000	-0.391	-0.374	0.000	-32.848	-4.565
3800	1662.000	-0.424	-0.538	0.000	-32.746	-21.097
3816	1662.000	-0.401	-0.187	0.000	-32.790	14.117
3832	1662.000	-0.356	-0.423	0.000	-32.598	-9.715
3848	1662.000	-0.334	-0.228	0.000	-32.651	9.889
3864	1662.000	-0.397	-0.477	0.000	-33.136	-14.600
3880	1662.000	-0.454	-0.575	0.000	-32.795	-24.727
3896	1662.000	-0.426	-0.332	0.000	-33.042	-0.118
3912	1662.000	-0.497	-0.471	0.000	-32.948	-14.107
3928	1662.000	-0.454	-0.379	0.000	-32.612	-5.276
3944	1662.000	-0.347	-0.280	0.000	-33.092	5.135
3960	1662.000	-0.413	-0.244	0.000	-32.956	8.596
3976	1662.000	-0.440	-0.266	0.000	-33.112	6.526
3992	1662.000	-0.427	-0.269	0.000	-33.007	6.082
4008	1662.000	-0.410	-0.212	0.000	-32.719	11.559
4024	1662.000	-0.434	-0.531	0.000	-32.852	-20.260
4040	1662.000	-0.379	-0.396	0.000	-33.022	-6.622
4056	1662.000	-0.410	-0.224	0.000	-32.746	10.361
4072	1662.000	-0.412	-0.255	0.000	-33.389	7.877
4088	1662.000	-0.414	-0.264	0.000	-32.998	6.627
4104	1662.000	-0.384	-0.367	0.000	-32.785	-3.888
4120	1662.000	-0.459	-0.422	0.000	-33.384	-8.823
4136	1662.000	-0.472	-0.495	0.000	-33.104	-16.390
4152	1662.000	-0.395	-0.451	0.000	-32.692	-12.386
4168	1662.000	-0.462	-0.295	0.000	-33.066	3.549
4184	1662.000	-0.403	-0.402	0.000	-32.522	-7.666
4200	1662.000	-0.404	-0.195	0.000	-33.216	13.746
4216	1662.000	-0.395	-0.134	0.000	-33.037	19.645
4232	1662.000	-0.388	-0.257	0.000	-32.618	6.930
4248	1662.000	-0.445	-0.361	0.000	-33.728	-2.416
4264	1662.000	-0.429	-0.179	0.000	-32.732	14.848
4280	1662.000	-0.358	-0.197	0.000	-32.580	12.875
4296	1662.000	-0.415	-0.240	0.000	-32.967	8.945
4312	1662.000	-0.401	-0.349	0.000	-32.943	-1.987
4328	1662.000	-0.402	-0.466	0.000	-32.460	-14.148
4344	1662.000	-0.385	-0.306	0.000	-32.933	2.331
4360	1662.000	-0.415	-0.248	0.000	-33.050	8.249
4376	1662.000	-0.381	-0.228	0.000	-32.459	9.672
5016	1662.000	-0.284	-0.082	0.000	-23.666	15.446
5032	1662.000	-0.303	-0.181	0.000	-23.532	5.412
5048	1662.000	-0.272	-0.219	0.000	-23.665	1.737
5064	1662.000	-0.291	-0.355	0.000	-23.709	-11.782
5080	1662.000	-0.344	-0.365	0.000	-23.476	-12.993
5096	1662.000	-0.266	0.010	0.000	-23.595	24.631
5112	1662.000	-0.278	-0.197	0.000	-23.936	4.231
5128	1662.000	-0.239	-0.349	0.000	-23.741	-11.171
5144	1662.000	-0.221	-0.001	0.000	-23.883	23.749
5160	1662.000	-0.266	-0.424	0.000	-23.566	-18.849
5176	1662.000	-0.371	-0.466	0.000	-23.813	-22.759
5192	1662.000	-0.286	-0.269	0.000	-23.712	-3.208
5208	1662.000	-0.266	-0.120	0.000	-23.700	11.697
5224	1662.000	-0.306	-0.417	0.000	-24.179	-17.528
5240	1662.000	-0.326	-0.087	0.000	-24.094	15.382
5256	1662.000	-0.297	-0.062	0.000	-23.610	17.376
5272	1662.000	-0.290	-0.447	0.000	-24.182	-20.556
5288	1662.000	-0.312	-0.409	0.000	-23.791	-17.153
5304	1662.000	-0.339	-0.140	0.000	-23.823	9.781
5320	1662.000	-0.265	-0.430	0.000	-23.881	-19.129
5336	1662.000	-0.276	-0.098	0.000	-23.442	13.677
5352	1662.000	-0.336	-0.483	0.000	-24.572	-23.735
5368	1662.000	-0.333	-0.378	0.000	-23.922	-13.920
5384	1662.000	-0.254	-0.024	0.000	-23.435	21.065
5400	1662.000	-0.291	-0.202	0.000	-24.451	4.224
5416	1662.000	-0.284	-0.007	0.000	-23.559	22.886
5432	1662.000	-0.302	-0.394	0.000	-23.425	-15.932
5448	1662.000	-0.283	-0.182	0.000	-23.608	5.426
5464	1662.000	-0.323	-0.392	0.000	-23.562	-15.646
5480	1662.000	-0.318	-0.036	0.000	-23.591	20.021
5496	1662.000	-0.332	-0.160	0.000	-23.430	7.390
5512	1662.000	-0.352	-0.115	0.000	-23.426	11.963
5528	1662.000	-0.262	-0.096	0.000	-23.810	14.254
5544	1662.000	-0.286	-0.364	0.000	-23.467	-12.884
5560	1662.000	-0.293	-0.261	0.000	-23.430	-2.709
5576	1662.000	-0.287	-0.068	0.000	-23.726	16.906
5592	1662.000	-0.278	-0.096	0.000	-23.672	14.077
5608	1662.000	-0.329	-0.191	0.000	-23.621	4.503
5624	1662.000	-0.277	-0.358	0.000	-23.467	-12.361
6264	1662.000	-1.025	-0.771	0.000	-81.366	4.236
6280	1662.000	-0.988	-0.875	0.000	-81.363	-6.118
6296	1662.000	-0.800	-0.576	0.000	-81.339	23.784
6312	1662.000	-0.993	-0.853	0.000	-81.335	-3.960
6328	1662.000	-0.951	-0.699	0.000	-81.316	11.383
6344	1662.000	-1.070	-1.014	0.000	-83.398	-18.047
6360	1662.000	-0.993	-0.608	0.000	-81.316	20.510
6376	1662.000	-1.044	-0.792	0.000	-81.317	2.149
6392	1662.000	-1.084	-1.036	0.000	-82.850	-20.776
6408	1662.000	-1.096	-1.013	0.000	-84.429	-16.833
6424	1662.000	-1.068	-1.018	0.000	-81.318	-20.518
6440	1662.000	-0.978	-0.647	0.000	-83.371	18.681
6456	1662.000	-0.920	-0.872	0.000	-83.402	-3.811
6472	1662.000	-0.966	-0.609	0.000	-82.088	21.232
6488	1662.000	-1.009	-0.610	0.000	-82.050	21.076
6504	1662.000	-1.062	-1.038	0.000	-81.375	-22.397
6520	1662.000	-1.010	-0.810	0.000	-82.090	1.055
6536	1662.000	-1.011	-0.797	0.000	-81.333	1.592
6552	1662.000	-1.044	-0.903	0.000	-82.292	-8.024
6568	1662.000	-1.045	-0.652	0.000	-81.344	16.178
6584	1662.000	-1.060	-1.019	0.000	-83.168	-18.720
6600	1662.000	-1.054	-1.065	0.000	-84.148	-22.380
6616	1662.000	-1.038	-0.861	0.000	-83.370	-2.714
6632	1662.000	-1.025	-0.755	0.000	-82.738	7.279
6648	1662.000	-0.780	-0.741	0.000	-82.044	7.971
6664	1662.000	-0.992	-0.690	0.000	-82.127	13.078
6680	1662.000	-1.036	-0.770	0.000	-83.417	6.401
6696	1662.000	-1.018	-1.028	0.000	-81.344	-21.431
6712	1662.000	-1.030	-0.840	0.000	-81.391	-2.564
6728	1662.000	-1.046	-0.883	0.000	-84.110	-4.204
6744	1662.000	-0.996	-0.792	0.000	-81.316	2.140
6760	1662.000	-1.031	-0.956	0.000	-81.317	-14.297
6776	1662.000	-0.956	-0.654	0.000	-83.383	18.004
6792	1662.000	-0.682	-0.882	0.000	-82.178	-6.067
6808	1662.000	-0.995	-0.698	0.000	-81.317	11.472
6824	1662.000	-1.102	-1.070	0.000	-83.413	-23.617
6840	1662.000	-0.995	-1.057	0.000	-81.326	-24.340
6856	1662.000	-1.006	-0.733	0.000	-81.338	8.069
6872	1662.000	-1.041	-0.997	0.000	-82.141	-17.546
7512	1662.000	-0.979	-0.935	0.000	-78.502	-15.043
7528	1662.000	-0.994	-0.998	0.000	-78.482	-21.278
7544	1662.000	-0.949	-0.895	0.000	-78.479	-10.991
7560	1662.000	-0.995	-0.688	0.000	-79.193	10.409
7576	1662.000	-0.959	-0.715	0.000	-79.831	8.299
7592	1662.000	-0.977	-0.629	0.000	-78.436	15.578
7608	1662.000	-0.958	-1.060	0.000	-81.051	-24.955
7624	1662.000	-0.972	-0.791	0.000	-79.831	0.758
7640	1662.000	-1.011	-0.818	0.000	-79.568	-2.224
7656	1662.000	-0.967	-0.794	0.000	-78.823	-0.615
7672	1662.000	-0.993	-0.734	0.000	-79.231	5.879
7688	1662.000	-1.025	-0.867	0.000	-81.925	-4.811
7704	1662.000	-1.002	-0.536	0.000	-78.540	24.935
7720	1662.000	-0.656	-0.760	0.000	-78.491	2.442
7736	1662.000	-0.977	-0.784	0.000	-78.436	0.067
7752	1662.000	-1.026	-0.839	0.000	-80.476	-3.415
7768	1662.000	-0.988	-0.932	0.000	-78.550	-14.640
7784	1662.000	-1.003	-0.634	0.000	-78.436	15.059
7800	1662.000	-1.016	-0.646	0.000	-80.380	15.822
7816	1662.000	-0.933	-1.009	0.000	-78.500	-22.447
7832	1662.000	-1.039	-0.672	0.000	-78.436	11.265
7848	1662.000	-0.965	-0.663	0.000	-82.638	16.330
7864	1662.000	-0.922	-0.769	0.000	-78.445	1.591
7880	1662.000	-1.000	-0.698	0.000	-78.436	8.611
7896	1662.000	-1.081	-0.585	0.000	-82.462	23.976
7912	1662.000	-1.052	-0.957	0.000	-80.435	-15.235
7928	1662.000	-0.953	-0.540	0.000	-78.453	24.474
7944	1662.000	-0.491	4.076	1.000	-79.107	-13.268
7960	1662.000	-1.009	-0.971	0.000	-80.117	-16.963
7976	1662.000	-0.954	-0.845	0.000	-80.137	-4.378
7992	1662.000	-0.981	-0.920	0.000	-79.345	-12.645
8008	1662.000	-0.596	-0.747	0.000	-78.472	3.784
8024	1662.000	-0.907	-0.605	0.000	-78.467	17.972
8040	1662.000	-1.018	-0.666	0.000	-80.155	13.507
8056	1662.000	-0.983	-0.748	0.000	-78.458	3.687
8072	1662.000	-0.711	-0.816	0.000	-80.029	-1.571
8088	1662.000	-0.996	-0.924	0.000	-78.481	-13.912
8104	1662.000	-1.007	-0.967	0.000	-78.494	-18.201
8120	1662.000	-0.942	-0.707	0.000	-78.456	7.722
8776	1662.000	-0.281	-0.300	0.000	-27.624	-2.334
8792	1662.000	-0.344	-0.383	0.000	-27.522	-10.761
8808	1662.000	-0.401	-0.307	0.000	-27.424	-3.257
8824	1662.000	-0.373	-0.054	0.000	-27.810	22.399
8840	1662.000	-0.417	-0.435	0.000	-27.822	-15.701
8856	1662.000	-0.337	-0.083	0.000	-27.173	18.907
8872	1662.000	-0.358	-0.229	0.000	-27.786	4.905
8888	1662.000	-0.374	-0.431	0.000	-27.380	-15.735
8904	1662.000	-0.386	-0.403	0.000	-27.335	-12.981
8920	1662.000	-0.349	-0.300	0.000	-27.521	-2.446
8936	1662.000	-0.372	-0.255	0.000	-27.419	1.881
8952	1662.000	-0.305	-0.274	0.000	-27.343	-0.083
8968	1662.000	-0.395	-0.310	0.000	-27.532	-3.492
8984	1662.000	-0.358	-0.470	0.000	-27.476	-19.548
9000	1662.000	-0.301	-0.039	0.000	-27.955	24.032
9016	1662.000	-0.394	-0.415	0.000	-28.249	-13.237
9032	1662.000	-0.252	-0.034	0.000	-28.210	24.764
9048	1662.000	-0.309	-0.354	0.000	-28.262	-7.109
9064	1662.000	-0.369	-0.034	0.000	-27.456	24.057
9080	1662.000	-0.322	-0.274	0.000	-27.470	0.107
9096	1662.000	-0.412	-0.133	0.000	-27.914	14.661
9112	1662.000	-0.360	-0.471	0.000	-27.175	-19.907
9128	1662.000	-0.378	-0.287	0.000	-27.173	-1.540
9144	1662.000	-0.375	-0.117	0.000	-28.012	16.331
9160	1662.000	-0.363	-0.478	0.000	-27.258	-20.512
9176	1662.000	-0.350	-0.442	0.000	-27.465	-16.762
9192	1662.000	-0.415	-0.316	0.000	-27.308	-4.284
9208	1662.000	-0.338	-0.064	0.000	-27.403	21.032
9224	1662.000	-0.320	-0.324	0.000	-27.497	-4.940
9240	1662.000	-0.297	-0.190	0.000	-27.175	8.155
9256	1662.000	-0.357	-0.511	0.000	-27.173	-23.933
9272	1662.000	-0.317	-0.309	0.000	-27.472	-3.411
9288	1662.000	-0.308	-0.225	0.000	-27.272	4.788
9304	1662.000	-0.337	-0.506	0.000	-27.482	-23.147
9320	1662.000	-0.349	-0.054	0.000	-27.334	21.932
9336	1662.000	-0.310	-0.038	0.000	-27.657	23.903
9352	1662.000	-0.290	-0.459	0.000	-27.482	-18.411
9368	1662.000	-0.403	-0.395	0.000	-27.339	-12.155
9384	1662.000	-0.340	-0.139	0.000	-27.615	13.733
10024	1662.000	-0.450	-0.438	0.000	-32.565	-11.231
10040	1662.000	-0.423	-0.139	0.000	-32.651	18.711
10056	1662.000	-0.435	-0.532	0.000	-32.566	-20.610
10072	1662.000	-0.437	-0.401	0.000	-32.961	-7.117
10088	1662.000	-0.401	-0.213	0.000	-32.984	11.722
10104	1662.000	-0.417	-0.487	0.000	-32.640	-16.020
10120	1662.000	-0.407	-0.171	0.000	-33.584	16.533
10136	1662.000	-0.403	-0.206	0.000	-32.891	12.253
10152	1662.000	-0.364	-0.316	0.000	-33.208	1.647
10168	1662.000	-0.425	-0.248	0.000	-32.724	7.947
10184	1662.000	-0.371	-0.250	0.000	-32.596	7.645
10200	1662.000	-0.445	-0.459	0.000	-32.742	-13.198
10216	1662.000	-0.382	-0.273	0.000	-33.024	5.679
10232	1662.000	-0.425	-0.190	0.000	-32.554	13.557
10248	1662.000	-0.431	-0.502	0.000	-32.771	-17.393
10264	1662.000	-0.399	-0.120	0.000	-32.957	20.920
10280	1662.000	-0.464	-0.536	0.000	-33.241	-20.369
10296	1662.000	-0.445	-0.365	0.000	-32.716	-3.762
10312	1662.000	-0.398	-0.215	0.000	-33.220	11.671
10328	1662.000	-0.390	-0.248	0.000	-33.272	8.470
10344	1662.000	-0.445	-0.550	0.000	-33.493	-21.498
10360	1662.000	-0.487	-0.446	0.000	-33.922	-10.691
10376	1662.000	-0.432	-0.340	0.000	-33.473	-0.483
10392	1662.000	-0.390	-0.455	0.000	-33.086	-12.370
10408	1662.000	-0.409	-0.107	0.000	-33.111	22.370
10424	1662.000	-0.424	-0.091	0.000	-33.219	24.093
10440	1662.000	-0.435	-0.345	0.000	-32.845	-1.689
10456	1662.000	-0.382	-0.333	0.000	-33.025	-0.256
10472	1662.000	-0.409	-0.343	0.000	-33.025	-1.294
10488	1662.000	-0.393	-0.384	0.000	-33.284	-5.125
10504	1662.000	-0.419	-0.557	0.000	-32.984	-22.721
10520	1662.000	-0.413	-0.374	0.000	-34.029	-3.327
10536	1662.000	-0.457	-0.303	0.000	-33.716	3.388
10552	1662.000	-0.369	-0.331	0.000	-32.771	-0.338
10568	1662.000	-0.409	-0.369	0.000	-32.892	-4.057
10584	1662.000	-0.404	-0.491	0.000	-32.558	-16.495
10600	1662.000	-0.468	-0.401	0.000	-32.566	-7.565
10616	1662.000	-0.437	-0.433	0.000	-32.565	-10.755
10632	1662.000	-0.392	-0.213	0.000	-32.596	11.327
11272	1662.000	-0.409	-0.292	0.000	-32.979	3.749
11288	1662.000	-0.418	-0.220	0.000	-32.157	10.203
11304	1662.000	-0.411	-0.378	0.000	-32.508	-5.246
11320	1662.000	-0.375	-0.088	0.000	-33.140	24.381
11336	1662.000	-0.401	-0.232	0.000	-31.979	8.748
11352	1662.000	-0.392	-0.080	0.000	-32.640	24.636
11368	1662.000	-0.427	-0.207	0.000	-32.634	11.907
11384	1662.000	-0.371	-0.106	0.000	-31.817	21.208
11400	1662.000	-0.381	-0.181	0.000	-32.273	14.183
11416	1662.000	-0.337	-0.365	0.000	-32.503	-4.023
11432	1662.000	-0.452	-0.282	0.000	-32.237	4.076
11448	1662.000	-0.377	-0.476	0.000	-31.921	-15.663
11464	1662.000	-0.454	-0.305	0.000	-32.276	1.822
11480	1662.000	-0.371	-0.123	0.000	-33.331	21.043
11496	1662.000	-0.347	-0.104	0.000	-32.302	21.950
11512	1662.000	-0.388	-0.241	0.000	-31.979	7.833
11528	1662.000	-0.392	-0.180	0.000	-32.301	14.257
11544	1662.000	-0.392	-0.254	0.000	-32.392	7.011
11560	1662.000	-0.416	-0.434	0.000	-31.857	-11.534
11576	1662.000	-0.451	-0.414	0.000	-32.388	-9.044
11592	1662.000	-0.471	-0.391	0.000	-32.441	-6.678
11608	1662.000	-0.393	-0.240	0.000	-31.900	7.911
11624	1662.000	-0.455	-0.554	0.000	-33.262	-22.097
11640	1662.000	-0.398	-0.086	0.000	-32.022	23.437
11656	1662.000	-0.387	-0.095	0.000	-32.469	22.997
11672	1662.000	-0.399	-0.482	0.000	-32.743	-15.501
11688	1662.000	-0.354	-0.098	0.000	-31.823	22.007
11704	1662.000	-0.416	-0.158	0.000	-32.226	16.384
11720	1662.000	-0.415	-0.221	0.000	-32.174	10.107
11736	1662.000	-0.499	-0.489	0.000	-31.819	-17.124
11752	1662.000	-0.395	-0.190	0.000	-31.817	12.810
11768	1662.000	-0.430	-0.482	0.000	-32.688	-15.536
11784	1662.000	-0.356	-0.259	0.000	-31.843	5.977
11800	1662.000	-0.459	-0.552	0.000	-31.832	-23.319
11816	1662.000	-0.377	-0.516	0.000	-32.369	-19.219
11832	1662.000	-0.353	-0.313	0.000	-31.916	0.618
11848	1662.000	-0.412	-0.152	0.000	-32.390	17.159
11864	1662.000	-0.412	-0.287	0.000	-32.157	3.476
11880	1662.000	-0.379	-0.411	0.000	-32.450	-8.641
12520	1662.000	-0.347	-0.262	0.000	-26.144	-0.047
12536	1662.000	-0.342	-0.422	0.000	-25.844	-16.359
12552	1662.000	-0.423	-0.463	0.000	-26.168	-20.107
12568	1662.000	-0.339	-0.263	0.000	-25.935	-0.408
12584	1662.000	-0.348	-0.436	0.000	-25.623	-18.006
12600	1662.000	-0.329	-0.460	0.000	-25.892	-20.152
12616	1662.000	-0.358	-0.246	0.000	-25.832	1.273
12632	1662.000	-0.348	-0.420	0.000	-25.540	-16.475
12648	1662.000	-0.346	-0.485	0.000	-26.135	-22.317
12664	1662.000	-0.318	-0.282	0.000	-25.540	-2.633
12680	1662.000	-0.341	-0.145	0.000	-25.540	11.050
12696	1662.000	-0.361	-0.362	0.000	-26.263	-9.951
12712	1662.000	-0.290	-0.470	0.000	-25.540	-21.418
12728	1662.000	-0.346	-0.313	0.000	-25.540	-5.776
12744	1662.000	-0.297	-0.404	0.000	-25.590	-14.859
12760	1662.000	-0.338	-0.322	0.000	-26.066	-6.119
12776	1662.000	-0.358	-0.423	0.000	-25.540	-16.765
12792	1662.000	-0.261	-0.062	0.000	-25.545	19.307
12808	1662.000	-0.325	-0.027	0.000	-26.384	23.704
12824	1662.000	-0.309	-0.149	0.000	-25.559	10.652
12840	1662.000	-0.365	-0.065	0.000	-25.985	19.533
12856	1662.000	-0.348	-0.442	0.000	-26.362	-17.822
12872	1662.000	-0.375	-0.474	0.000	-25.731	-21.673
12888	1662.000	-0.340	-0.284	0.000	-25.927	-2.470
12904	1662.000	-0.352	-0.060	0.000	-25.839	19.845
12920	1662.000	-0.286	-0.263	0.000	-25.644	-0.644
12936	1662.000	-0.323	-0.311	0.000	-25.560	-5.532
12952	1662.000	-0.351	-0.423	0.000	-26.049	-16.260
12968	1662.000	-0.293	-0.399	0.000	-25.983	-13.874
12984	1662.000	-0.322	-0.316	0.000	-25.542	-6.077
13000	1662.000	-0.350	-0.488	0.000	-25.834	-23.007
13016	1662.000	-0.321	-0.430	0.000	-26.398	-16.593
13032	1662.000	-0.374	-0.477	0.000	-25.781	-21.933
13048	1662.000	-0.346	-0.049	0.000	-25.586	20.667
13064	1662.000	-0.339	-0.378	0.000	-25.833	-11.984
13080	1662.000	-0.342	-0.104	0.000	-25.993	15.592
13096	1662.000	-0.256	-0.182	0.000	-26.365	8.147
13112	1662.000	-0.344	-0.279	0.000	-25.829	-2.090
13128	1662.000	-0.336	-0.409	0.000	-26.682	-14.219
13768	1662.000	-1.015	-0.777	0.000	-80.583	2.843
13784	1662.000	-1.003	-0.917	0.000	-80.602	-11.119
13800	1662.000	-1.050	-0.966	0.000	-82.198	-14.438
13816	1662.000	-1.040	-0.941	0.000	-80.877	-13.223
13832	1662.000	-0.993	-0.669	0.000	-80.561	13.666
13848	1662.000	-0.997	-0.662	0.000	-81.281	15.072
13864	1662.000	-1.021	-1.021	0.000	-80.578	-21.549
13880	1662.000	-0.997	-0.747	0.000	-80.579	5.854
13896	1662.000	-0.928	-0.769	0.000	-80.561	3.627
13912	1662.000	-1.046	-0.847	0.000	-80.608	-4.139
13928	1662.000	-0.797	-0.678	0.000	-82.859	15.101
13944	1662.000	-1.038	-0.918	0.000	-80.561	-11.271
13960	1662.000	-1.102	-1.037	0.000	-81.687	-21.988
13976	1662.000	-1.037	-1.047	0.000	-82.656	-22.075
13992	1662.000	-0.967	-0.708	0.000	-81.434	10.662
14008	1662.000	-0.871	-0.693	0.000	-80.921	11.647
14024	1662.000	-0.996	-0.821	0.000	-80.561	-1.496
14040	1662.000	-1.045	-0.997	0.000	-80.561	-19.170
14056	1662.000	-1.019	-0.641	0.000	-80.561	16.506
14072	1662.000	-1.054	-0.914	0.000	-80.950	-10.437
14088	1662.000	-0.958	-0.601	0.000	-80.579	20.501
14104	1662.000	-0.990	-0.946	0.000	-80.561	-14.081
14120	1662.000	-0.507	-0.905	0.000	-83.269	-7.185
14136	1662.000	-1.114	-0.732	0.000	-83.814	10.592
14152	1662.000	-1.046	-0.687	0.000	-80.578	11.830
14168	1662.000	-1.002	-1.015	0.000	-81.945	-19.557
14184	1662.000	-1.013	-0.784	0.000	-82.668	4.311
14200	1662.000	-1.015	-0.857	0.000	-80.968	-4.687
14216	1662.000	-1.067	-0.808	0.000	-82.543	1.739
14232	1662.000	-0.989	-0.777	0.000	-80.561	2.864
14248	1662.000	-1.041	-0.739	0.000	-84.488	10.581
14264	1662.000	-1.037	-0.691	0.000	-82.629	13.559
14280	1662.000	-0.942	-0.884	0.000	-80.561	-7.854
14296	1662.000	-1.059	-0.701	0.000	-83.756	13.702
14312	1662.000	-0.965	-0.630	0.000	-81.334	18.362
14328	1662.000	-0.862	-0.921	0.000	-80.578	-11.486
14344	1662.000	-1.048	-0.974	0.000	-81.292	-16.120
14360	1662.000	-1.045	-0.998	0.000	-80.561	-19.268
14376	1662.000	-1.043	-1.022	0.000	-80.561	-21.677
8	1663.000	-0.968	-0.730	0.000	-79.010	6.060
24	1663.000	-0.947	-0.509	0.000	-75.365	24.425
40	1663.000	-0.817	-0.560	0.000	-78.485	22.531
56	1663.000	-0.945	-0.703	0.000	-77.940	7.684
72	1663.000	-0.896	-0.684	0.000	-75.349	6.999
88	1663.000	-0.954	-0.604	0.000	-75.770	15.370
104	1663.000	-0.986	-0.954	0.000	-76.829	-18.617
120	1663.000	-0.968	-0.740	0.000	-75.950	1.904
136	1663.000	-0.892	-0.982	0.000	-75.425	-22.730
152	1663.000	-0.619	-0.994	0.000	-75.349	-24.018
168	1663.000	-0.291	4.390	1.000	-78.555	17.513
184	1663.000	-0.940	-0.970	0.000	-75.391	-21.615
200	1663.000	-0.974	-0.981	0.000	-76.810	-21.276
216	1663.000	-0.946	-0.821	0.000	-76.269	-5.866
232	1663.000	-0.961	-0.896	0.000	-75.365	-14.247
248	1663.000	-0.966	-0.939	0.000	-75.349	-18.516
264	1663.000	-0.950	-0.745	0.000	-75.349	0.814
280	1663.000	-0.940	-0.558	0.000	-75.349	19.504
296	1663.000	-0.920	-0.508	0.000	-75.349	24.548
312	1663.000	-0.961	-0.921	0.000	-75.357	-16.784
328	1663.000	-0.912	-0.649	0.000	-76.084	11.153
344	1663.000	-1.002	-0.906	0.000	-75.365	-15.275
360	1663.000	-0.982	-0.741	0.000	-77.312	3.221
376	1663.000	-0.904	-0.938	0.000	-75.886	-17.961
392	1663.000	-0.914	-0.580	0.000	-76.245	18.198
408	1663.000	-0.940	-0.835	0.000	-76.065	-7.443
424	1663.000	-0.978	-0.810	0.000	-75.358	-5.632
440	1663.000	-0.928	-0.591	0.000	-77.907	18.757
456	1663.000	-0.083	4.031	0.000	-75.349	-21.588
472	1663.000	-0.653	-0.752	0.000	-76.109	0.879
488	1663.000	-0.903	-0.619	0.000	-75.391	13.465
504	1663.000	-0.970	-0.982	0.000	-76.086	-22.103
520	1663.000	-0.927	-0.662	0.000	-75.358	9.183
536	1663.000	-0.950	-0.600	0.000	-75.974	16.002
552	1663.000	-0.933	-0.614	0.000	-75.402	13.965
568	1663.000	-0.910	-0.830	0.000	-75.349	-7.628
584	1663.000	-1.013	-0.730	0.000	-78.661	5.621
600	1663.000	-0.939	-0.682	0.000	-75.411	7.185
616	1663.000	-1.001	-0.870	0.000	-78.312	-8.727
1256	1663.000	-0.235	-0.481	0.000	-23.768	-24.367
1272	1663.000	-0.345	0.002	0.000	-23.835	24.055
1288	1663.000	-0.262	-0.083	0.000	-23.814	15.550
1304	1663.000	-0.297	-0.267	0.000	-23.638	-3.055
1320	1663.000	-0.363	-0.382	0.000	-24.121	-14.082
1336	1663.000	-0.278	-0.215	0.000	-23.909	2.362
1352	1663.000	-0.336	-0.399	0.000	-23.739	-16.120
1368	1663.000	-0.268	-0.073	0.000	-23.698	16.415
1384	1663.000	-0.313	-0.221	0.000	-23.562	1.441
1400	1663.000	-0.286	-0.230	0.000	-23.824	0.827
1416	1663.000	-0.286	-0.032	0.000	-23.635	20.457
1432	1663.000	-0.219	-0.002	0.000	-23.737	23.575
1448	1663.000	-0.307	-0.372	0.000	-23.948	-13.283
1464	1663.000	-0.245	-0.296	0.000	-23.899	-5.672
1480	1663.000	-0.350	-0.209	0.000	-23.592	2.681
1496	1663.000	-0.303	-0.414	0.000	-23.559	-17.810
1512	1663.000	-0.298	-0.233	0.000	-23.561	0.236
1528	1663.000	-0.394	-0.393	0.000	-23.562	-15.697
1544	1663.000	-0.301	-0.097	0.000	-23.745	14.039
1560	1663.000	-0.316	-0.169	0.000	-23.813	6.917
1576	1663.000	-0.332	-0.287	0.000	-24.182	-4.484
1592	1663.000	-0.294	-0.232	0.000	-23.757	0.515
1608	1663.000	-0.279	-0.055	0.000	-23.567	18.038
1624	1663.000	-0.252	-0.046	0.000	-23.672	19.069
1640	1663.000	-0.291	-0.062	0.000	-24.052	17.873
1656	1663.000	-0.309	-0.170	0.000	-23.644	6.685
1672	1663.000	-0.271	-0.390	0.000	-23.752	-15.248
1688	1663.000	-0.349	-0.122	0.000	-23.937	11.701
1704	1663.000	-0.262	-0.144	0.000	-23.564	9.133
1720	1663.000	-0.282	-0.139	0.000	-23.939	10.047
1736	1663.000	-0.332	-0.101	0.000	-23.640	13.587
1752	1663.000	-0.327	-0.278	0.000	-23.768	-3.997
1768	1663.000	-0.331	-0.234	0.000	-23.790	0.407
1784	1663.000	-0.321	-0.265	0.000	-23.560	-2.911
1800	1663.000	-0.350	-0.479	0.000	-24.122	-23.732
1816	1663.000	-0.317	-0.312	0.000	-24.526	-6.718
1832	1663.000	-0.285	-0.097	0.000	-23.716	13.997
1848	1663.000	-0.258	-0.307	0.000	-24.433	-6.277
1864	1663.000	-0.285	-0.285	0.000	-24.037	-4.466
2504	1663.000	-0.414	-0.365	0.000	-32.120	-4.366
2520	1663.000	-0.406	-0.467	0.000	-32.379	-14.328
2536	1663.000	-0.398	-0.438	0.000	-32.031	-11.790
2552	1663.000	-0.451	-0.467	0.000	-32.900	-13.790
2568	1663.000	-0.392	-0.248	0.000	-32.187	7.403
2584	1663.000	-0.419	-0.556	0.000	-31.551	-24.014
2600	1663.000	-0.375	-0.201	0.000	-31.885	11.782
2616	1663.000	-0.401	-0.168	0.000	-32.176	15.416
2632	1663.000	-0.386	-0.421	0.000	-31.877	-10.177
2648	1663.000	-0.422	-0.535	0.000	-31.733	-21.758
2664	1663.000	-0.373	-0.222	0.000	-32.269	10.040
2680	1663.000	-0.421	-0.473	0.000	-31.654	-15.652
2696	1663.000	-0.515	-0.525	0.000	-31.974	-20.551
2712	1663.000	-0.349	-0.406	0.000	-31.952	-8.599
2728	1663.000	-0.380	-0.163	0.000	-31.551	15.231
2744	1663.000	-0.388	-0.124	0.000	-31.631	19.198
2760	1663.000	-0.403	-0.170	0.000	-31.893	14.928
2776	1663.000	-0.411	-0.333	0.000	-31.829	-1.502
2792	1663.000	-0.373	-0.214	0.000	-31.553	10.118
2808	1663.000	-0.437	-0.541	0.000	-31.645	-22.471
2824	1663.000	-0.446	-0.450	0.000	-31.828	-13.165
2840	1663.000	-0.358	-0.302	0.000	-31.852	1.635
2856	1663.000	-0.385	-0.109	0.000	-31.810	20.881
2872	1663.000	-0.447	-0.290	0.000	-31.871	2.858
2888	1663.000	-0.431	-0.140	0.000	-32.466	18.499
2904	1663.000	-0.373	-0.261	0.000	-31.657	5.563
2920	1663.000	-0.385	-0.367	0.000	-31.722	-5.021
2936	1663.000	-0.365	-0.314	0.000	-32.532	1.131
2952	1663.000	-0.365	-0.096	0.000	-31.640	22.062
2968	1663.000	-0.411	-0.540	0.000	-31.952	-22.058
2984	1663.000	-0.397	-0.492	0.000	-32.509	-16.673
3000	1663.000	-0.348	-0.187	0.000	-31.550	12.895
3016	1663.000	-0.361	-0.297	0.000	-31.724	1.979
3032	1663.000	-0.388	-0.250	0.000	-31.623	6.650
3048	1663.000	-0.437	-0.203	0.000	-31.740	11.462
3064	1663.000	-0.390	-0.119	0.000	-32.088	20.225
3080	1663.000	-0.439	-0.462	0.000	-32.272	-13.898
3096	1663.000	-0.430	-0.280	0.000	-32.330	4.284
3112	1663.000	-0.418	-0.351	0.000	-32.483	-2.653
3128	1663.000	-0.362	-0.172	0.000	-32.205	14.962
3768	1663.000	-0.373	-0.083	0.000	-31.616	23.354
3784	1663.000	-0.413	-0.488	0.000	-31.487	-17.280
3800	1663.000	-0.407	-0.503	0.000	-31.394	-18.866
3816	1663.000	-0.391	-0.234	0.000	-31.434	8.002
3832	1663.000	-0.359	-0.361	0.000	-31.261	-4.879
3848	1663.000	-0.292	-0.077	0.000	-31.308	23.651
3864	1663.000	-0.357	-0.213	0.000	-31.747	10.436
3880	1663.000	-0.430	-0.155	0.000	-31.439	15.978
3896	1663.000	-0.404	-0.379	0.000	-31.662	-6.273
3912	1663.000	-0.466	-0.384	0.000	-31.577	-6.866
3928	1663.000	-0.424	-0.217	0.000	-31.273	9.525
3944	1663.000	-0.340	-0.177	0.000	-31.708	14.026
3960	1663.000	-0.404	-0.340	0.000	-31.584	-2.404
3976	1663.000	-0.382	-0.148	0.000	-31.725	16.883
3992	1663.000	-0.388	-0.074	0.000	-31.630	24.269
4008	1663.000	-0.398	-0.167	0.000	-31.370	14.680
4024	1663.000	-0.417	-0.197	0.000	-31.490	11.794
4040	1663.000	-0.380	-0.503	0.000	-31.644	-18.659
4056	1663.000	-0.383	-0.238	0.000	-31.394	7.557
4072	1663.000	-0.414	-0.329	0.000	-31.976	-0.956
4088	1663.000	-0.405	-0.376	0.000	-31.622	-5.970
4104	1663.000	-0.356	-0.073	0.000	-31.430	24.177
4120	1663.000	-0.429	-0.403	0.000	-31.971	-8.375
4136	1663.000	-0.487	-0.541	0.000	-31.718	-22.413
4152	1663.000	-0.339	-0.093	0.000	-31.345	22.069
4168	1663.000	-0.442	-0.332	0.000	-31.684	-1.491
4184	1663.000	-0.412	-0.551	0.000	-31.192	-23.863
4200	1663.000	-0.406	-0.537	0.000	-31.819	-21.868
4216	1663.000	-0.362	-0.305	0.000	-31.657	1.169
4232	1663.000	-0.398	-0.503	0.000	-31.279	-18.973
4248	1663.000	-0.463	-0.517	0.000	-32.283	-19.467
4264	1663.000	-0.392	-0.176	0.000	-31.381	13.810
4280	1663.000	-0.363	-0.434	0.000	-31.244	-12.120
4296	1663.000	-0.384	-0.225	0.000	-31.594	9.132
4312	1663.000	-0.401	-0.449	0.000	-31.572	-13.365
4328	1663.000	-0.350	-0.074	0.000	-31.136	23.783
4344	1663.000	-0.381	-0.557	0.000	-31.564	-24.135
4360	1663.000	-0.401	-0.354	0.000	-31.669	-3.767
4376	1663.000	-0.355	-0.269	0.000	-31.135	4.256
5016	1663.000	-0.306	-0.441	0.000	-22.687	-21.369
5032	1663.000	-0.283	-0.196	0.000	-22.566	2.962
5048	1663.000	-0.291	-0.344	0.000	-22.686	-11.749
5064	1663.000	-0.309	-0.395	0.000	-22.726	-16.819
5080	1663.000	-0.310	-0.273	0.000	-22.515	-4.783
5096	1663.000	-0.246	0.002	0.000	-22.623	22.795
5112	1663.000	-0.245	-0.022	0.000	-22.931	20.743
5128	1663.000	-0.244	-0.330	0.000	-22.754	-10.212
5144	1663.000	-0.240	-0.343	0.000	-22.884	-11.423
5160	1663.000	-0.274	-0.395	0.000	-22.597	-16.855
5176	1663.000	-0.381	-0.394	0.000	-22.820	-16.607
5192	1663.000	-0.291	-0.286	0.000	-22.729	-5.842
5208	1663.000	-0.267	-0.428	0.000	-22.718	-20.066
5224	1663.000	-0.303	-0.434	0.000	-23.151	-20.235
5240	1663.000	-0.280	-0.058	0.000	-23.074	17.280
5256	1663.000	-0.302	-0.288	0.000	-22.636	-6.153
5272	1663.000	-0.296	-0.209	0.000	-23.154	2.247
5288	1663.000	-0.324	-0.361	0.000	-22.800	-13.334
5304	1663.000	-0.311	-0.338	0.000	-22.829	-11.017
5320	1663.000	-0.257	-0.183	0.000	-22.882	4.610
5336	1663.000	-0.275	-0.427	0.000	-22.485	-20.217
5352	1663.000	-0.315	-0.141	0.000	-23.507	9.378
5368	1663.000	-0.294	-0.126	0.000	-22.919	10.280
5384	1663.000	-0.259	-0.238	0.000	-22.478	-1.273
5400	1663.000	-0.280	-0.219	0.000	-23.397	1.493
5416	1663.000	-0.297	-0.466	0.000	-22.590	-23.984
5432	1663.000	-0.281	-0.305	0.000	-22.469	-8.066
5448	1663.000	-0.269	-0.354	0.000	-22.635	-12.805
5464	1663.000	-0.293	-0.044	0.000	-22.593	18.174
5480	1663.000	-0.334	-0.389	0.000	-22.619	-16.249
5496	1663.000	-0.304	-0.149	0.000	-22.474	7.623
5512	1663.000	-0.346	-0.230	0.000	-22.470	-0.495
5528	1663.000	-0.245	-0.101	0.000	-22.817	12.759
5544	1663.000	-0.286	-0.311	0.000	-22.507	-8.635
5560	1663.000	-0.274	-0.154	0.000	-22.473	7.070
5576	1663.000	-0.300	-0.394	0.000	-22.741	-16.667
5592	1663.000	-0.304	-0.467	0.000	-22.692	-23.963
5608	1663.000	-0.320	-0.356	0.000	-22.646	-12.992
5624	1663.000	-0.275	-0.389	0.000	-22.507	-16.435
6264	1663.000	-1.006	-0.930	0.000	-78.043	-14.915
6280	1663.000	-0.958	-0.931	0.000	-78.040	-15.106
6296	1663.000	-0.837	-1.022	0.000	-78.018	-24.134
6312	1663.000	-0.938	-0.578	0.000	-78.015	20.226
6328	1663.000	-0.904	-0.631	0.000	-77.998	14.936
6344	1663.000	-1.033	-0.748	0.000	-79.881	5.046
6360	1663.000	-0.957	-0.862	0.000	-77.998	-8.177
6376	1663.000	-0.084	4.094	0.000	-77.999	-12.553
6392	1663.000	-1.003	-0.665	0.000	-79.385	12.881
6408	1663.000	-1.043	-0.741	0.000	-80.814	6.684
6424	1663.000	-0.990	-0.531	0.000	-77.999	24.903
6440	1663.000	-0.946	-0.727	0.000	-79.857	7.181
6456	1663.000	-0.891	-0.858	0.000	-79.885	-5.956
6472	1663.000	-0.953	-0.776	0.000	-78.696	1.086
6488	1663.000	-0.989	-0.848	0.000	-78.662	-6.136
6504	1663.000	-0.584	-0.641	0.000	-78.050	13.991
6520	1663.000	-0.997	-0.871	0.000	-78.698	-8.432
6536	1663.000	-0.948	-0.640	0.000	-78.013	14.018
6552	1663.000	-1.015	-1.013	0.000	-78.881	-22.458
6568	1663.000	-0.980	-0.641	0.000	-78.023	13.888
6584	1663.000	-1.018	-0.784	0.000	-79.673	1.228
6600	1663.000	-1.023	-0.988	0.000	-80.560	-18.205
6616	1663.000	-1.024	-0.982	0.000	-79.856	-18.322
6632	1663.000	-0.980	-0.659	0.000	-79.284	13.416
6648	1663.000	-0.799	-0.982	0.000	-78.656	-19.551
6664	1663.000	-0.988	-0.941	0.000	-78.731	-15.399
6680	1663.000	-1.018	-0.850	0.000	-79.898	-5.143
6696	1663.000	-0.977	-0.754	0.000	-78.022	2.643
6712	1663.000	-0.986	-0.637	0.000	-78.065	14.380
6728	1663.000	-0.975	-0.567	0.000	-80.526	23.836
6744	1663.000	-0.953	-0.931	0.000	-77.998	-15.077
6760	1663.000	-0.988	-0.949	0.000	-77.998	-16.860
6776	1663.000	-0.501	-0.792	0.000	-79.868	0.681
6792	1663.000	-0.716	-0.917	0.000	-78.777	-12.873
6808	1663.000	-0.946	-0.661	0.000	-77.998	11.868
6824	1663.000	-1.047	-0.913	0.000	-79.895	-11.414
6840	1663.000	-0.969	-0.701	0.000	-78.006	7.936
6856	1663.000	-0.922	-0.532	0.000	-78.018	24.824
6872	1663.000	-0.971	-0.693	0.000	-78.744	9.399
7512	1663.000	-0.901	-0.580	0.000	-75.295	17.266
7528	1663.000	-0.990	-0.993	0.000	-75.276	-24.064
7544	1663.000	-0.880	-0.580	0.000	-75.274	17.278
7560	1663.000	-0.968	-0.775	0.000	-75.920	-1.564
7576	1663.000	-0.935	-0.712	0.000	-76.498	5.253
7592	1663.000	-0.927	-0.669	0.000	-75.235	8.332
7608	1663.000	-0.888	-0.544	0.000	-77.602	23.195
7624	1663.000	-0.931	-0.576	0.000	-76.498	18.935
7640	1663.000	-0.984	-0.805	0.000	-76.260	-4.232
7656	1663.000	-0.918	-0.625	0.000	-75.585	13.075
7672	1663.000	-0.924	-0.579	0.000	-75.954	18.091
7688	1663.000	-0.997	-0.867	0.000	-78.392	-8.300
7704	1663.000	-0.918	-0.551	0.000	-75.329	20.245
7720	1663.000	-0.681	-0.736	0.000	-75.285	1.662
7736	1663.000	-0.939	-0.710	0.000	-75.235	4.232
7752	1663.000	-0.985	-0.806	0.000	-77.081	-3.483
7768	1663.000	-0.989	-0.966	0.000	-75.338	-21.269
7784	1663.000	-0.958	-0.600	0.000	-75.235	15.247
7800	1663.000	-0.951	-0.672	0.000	-76.994	9.798
7816	1663.000	-0.904	-0.636	0.000	-75.293	11.678
7832	1663.000	-0.975	-0.543	0.000	-75.235	20.970
7848	1663.000	-0.945	-0.887	0.000	-79.038	-9.624
7864	1663.000	-0.881	-0.577	0.000	-75.243	17.580
7880	1663.000	-0.954	-0.910	0.000	-75.235	-15.721
7896	1663.000	-1.054	-0.944	0.000	-78.878	-15.561
7912	1663.000	-1.032	-1.018	0.000	-77.044	-24.798
7928	1663.000	-0.927	-0.732	0.000	-75.250	2.087
7944	1663.000	-0.551	-0.653	0.000	-75.842	10.526
7960	1663.000	-0.962	-0.770	0.000	-76.756	-0.206
7976	1663.000	-0.898	-0.582	0.000	-76.775	18.621
7992	1663.000	-0.969	-0.822	0.000	-76.058	-6.099
8008	1663.000	-0.200	-0.650	0.000	-75.267	10.308
8024	1663.000	-0.894	-0.718	0.000	-75.263	3.497
8040	1663.000	-1.000	-1.007	0.000	-76.790	-23.926
8056	1663.000	-0.963	-0.827	0.000	-75.255	-7.468
8072	1663.000	-0.739	-0.794	0.000	-76.676	-2.739
8088	1663.000	-0.970	-0.774	0.000	-75.276	-2.154
8104	1663.000	-0.929	-0.603	0.000	-75.287	15.036
8120	1663.000	-0.931	-0.797	0.000	-75.253	-4.469
8776	1663.000	-0.287	-0.169	0.000	-26.472	9.563
8792	1663.000	-0.328	-0.178	0.000	-26.380	8.551
8808	1663.000	-0.375	-0.235	0.000	-26.291	2.757
8824	1663.000	-0.341	-0.211	0.000	-26.641	5.513
8840	1663.000	-0.395	-0.227	0.000	-26.651	3.987
8856	1663.000	-0.320	-0.312	0.000	-26.064	-5.184
8872	1663.000	-0.377	-0.510	0.000	-26.618	-24.353
8888	1663.000	-0.365	-0.348	0.000	-26.252	-8.539
8904	1663.000	-0.376	-0.433	0.000	-26.210	-17.053
8920	1663.000	-0.345	-0.196	0.000	-26.379	6.784
8936	1663.000	-0.354	-0.146	0.000	-26.287	11.673
8952	1663.000	-0.307	-0.132	0.000	-26.218	13.016
8968	1663.000	-0.369	-0.170	0.000	-26.389	9.417
8984	1663.000	-0.331	-0.168	0.000	-26.338	9.504
9000	1663.000	-0.317	-0.331	0.000	-26.772	-6.321
9016	1663.000	-0.408	-0.422	0.000	-27.038	-15.190
9032	1663.000	-0.227	-0.041	0.000	-27.003	22.944
9048	1663.000	-0.301	-0.403	0.000	-27.049	-13.255
9064	1663.000	-0.328	-0.250	0.000	-26.321	1.310
9080	1663.000	-0.337	-0.510	0.000	-26.333	-24.657
9096	1663.000	-0.376	-0.098	0.000	-26.735	16.899
9112	1663.000	-0.317	-0.162	0.000	-26.066	9.853
9128	1663.000	-0.353	-0.025	0.000	-26.064	23.590
9144	1663.000	-0.365	-0.165	0.000	-26.823	10.305
9160	1663.000	-0.329	-0.193	0.000	-26.141	6.803
9176	1663.000	-0.366	-0.476	0.000	-26.329	-21.288
9192	1663.000	-0.404	-0.318	0.000	-26.186	-5.582
9208	1663.000	-0.321	-0.303	0.000	-26.272	-4.020
9224	1663.000	-0.271	-0.034	0.000	-26.357	22.929
9240	1663.000	-0.285	-0.172	0.000	-26.066	8.848
9256	1663.000	-0.367	-0.460	0.000	-26.064	-19.946
9272	1663.000	-0.310	-0.071	0.000	-26.335	19.277
9288	1663.000	-0.260	-0.053	0.000	-26.153	20.876
9304	1663.000	-0.349	-0.380	0.000	-26.343	-11.645
9320	1663.000	-0.309	-0.027	0.000	-26.210	23.519
9336	1663.000	-0.285	-0.268	0.000	-26.502	-0.258
9352	1663.000	-0.264	-0.183	0.000	-26.343	8.038
9368	1663.000	-0.362	-0.208	0.000	-26.214	5.440
9384	1663.000	-0.342	-0.453	0.000	-26.464	-18.851
10024	1663.000	-0.448	-0.478	0.000	-31.235	-16.591
10040	1663.000	-0.431	-0.382	0.000	-31.314	-6.917
10056	1663.000	-0.413	-0.519	0.000	-31.236	-20.636
10072	1663.000	-0.422	-0.239	0.000	-31.594	7.657
10088	1663.000	-0.362	-0.222	0.000	-31.615	9.406
10104	1663.000	-0.408	-0.272	0.000	-31.304	4.086
10120	1663.000	-0.400	-0.559	0.000	-32.158	-23.768
10136	1663.000	-0.370	-0.300	0.000	-31.530	1.493
10152	1663.000	-0.366	-0.491	0.000	-31.818	-17.268
10168	1663.000	-0.400	-0.136	0.000	-31.379	17.812
10184	1663.000	-0.342	-0.131	0.000	-31.264	18.137
10200	1663.000	-0.390	-0.076	0.000	-31.395	23.776
10216	1663.000	-0.381	-0.314	0.000	-31.651	0.228
10232	1663.000	-0.426	-0.416	0.000	-31.225	-10.377
10248	1663.000	-0.424	-0.335	0.000	-31.422	-2.058
10264	1663.000	-0.382	-0.315	0.000	-31.590	0.064
10280	1663.000	-0.451	-0.507	0.000	-31.847	-18.889
10296	1663.000	-0.436	-0.424	0.000	-31.372	-10.980
10312	1663.000	-0.370	-0.169	0.000	-31.828	14.973
10328	1663.000	-0.369	-0.268	0.000	-31.876	5.072
10344	1663.000	-0.417	-0.432	0.000	-32.075	-11.117
10360	1663.000	-0.467	-0.352	0.000	-32.463	-2.756
10376	1663.000	-0.390	-0.291	0.000	-32.057	2.907
10392	1663.000	-0.410	-0.485	0.000	-31.707	-16.812
10408	1663.000	-0.419	-0.432	0.000	-31.730	-11.491
10424	1663.000	-0.380	-0.139	0.000	-31.827	17.921
10440	1663.000	-0.411	-0.497	0.000	-31.489	-18.191
10456	1663.000	-0.371	-0.493	0.000	-31.652	-17.666
10472	1663.000	-0.410	-0.371	0.000	-31.651	-5.401
10488	1663.000	-0.377	-0.384	0.000	-31.886	-6.487
10504	1663.000	-0.415	-0.268	0.000	-31.615	4.826
10520	1663.000	-0.419	-0.507	0.000	-32.560	-18.188
10536	1663.000	-0.433	-0.322	0.000	-32.277	0.081
10552	1663.000	-0.350	-0.249	0.000	-31.422	6.533
10568	1663.000	-0.390	-0.486	0.000	-31.531	-17.031
10584	1663.000	-0.390	-0.366	0.000	-31.229	-5.407
10600	1663.000	-0.480	-0.544	0.000	-31.236	-23.167
10616	1663.000	-0.428	-0.428	0.000	-31.235	-11.602
10632	1663.000	-0.338	-0.100	0.000	-31.264	21.283
11272	1663.000	-0.419	-0.373	0.000	-31.570	-5.681
11288	1663.000	-0.402	-0.183	0.000	-30.826	12.501
11304	1663.000	-0.400	-0.295	0.000	-31.144	1.610
11320	1663.000	-0.364	-0.298	0.000	-31.715	1.936
11336	1663.000	-0.384	-0.110	0.000	-30.665	19.631
11352	1663.000	-0.375	-0.382	0.000	-31.264	-6.972
11368	1663.000	-0.418	-0.382	0.000	-31.258	-6.958
11384	1663.000	-0.365	-0.283	0.000	-30.519	2.186
11400	1663.000	-0.378	-0.194	0.000	-30.931	11.493
11416	1663.000	-0.338	-0.423	0.000	-31.139	-11.204
11432	1663.000	-0.413	-0.321	0.000	-30.899	-1.166
11448	1663.000	-0.344	-0.159	0.000	-30.612	14.760
11464	1663.000	-0.468	-0.533	0.000	-30.933	-22.334
11480	1663.000	-0.370	-0.203	0.000	-31.889	11.601
11496	1663.000	-0.337	-0.294	0.000	-30.957	1.556
11512	1663.000	-0.370	-0.109	0.000	-30.665	19.768
11528	1663.000	-0.348	-0.116	0.000	-30.957	19.343
11544	1663.000	-0.391	-0.468	0.000	-31.039	-15.790
11560	1663.000	-0.417	-0.506	0.000	-30.555	-20.006
11576	1663.000	-0.416	-0.189	0.000	-31.035	12.147
11592	1663.000	-0.447	-0.154	0.000	-31.083	15.642
11608	1663.000	-0.363	-0.133	0.000	-30.593	17.317
11624	1663.000	-0.422	-0.358	0.000	-31.826	-3.979
11640	1663.000	-0.397	-0.383	0.000	-30.704	-7.595
11656	1663.000	-0.359	-0.366	0.000	-31.109	-5.470
11672	1663.000	-0.355	-0.117	0.000	-31.356	19.635
11688	1663.000	-0.351	-0.201	0.000	-30.524	10.440
11704	1663.000	-0.429	-0.439	0.000	-30.889	-12.967
11720	1663.000	-0.399	-0.529	0.000	-30.841	-22.056
11736	1663.000	-0.491	-0.481	0.000	-30.520	-17.541
11752	1663.000	-0.380	-0.324	0.000	-30.518	-1.847
11768	1663.000	-0.418	-0.419	0.000	-31.306	-10.558
11784	1663.000	-0.345	-0.105	0.000	-30.542	20.074
11800	1663.000	-0.455	-0.548	0.000	-30.532	-24.246
11816	1663.000	-0.384	-0.283	0.000	-31.018	2.679
11832	1663.000	-0.330	-0.305	0.000	-30.608	0.095
11848	1663.000	-0.420	-0.435	0.000	-31.037	-12.480
11864	1663.000	-0.352	-0.095	0.000	-30.826	21.341
11880	1663.000	-0.378	-0.249	0.000	-31.091	6.156
12520	1663.000	-0.350	-0.338	0.000	-25.044	-8.803
12536	1663.000	-0.301	-0.076	0.000	-24.773	17.179
12552	1663.000	-0.355	-0.016	0.000	-25.066	23.500
12568	1663.000	-0.326	-0.058	0.000	-24.855	19.009
12584	1663.000	-0.304	-0.156	0.000	-24.573	8.980
12600	1663.000	-0.317	-0.174	0.000	-24.816	7.424
12616	1663.000	-0.352	-0.382	0.000	-24.762	-13.403
12632	1663.000	-0.330	-0.064	0.000	-24.498	18.101
12648	1663.000	-0.336	-0.265	0.000	-25.036	-1.487
12664	1663.000	-0.293	-0.125	0.000	-24.498	11.985
12680	1663.000	-0.296	-0.031	0.000	-24.498	21.421
12696	1663.000	-0.333	-0.197	0.000	-25.152	5.459
12712	1663.000	-0.258	-0.208	0.000	-24.498	3.718
12728	1663.000	-0.371	-0.470	0.000	-24.498	-22.526
12744	1663.000	-0.267	-0.048	0.000	-24.543	19.748
12760	1663.000	-0.347	-0.472	0.000	-24.974	-22.201
12776	1663.000	-0.341	-0.236	0.000	-24.498	0.935
12792	1663.000	-0.262	-0.148	0.000	-24.502	9.685
12808	1663.000	-0.340	-0.438	0.000	-25.262	-18.559
12824	1663.000	-0.280	-0.265	0.000	-24.515	-1.971
12840	1663.000	-0.337	-0.076	0.000	-24.900	17.298
12856	1663.000	-0.346	-0.198	0.000	-25.242	5.484
12872	1663.000	-0.365	-0.462	0.000	-24.671	-21.545
12888	1663.000	-0.316	-0.235	0.000	-24.847	1.319
12904	1663.000	-0.337	-0.271	0.000	-24.768	-2.372
12920	1663.000	-0.280	-0.185	0.000	-24.592	6.117
12936	1663.000	-0.326	-0.242	0.000	-24.516	0.316
12952	1663.000	-0.352	-0.434	0.000	-24.958	-18.427
12968	1663.000	-0.262	-0.052	0.000	-24.899	19.682
12984	1663.000	-0.339	-0.351	0.000	-24.500	-10.597
13000	1663.000	-0.328	-0.340	0.000	-24.764	-9.220
13016	1663.000	-0.318	-0.228	0.000	-25.274	2.512
13032	1663.000	-0.358	-0.355	0.000	-24.716	-10.818
13048	1663.000	-0.296	-0.074	0.000	-24.539	17.122
13064	1663.000	-0.308	-0.016	0.000	-24.763	23.204
13080	1663.000	-0.295	-0.138	0.000	-24.907	11.156
13096	1663.000	-0.236	-0.073	0.000	-25.245	17.936
13112	1663.000	-0.349	-0.372	0.000	-24.759	-12.466
13128	1663.000	-0.325	-0.357	0.000	-25.531	-10.206
13768	1663.000	-0.967	-0.576	0.000	-77.293	19.654
13784	1663.000	-0.947	-0.823	0.000	-77.310	-5.022
13800	1663.000	-1.005	-0.785	0.000	-78.754	0.266
13816	1663.000	-1.000	-0.794	0.000	-77.559	-1.798
13832	1663.000	-0.964	-1.011	0.000	-77.274	-23.863
13848	1663.000	-0.937	-0.570	0.000	-77.925	20.880
13864	1663.000	-0.976	-0.746	0.000	-77.289	2.650
13880	1663.000	-0.975	-0.809	0.000	-77.289	-3.642
13896	1663.000	-0.890	-0.574	0.000	-77.274	19.892
13912	1663.000	-0.976	-0.662	0.000	-77.315	11.071
13928	1663.000	-0.804	-0.700	0.000	-79.352	9.356
13944	1663.000	-1.025	-0.993	0.000	-77.274	-22.006
13960	1663.000	-1.055	-1.022	0.000	-78.292	-23.934
13976	1663.000	-0.085	4.421	0.000	-79.169	21.233
13992	1663.000	-0.945	-0.806	0.000	-78.063	-2.502
14008	1663.000	-0.860	-0.965	0.000	-77.599	-18.912
14024	1663.000	-0.944	-0.792	0.000	-77.274	-1.960
14040	1663.000	-0.999	-0.713	0.000	-77.274	5.946
14056	1663.000	-0.970	-0.766	0.000	-77.274	0.668
14072	1663.000	-0.989	-0.695	0.000	-77.626	8.174
14088	1663.000	-0.961	-0.927	0.000	-77.289	-15.384
14104	1663.000	-0.950	-0.600	0.000	-77.274	17.273
14120	1663.000	-0.519	-0.558	0.000	-79.723	23.911
14136	1663.000	-1.065	-1.030	0.000	-80.216	-22.792
14152	1663.000	-0.979	-0.630	0.000	-77.289	14.292
14168	1663.000	-0.995	-0.995	0.000	-78.525	-20.951
14184	1663.000	-0.967	-0.751	0.000	-79.180	4.109
14200	1663.000	-0.973	-0.563	0.000	-77.642	21.349
14216	1663.000	-1.043	-0.893	0.000	-79.067	-10.233
14232	1663.000	-0.966	-1.016	0.000	-77.274	-24.323
14248	1663.000	-1.024	-0.926	0.000	-80.827	-11.731
14264	1663.000	-0.102	4.250	0.000	-79.145	4.137
14280	1663.000	-0.903	-0.753	0.000	-77.274	1.981
14296	1663.000	-0.975	-0.580	0.000	-80.164	22.144
14312	1663.000	-0.914	-0.645	0.000	-77.972	13.505
14328	1663.000	-0.858	-0.691	0.000	-77.289	8.165
14344	1663.000	-0.986	-0.701	0.000	-77.935	7.874
14360	1663.000	-1.020	-0.953	0.000	-77.274	-18.062
14376	1663.000	-1.025	-0.924	0.000	-77.274	-15.142
8	1664.000	-0.934	-0.970	0.000	-76.927	-20.100
24	1664.000	-0.886	-0.503	0.000	-73.629	23.337
40	1664.000	-0.793	-0.565	0.000	-76.452	19.964
56	1664.000	-0.905	-0.614	0.000	-75.959	14.602
72	1664.000	-0.900	-0.865	0.000	-73.615	-12.910
88	1664.000	-0.898	-0.636	0.000	-73.995	10.417
104	1664.000	-0.957	-0.991	0.000	-74.954	-24.195
120	1664.000	-0.920	-0.642	0.000	-74.158	9.952
136	1664.000	-0.858	-0.668	0.000	-73.683	6.876
152	1664.000	-0.652	-0.649	0.000	-73.615	8.700
168	1664.000	-0.389	-0.915	0.000	-76.515	-15.019
184	1664.000	-0.928	-0.955	0.000	-73.652	-21.876
200	1664.000	-0.928	-0.784	0.000	-74.936	-3.425
216	1664.000	-0.923	-0.897	0.000	-74.446	-15.297
232	1664.000	-0.921	-0.668	0.000	-73.628	6.827
248	1664.000	-0.944	-0.824	0.000	-73.615	-8.752
264	1664.000	-0.920	-0.681	0.000	-73.615	5.554
280	1664.000	-0.877	-0.647	0.000	-73.615	8.961
296	1664.000	-0.887	-0.743	0.000	-73.615	-0.638
312	1664.000	-0.945	-0.792	0.000	-73.621	-5.625
328	1664.000	-0.879	-0.752	0.000	-74.279	-0.966
344	1664.000	-0.960	-0.946	0.000	-73.629	-21.019
360	1664.000	-0.957	-0.811	0.000	-75.391	-5.683
376	1664.000	-0.870	-0.671	0.000	-74.100	6.993
392	1664.000	-0.870	-0.684	0.000	-74.425	5.991
408	1664.000	-0.904	-0.762	0.000	-74.262	-1.891
424	1664.000	-0.950	-0.716	0.000	-73.622	1.975
440	1664.000	-0.906	-0.625	0.000	-78.010	15.555
456	1664.000	0.717	4.253	0.000	-73.615	-1.043
472	1664.000	-0.673	-0.774	0.000	-74.302	-3.124
488	1664.000	-0.884	-0.625	0.000	-73.652	11.194
504	1664.000	-0.935	-0.710	0.000	-74.281	3.242
520	1664.000	-0.885	-0.724	0.000	-73.622	1.223
536	1664.000	-0.926	-0.837	0.000	-74.179	-9.503
552	1664.000	-0.885	-0.522	0.000	-73.662	21.461
568	1664.000	-0.917	-0.917	0.000	-73.615	-18.036
584	1664.000	-0.938	-0.516	0.000	-76.611	24.996
600	1664.000	-0.887	-0.504	0.000	-73.671	23.236
616	1664.000	-0.952	-0.589	0.000	-76.295	17.401
1256	1664.000	-0.227	-0.230	0.000	-22.786	-0.260
1272	1664.000	-0.315	-0.228	0.000	-22.847	0.054
1288	1664.000	-0.285	-0.412	0.000	-22.828	-18.326
1304	1664.000	-0.286	-0.075	0.000	-22.669	15.134
1320	1664.000	-0.339	-0.417	0.000	-23.106	-18.618
1336	1664.000	-0.272	-0.397	0.000	-22.914	-16.816
1352	1664.000	-0.323	-0.367	0.000	-22.760	-13.928
1368	1664.000	-0.223	-0.032	0.000	-22.723	19.571
1384	1664.000	-0.288	-0.020	0.000	-22.601	20.571
1400	1664.000	-0.272	-0.056	0.000	-22.837	17.272
1416	1664.000	-0.268	-0.061	0.000	-22.667	16.552
1432	1664.000	-0.245	-0.385	0.000	-22.759	-15.733
1448	1664.000	-0.272	-0.093	0.000	-22.950	13.673
1464	1664.000	-0.261	-0.291	0.000	-22.905	-6.186
1480	1664.000	-0.321	-0.028	0.000	-22.627	19.874
1496	1664.000	-0.288	-0.193	0.000	-22.598	3.263
1512	1664.000	-0.273	-0.052	0.000	-22.599	17.439
1528	1664.000	-0.367	-0.076	0.000	-22.600	14.970
1544	1664.000	-0.292	-0.377	0.000	-22.766	-14.976
1560	1664.000	-0.306	-0.333	0.000	-22.827	-10.480
1576	1664.000	-0.305	-0.070	0.000	-23.161	16.170
1592	1664.000	-0.265	-0.134	0.000	-22.776	9.352
1608	1664.000	-0.271	-0.149	0.000	-22.605	7.693
1624	1664.000	-0.249	-0.255	0.000	-22.699	-2.764
1640	1664.000	-0.280	-0.028	0.000	-23.043	20.289
1656	1664.000	-0.263	-0.016	0.000	-22.674	21.116
1672	1664.000	-0.263	-0.087	0.000	-22.772	14.113
1688	1664.000	-0.342	-0.229	0.000	-22.940	0.046
1704	1664.000	-0.272	-0.354	0.000	-22.602	-12.801
1720	1664.000	-0.291	-0.191	0.000	-22.941	3.869
1736	1664.000	-0.293	-0.129	0.000	-22.671	9.725
1752	1664.000	-0.294	0.130	0.075	-22.786	-1.866
1768	1664.000	-0.310	-0.381	0.000	-22.806	-15.326
1784	1664.000	-0.300	-0.331	0.000	-22.599	-10.474
1800	1664.000	-0.327	-0.310	0.018	-23.107	-16.845
1816	1664.000	-0.299	-0.308	0.000	-23.472	-7.332
1832	1664.000	-0.318	-0.458	0.000	-22.739	-23.029
1848	1664.000	-0.258	-0.334	0.000	-23.389	-10.056
1864	1664.000	-0.278	-0.120	0.000	-23.030	11.039
2504	1664.000	-0.403	-0.543	0.000	-30.778	-23.476
2520	1664.000	-0.391	-0.494	0.000	-31.012	-18.434
2536	1664.000	-0.395	-0.532	0.000	-30.698	-22.473
2552	1664.000	-0.430	-0.250	0.000	-31.483	6.442
2568	1664.000	-0.370	-0.284	0.000	-30.838	2.481
2584	1664.000	-0.407	-0.376	0.000	-30.263	-7.361
2600	1664.000	-0.357	-0.335	0.017	-30.566	-11.633
2616	1664.000	-0.374	-0.104	0.000	-30.828	20.394
2632	1664.000	-0.355	-0.338	0.000	-30.558	-3.192
2648	1664.000	-0.361	-0.112	0.000	-30.427	19.253
2664	1664.000	-0.358	-0.384	0.000	-30.913	-7.438
2680	1664.000	-0.407	-0.414	0.000	-30.356	-11.053
2696	1664.000	-0.485	-0.466	0.000	-30.646	-15.932
2712	1664.000	-0.366	-0.493	0.000	-30.626	-18.644
2728	1664.000	-0.373	-0.143	0.000	-30.263	15.959
2744	1664.000	-0.386	-0.386	0.000	-30.335	-8.239
2760	1664.000	-0.382	-0.353	0.000	-30.573	-4.727
2776	1664.000	-0.389	-0.321	0.000	-30.515	-1.549
2792	1664.000	-0.334	-0.108	0.000	-30.265	19.446
2808	1664.000	-0.434	-0.466	0.000	-30.348	-16.226
2824	1664.000	-0.394	-0.107	0.000	-30.514	19.821
2840	1664.000	-0.351	-0.525	0.000	-30.536	-21.976
2856	1664.000	-0.396	-0.487	0.000	-30.497	-18.186
2872	1664.000	-0.411	-0.095	0.000	-30.552	21.029
2888	1664.000	-0.395	-0.250	0.000	-31.091	6.052
2904	1664.000	-0.353	-0.128	0.000	-30.359	17.594
2920	1664.000	-0.368	-0.377	0.000	-30.418	-7.287
2936	1664.000	-0.349	-0.210	0.000	-31.151	10.178
2952	1664.000	-0.358	-0.260	0.000	-30.343	4.341
2968	1664.000	-0.394	-0.211	0.000	-30.626	9.539
2984	1664.000	-0.420	-0.543	0.000	-31.130	-23.186
3000	1664.000	-0.322	-0.141	0.000	-30.263	16.119
3016	1664.000	-0.351	-0.150	0.000	-30.420	15.376
3032	1664.000	-0.394	-0.524	0.000	-30.328	-22.073
3048	1664.000	-0.374	-0.059	0.000	-30.434	24.562
3064	1664.000	-0.378	-0.290	0.000	-30.749	1.710
3080	1664.000	-0.430	-0.257	0.000	-30.916	5.233
3096	1664.000	-0.424	-0.247	0.000	-30.968	6.278
3112	1664.000	-0.393	-0.088	0.000	-31.106	22.265
3128	1664.000	-0.370	-0.351	0.000	-30.855	-4.195
3768	1664.000	-0.365	-0.543	0.000	-30.299	-23.951
3784	1664.000	-0.387	-0.354	0.000	-30.183	-5.240
3800	1664.000	-0.422	-0.479	0.000	-30.099	-17.769
3816	1664.000	-0.345	-0.093	0.000	-30.135	20.820
3832	1664.000	-0.317	-0.062	0.000	-29.978	23.785
3848	1664.000	-0.323	-0.486	0.000	-30.021	-18.585
3864	1664.000	-0.328	-0.194	0.000	-30.418	11.033
3880	1664.000	-0.432	-0.402	0.000	-30.139	-10.072
3896	1664.000	-0.415	-0.518	0.000	-30.341	-21.415
3912	1664.000	-0.401	-0.098	0.000	-30.264	20.503
3928	1664.000	-0.409	-0.503	0.000	-29.989	-20.346
3944	1664.000	-0.349	-0.461	0.000	-30.382	-15.702
3960	1664.000	-0.366	-0.243	0.000	-30.270	5.943
3976	1664.000	-0.347	-0.194	0.000	-30.398	11.024
3992	1664.000	-0.375	-0.322	0.000	-30.312	-1.856
4008	1664.000	-0.361	-0.212	0.000	-30.077	8.865
4024	1664.000	-0.401	-0.244	0.000	-30.185	5.755
4040	1664.000	-0.383	-0.551	0.000	-30.324	-24.783
4056	1664.000	-0.378	-0.440	0.000	-30.099	-13.949
4072	1664.000	-0.376	-0.330	0.000	-30.625	-2.392
4088	1664.000	-0.363	-0.077	0.000	-30.305	22.624
4104	1664.000	-0.316	-0.150	0.000	-30.131	15.142
4120	1664.000	-0.404	-0.255	0.000	-30.621	5.160
4136	1664.000	-0.435	-0.010	0.061	-30.392	-1.132
4152	1664.000	-0.345	-0.262	0.000	-30.054	3.870
4168	1664.000	-0.394	-0.090	0.000	-30.361	21.410
4184	1664.000	-0.407	-0.522	0.000	-29.916	-22.271
4200	1664.000	-0.361	-0.064	0.000	-30.483	24.090
4216	1664.000	-0.375	-0.470	0.005	-30.337	-19.363
4232	1664.000	-0.374	-0.119	0.000	-29.994	18.131
4248	1664.000	-0.460	-0.367	0.000	-30.903	-5.759
4264	1664.000	-0.348	-0.225	0.031	-30.087	-7.742
4280	1664.000	-0.364	-0.442	0.000	-29.963	-14.189
4296	1664.000	-0.335	-0.062	0.000	-30.279	24.106
4312	1664.000	-0.382	-0.266	0.000	-30.260	3.618
4328	1664.000	-0.347	-0.476	0.000	-29.865	-17.713
4344	1664.000	-0.372	-0.497	0.000	-30.252	-19.492
4360	1664.000	-0.401	-0.324	0.000	-30.348	-2.059
4376	1664.000	-0.340	-0.301	0.000	-29.864	-0.248
5016	1664.000	-0.292	-0.335	0.000	-21.749	-11.731
5032	1664.000	-0.276	-0.270	0.000	-21.640	-5.355
5048	1664.000	-0.295	-0.232	0.000	-21.749	-1.469
5064	1664.000	-0.232	0.255	0.060	-21.784	17.107
5080	1664.000	-0.262	-0.065	0.000	-21.594	15.132
5096	1664.000	-0.262	-0.416	0.000	-21.691	-19.878
5112	1664.000	-0.213	-0.065	0.000	-21.970	15.461
5128	1664.000	-0.239	-0.348	0.000	-21.810	-12.986
5144	1664.000	-0.254	-0.195	0.000	-21.927	2.411
5160	1664.000	-0.267	-0.124	0.000	-21.667	9.281
5176	1664.000	-0.363	-0.233	0.000	-21.870	-1.473
5192	1664.000	-0.250	-0.111	0.000	-21.787	10.668
5208	1664.000	-0.231	-0.023	0.000	-21.777	19.470
5224	1664.000	-0.272	0.002	0.000	-22.170	22.397
5240	1664.000	-0.277	-0.106	0.000	-22.100	11.512
5256	1664.000	-0.285	-0.041	0.000	-21.703	17.590
5272	1664.000	-0.279	-0.154	0.000	-22.172	6.760
5288	1664.000	-0.316	-0.272	0.000	-21.851	-5.335
5304	1664.000	-0.304	-0.421	0.000	-21.877	-20.223
5320	1664.000	-0.289	-0.402	0.000	-21.925	-18.307
5336	1664.000	-0.257	-0.216	0.000	-21.566	-0.027
5352	1664.000	-0.314	-0.339	0.000	-22.491	-11.362
5368	1664.000	-0.296	-0.314	0.000	-21.959	-9.429
5384	1664.000	-0.233	-0.183	0.000	-21.560	3.277
5400	1664.000	-0.262	-0.225	0.000	-22.392	-0.102
5416	1664.000	-0.275	-0.112	0.000	-21.661	10.488
5432	1664.000	-0.240	-0.047	0.000	-21.552	16.822
5448	1664.000	-0.235	-0.024	0.000	-21.702	19.347
5464	1664.000	-0.265	-0.094	0.000	-21.664	12.238
5480	1664.000	-0.310	0.025	0.000	-21.688	24.232
5496	1664.000	-0.318	-0.406	0.000	-21.556	-19.003
5512	1664.000	-0.342	-0.291	0.000	-21.553	-7.548
5528	1664.000	-0.258	-0.244	0.000	-21.867	-2.554
5544	1664.000	-0.278	-0.098	0.000	-21.587	11.744
5560	1664.000	-0.251	-0.290	0.000	-21.556	-7.488
5576	1664.000	-0.301	-0.366	0.000	-21.798	-14.828
5592	1664.000	-0.299	-0.337	0.000	-21.754	-11.993
5608	1664.000	-0.262	-0.016	0.000	-21.712	20.068
5624	1664.000	-0.255	-0.291	0.000	-21.587	-7.465
6264	1664.000	-0.954	-0.651	0.000	-76.196	11.095
6280	1664.000	-0.896	-0.549	0.000	-76.193	21.337
6296	1664.000	-0.828	-0.674	0.000	-76.173	8.815
6312	1664.000	-0.891	-0.674	0.000	-76.170	8.722
6328	1664.000	-0.891	-0.744	0.000	-76.155	1.744
6344	1664.000	-1.000	-0.977	0.000	-77.859	-19.848
6360	1664.000	-0.930	-0.650	0.000	-76.155	11.132
6376	1664.000	0.688	4.215	0.000	-76.156	-2.303
6392	1664.000	-0.950	-0.849	0.000	-77.410	-7.476
6408	1664.000	-1.022	-0.894	0.000	-78.703	-10.707
6424	1664.000	-0.957	-0.918	0.000	-76.156	-15.679
6440	1664.000	-0.907	-0.908	0.000	-77.837	-12.984
6456	1664.000	-0.902	-0.938	0.000	-77.862	-15.968
6472	1664.000	-0.902	-0.730	0.000	-76.787	3.739
6488	1664.000	-0.951	-0.779	0.000	-76.756	-1.156
6504	1664.000	-0.619	-0.982	0.000	-76.202	-21.971
6520	1664.000	-0.948	-0.601	0.000	-76.788	16.676
6536	1664.000	-0.895	-0.741	0.000	-76.169	2.022
6552	1664.000	-0.993	-0.954	0.000	-76.954	-18.411
6568	1664.000	-0.950	-0.972	0.000	-76.178	-21.042
6584	1664.000	-0.976	-0.594	0.000	-77.671	18.257
6600	1664.000	-0.980	-0.594	0.000	-78.473	19.117
6616	1664.000	-0.954	-0.608	0.000	-77.836	17.066
6632	1664.000	-0.972	-1.021	0.000	-77.319	-24.752
6648	1664.000	-0.804	-0.745	0.000	-76.750	2.230
6664	1664.000	-0.941	-0.731	0.000	-76.818	3.708
6680	1664.000	-0.953	-0.746	0.000	-77.874	3.279
6696	1664.000	-0.944	-0.801	0.000	-76.177	-3.945
6712	1664.000	-0.937	-0.777	0.000	-76.216	-1.490
6728	1664.000	-0.931	-0.805	0.000	-78.442	-2.019
6744	1664.000	-0.910	-0.837	0.000	-76.155	-7.545
6760	1664.000	-0.961	-0.966	0.000	-76.155	-20.481
6776	1664.000	-0.549	-0.814	0.000	-77.847	-3.507
6792	1664.000	-0.716	-0.722	0.000	-81.241	9.042
6808	1664.000	-0.897	-0.805	0.000	-76.155	-4.382
6824	1664.000	-0.989	-0.686	0.000	-77.871	9.222
6840	1664.000	-0.932	-0.641	0.000	-80.544	16.447
6856	1664.000	-0.901	-0.701	0.000	-76.173	6.104
6872	1664.000	-0.947	-1.015	0.000	-76.830	-24.623
7512	1664.000	-0.831	-0.510	0.000	-72.219	21.265
7528	1664.000	-0.967	-0.796	0.000	-72.202	-7.354
7544	1664.000	-0.848	-0.532	0.000	-72.200	18.971
7560	1664.000	-0.919	-0.807	0.000	-72.784	-7.895
7576	1664.000	-0.922	-0.792	0.000	-73.307	-5.853
7592	1664.000	-0.856	-0.494	0.000	-72.164	22.771
7608	1664.000	-0.866	-0.732	0.000	-74.306	1.060
7624	1664.000	-0.891	-0.651	0.000	-73.307	8.238
7640	1664.000	-0.980	-0.956	0.000	-73.092	-22.551
7656	1664.000	-0.912	-0.880	0.000	-72.481	-15.564
7672	1664.000	-0.894	-0.699	0.000	-72.815	2.935
7688	1664.000	-0.956	-0.886	0.000	-75.021	-13.541
7704	1664.000	-0.892	-0.864	0.000	-72.250	-14.144
7720	1664.000	-0.704	-0.841	0.000	-72.209	-11.919
7736	1664.000	-0.897	-0.607	0.000	-72.164	11.436
7752	1664.000	-0.952	-0.780	0.000	-73.835	-4.172
7768	1664.000	-0.958	-0.721	0.000	-72.258	0.109
7784	1664.000	-0.920	-0.785	0.000	-72.164	-6.289
7800	1664.000	-0.938	-0.860	0.000	-73.756	-12.226
7816	1664.000	-0.876	-0.925	0.000	-72.217	-20.266
7832	1664.000	-0.928	-0.518	0.000	-72.164	20.384
7848	1664.000	-0.915	-0.965	0.000	-75.605	-20.923
7864	1664.000	-0.822	-0.475	0.000	-72.172	24.630
7880	1664.000	-0.902	-0.824	0.000	-72.164	-10.215
7896	1664.000	-0.579	-0.705	0.000	-75.461	4.970
7912	1664.000	-1.003	-0.854	0.000	-73.801	-11.551
7928	1664.000	-0.893	-0.818	0.000	-72.178	-9.653
7944	1664.000	-0.560	-0.650	0.000	-72.714	7.737
7960	1664.000	-0.918	-0.772	0.000	-73.540	-3.679
7976	1664.000	-0.887	-0.838	0.000	-73.558	-10.206
7992	1664.000	-0.936	-0.701	0.000	-72.909	2.778
8008	1664.000	-0.284	-0.800	0.000	-72.194	-7.767
8024	1664.000	-0.864	-0.689	0.000	-72.190	3.319
8040	1664.000	-0.986	-0.913	0.000	-73.572	-17.730
8056	1664.000	-0.922	-0.831	0.000	-72.182	-10.906
8072	1664.000	-0.731	-0.842	0.000	-73.469	-10.727
8088	1664.000	-0.942	-0.839	0.000	-72.202	-11.735
8104	1664.000	-0.929	-0.934	0.000	-72.212	-21.224
8120	1664.000	-0.907	-0.879	0.000	-72.181	-15.711
8776	1664.000	-0.249	-0.128	0.000	-25.370	12.581
8792	1664.000	-0.307	-0.342	0.000	-25.286	-8.873
8808	1664.000	-0.341	-0.262	0.000	-25.206	-0.967
8824	1664.000	-0.333	-0.480	0.000	-25.522	-22.519
8840	1664.000	-0.380	-0.349	0.000	-25.531	-9.390
8856	1664.000	-0.275	-0.070	0.000	-25.000	18.006
8872	1664.000	-0.314	-0.041	0.000	-25.502	21.404
8888	1664.000	-0.329	-0.255	0.000	-25.170	-0.283
8904	1664.000	-0.349	-0.209	0.000	-25.133	4.274
8920	1664.000	-0.286	-0.029	0.000	-25.285	22.391
8936	1664.000	-0.330	-0.203	0.000	-25.202	4.904
8952	1664.000	-0.314	-0.430	0.000	-25.139	-17.849
8968	1664.000	-0.372	-0.288	0.000	-25.295	-3.484
8984	1664.000	-0.295	-0.189	0.000	-25.249	6.346
9000	1664.000	-0.307	-0.187	0.000	-25.641	6.896
9016	1664.000	-0.390	-0.403	0.000	-25.881	-14.427
9032	1664.000	-0.253	-0.248	0.000	-25.850	1.015
9048	1664.000	-0.337	-0.485	0.000	-25.892	-22.569
9064	1664.000	-0.329	-0.360	0.000	-25.232	-10.803
9080	1664.000	-0.326	-0.242	0.000	-25.244	1.092
9096	1664.000	-0.345	-0.316	0.000	-25.607	-5.981
9112	1664.000	-0.275	-0.152	0.000	-25.002	9.848
9128	1664.000	-0.336	-0.187	0.000	-25.000	6.306
9144	1664.000	-0.352	-0.099	0.000	-25.687	15.813
9160	1664.000	-0.279	-0.044	0.000	-25.070	20.690
9176	1664.000	-0.378	-0.486	0.000	-25.240	-23.331
9192	1664.000	-0.364	-0.340	0.000	-25.111	-8.885
9208	1664.000	-0.310	-0.308	0.000	-25.189	-5.653
9224	1664.000	-0.254	-0.082	0.000	-25.266	17.026
9240	1664.000	-0.264	-0.041	0.000	-25.002	20.919
9256	1664.000	-0.316	-0.073	0.000	-25.000	17.709
9272	1664.000	-0.318	-0.294	0.000	-25.245	-4.123
9288	1664.000	-0.290	-0.460	0.000	-25.081	-20.967
9304	1664.000	-0.335	-0.134	0.000	-25.253	11.868
9320	1664.000	-0.316	-0.295	0.000	-25.133	-4.387
9336	1664.000	-0.288	-0.450	0.000	-25.396	-19.585
9352	1664.000	-0.241	-0.061	0.000	-25.253	19.136
9368	1664.000	-0.325	-0.237	0.000	-25.136	1.388
9384	1664.000	-0.320	-0.367	0.000	-25.362	-11.289
10024	1664.000	-0.413	-0.056	0.000	-29.960	24.331
10040	1664.000	-0.415	-0.486	0.000	-30.031	-18.561
10056	1664.000	-0.389	-0.262	0.000	-29.961	3.782
10072	1664.000	-0.431	-0.470	0.000	-30.285	-16.728
10088	1664.000	-0.344	-0.319	0.000	-30.303	-1.566
10104	1664.000	-0.363	-0.105	0.000	-30.022	19.533
10120	1664.000	-0.415	-0.463	0.000	-30.795	-15.480
10136	1664.000	-0.399	-0.538	0.000	-30.227	-23.612
10152	1664.000	-0.345	-0.183	0.000	-30.487	12.179
10168	1664.000	-0.418	-0.502	0.000	-30.090	-20.089
10184	1664.000	-0.315	-0.175	0.000	-29.986	12.446
10200	1664.000	-0.367	-0.198	0.000	-30.105	10.310
10216	1664.000	-0.403	-0.476	0.000	-30.336	-17.266
10232	1664.000	-0.374	-0.096	0.000	-29.951	20.395
10248	1664.000	-0.389	-0.274	0.000	-30.129	2.719
10264	1664.000	-0.346	-0.230	0.000	-30.281	7.328
10280	1664.000	-0.420	-0.213	0.000	-30.514	9.203
10296	1664.000	-0.398	-0.155	0.000	-30.084	14.543
10312	1664.000	-0.378	-0.375	0.000	-30.496	-6.991
10328	1664.000	-0.350	-0.162	0.000	-30.539	14.366
10344	1664.000	-0.404	-0.361	0.000	-30.720	-5.359
10360	1664.000	-0.449	-0.408	0.000	-31.071	-9.719
10376	1664.000	-0.350	-0.133	0.000	-30.703	17.393
10392	1664.000	-0.427	-0.503	0.000	-30.387	-19.955
10408	1664.000	-0.400	-0.092	0.000	-30.407	21.192
10424	1664.000	-0.391	-0.495	0.000	-30.495	-18.975
10440	1664.000	-0.387	-0.297	0.000	-30.189	0.492
10456	1664.000	-0.365	-0.347	0.000	-30.337	-4.336
10472	1664.000	-0.414	-0.349	0.000	-30.336	-4.538
10488	1664.000	-0.369	-0.177	0.000	-30.549	12.873
10504	1664.000	-0.400	-0.501	0.000	-30.303	-19.765
10520	1664.000	-0.387	-0.188	0.000	-31.159	12.390
10536	1664.000	-0.432	-0.514	0.000	-30.902	-20.470
10552	1664.000	-0.343	-0.439	0.000	-30.129	-13.781
10568	1664.000	-0.395	-0.476	0.000	-30.227	-17.396
10584	1664.000	-0.376	-0.523	0.000	-29.954	-22.360
10600	1664.000	-0.473	-0.544	0.000	-29.961	-24.415
10616	1664.000	-0.437	-0.504	0.000	-29.960	-20.465
10632	1664.000	-0.289	-0.063	0.000	-29.986	23.689
11272	1664.000	-0.394	-0.301	0.000	-30.224	0.075
11288	1664.000	-0.383	-0.281	0.000	-29.552	1.444
11304	1664.000	-0.359	-0.224	0.000	-29.839	7.390
11320	1664.000	-0.320	-0.072	0.000	-30.356	23.190
11336	1664.000	-0.383	-0.261	0.000	-29.405	3.322
11352	1664.000	-0.347	-0.343	0.000	-29.947	-4.352
11368	1664.000	-0.368	-0.157	0.000	-29.942	14.208
11384	1664.000	-0.352	-0.371	0.000	-29.273	-7.806
11400	1664.000	-0.378	-0.218	0.000	-29.646	7.800
11416	1664.000	-0.298	-0.145	0.000	-29.834	15.369
11432	1664.000	-0.398	-0.221	0.000	-29.617	7.512
11448	1664.000	-0.338	-0.451	0.000	-29.358	-15.754
11464	1664.000	-0.433	-0.294	0.000	-29.648	0.221
11480	1664.000	-0.353	-0.169	0.000	-30.513	13.598
11496	1664.000	-0.346	-0.300	0.000	-29.670	-0.365
11512	1664.000	-0.327	-0.050	0.000	-29.405	24.362
11528	1664.000	-0.301	-0.092	0.000	-29.670	20.484
11544	1664.000	-0.387	-0.502	0.000	-29.744	-20.477
11560	1664.000	-0.358	-0.083	0.000	-29.306	21.030
11576	1664.000	-0.372	-0.134	0.000	-29.741	16.305
11592	1664.000	-0.440	-0.394	0.000	-29.784	-9.649
11608	1664.000	-0.354	-0.115	0.000	-29.341	17.823
11624	1664.000	-0.369	-0.055	0.000	-30.456	24.909
11640	1664.000	-0.390	-0.541	0.000	-29.441	-24.660
11656	1664.000	-0.386	-0.489	0.000	-29.807	-19.064
11672	1664.000	-0.326	-0.206	0.000	-30.031	9.398
11688	1664.000	-0.315	-0.222	0.000	-29.278	7.112
11704	1664.000	-0.370	-0.077	0.000	-29.608	21.945
11720	1664.000	-0.386	-0.270	0.000	-29.565	2.536
11736	1664.000	-0.467	-0.329	0.000	-29.275	-3.630
11752	1664.000	-0.345	-0.147	0.000	-29.273	14.610
11768	1664.000	-0.392	-0.062	0.000	-29.986	23.830
11784	1664.000	-0.361	-0.355	0.000	-29.294	-6.186
11800	1664.000	-0.422	-0.187	0.000	-29.286	10.632
11816	1664.000	-0.351	-0.104	0.000	-29.725	19.365
11832	1664.000	-0.309	-0.349	0.000	-29.354	-5.575
11848	1664.000	-0.437	-0.538	0.000	-29.743	-24.047
11864	1664.000	-0.372	-0.517	0.000	-29.552	-22.139
11880	1664.000	-0.353	-0.064	0.000	-29.791	23.384
12520	1664.000	-0.312	-0.033	0.000	-23.993	20.695
12536	1664.000	-0.310	-0.404	0.000	-23.747	-16.639
12552	1664.000	-0.328	-0.228	0.000	-24.012	1.200
12568	1664.000	-0.308	-0.277	0.000	-23.821	-3.905
12584	1664.000	-0.255	-0.001	0.000	-23.566	23.451
12600	1664.000	-0.306	-0.374	0.000	-23.786	-13.648
12616	1664.000	-0.306	-0.080	0.000	-23.737	15.693
12632	1664.000	-0.339	-0.380	0.000	-23.498	-14.528
12648	1664.000	-0.303	-0.082	0.000	-23.985	15.744
12664	1664.000	-0.260	-0.100	0.000	-23.498	13.497
12680	1664.000	-0.282	-0.390	0.000	-23.498	-15.496
12696	1664.000	-0.281	-0.008	0.000	-24.090	23.274
12712	1664.000	-0.271	-0.441	0.000	-23.498	-20.609
12728	1664.000	-0.378	-0.412	0.000	-23.498	-17.675
12744	1664.000	-0.285	-0.469	0.000	-23.539	-23.407
12760	1664.000	-0.318	-0.235	0.000	-23.929	0.425
12776	1664.000	-0.329	-0.196	0.000	-23.498	3.856
12792	1664.000	-0.232	0.005	0.000	-23.502	24.029
12808	1664.000	-0.332	-0.127	0.000	-24.189	11.474
12824	1664.000	-0.248	-0.064	0.000	-23.514	17.092
12840	1664.000	-0.350	-0.403	0.000	-23.862	-16.405
12856	1664.000	-0.340	-0.179	0.000	-24.171	6.287
12872	1664.000	-0.352	-0.181	0.000	-23.655	5.516
12888	1664.000	-0.318	-0.373	0.000	-23.814	-13.483
12904	1664.000	-0.316	-0.066	0.000	-23.742	17.179
12920	1664.000	-0.257	-0.299	0.000	-23.583	-6.295
12936	1664.000	-0.312	-0.268	0.000	-23.515	-3.246
12952	1664.000	-0.317	-0.153	0.000	-23.915	8.624
12968	1664.000	-0.246	0.005	0.000	-23.861	24.379
12984	1664.000	-0.337	-0.461	0.000	-23.500	-22.648
13000	1664.000	-0.279	-0.034	0.000	-23.739	20.351
13016	1664.000	-0.327	-0.272	0.000	-24.200	-3.023
13032	1664.000	-0.308	0.004	0.000	-23.695	24.062
13048	1664.000	-0.263	-0.001	0.000	-23.535	23.458
13064	1664.000	-0.279	-0.273	0.000	-23.738	-3.519
13080	1664.000	-0.298	-0.243	0.000	-23.869	-0.418
13096	1664.000	-0.220	-0.001	0.000	-24.174	24.112
13112	1664.000	-0.299	-0.111	0.000	-23.734	12.647
13128	1664.000	-0.313	-0.320	0.000	-24.433	-7.597
13768	1664.000	-0.946	-0.830	0.000	-74.138	-8.835
13784	1664.000	-0.893	-0.636	0.000	-74.153	10.564
13800	1664.000	-0.951	-0.745	0.000	-75.460	1.001
13816	1664.000	-0.956	-0.932	0.000	-74.378	-18.790
13832	1664.000	-0.922	-0.610	0.000	-74.120	13.141
13848	1664.000	-0.905	-0.596	0.000	-74.710	15.076
13864	1664.000	-0.914	-0.530	0.000	-74.134	21.135
13880	1664.000	-0.934	-0.738	0.000	-74.134	0.349
13896	1664.000	-0.890	-0.822	0.000	-74.120	-8.059
13912	1664.000	-0.908	-0.511	0.000	-74.158	23.048
13928	1664.000	-0.822	-0.821	0.000	-76.001	-6.076
13944	1664.000	-0.937	-0.540	0.000	-74.120	20.091
13960	1664.000	-1.025	-0.825	0.000	-75.041	-7.441
13976	1664.000	0.683	4.309	0.000	-75.835	6.740
13992	1664.000	-0.921	-0.764	0.000	-74.835	-1.609
14008	1664.000	-0.867	-0.914	0.000	-74.415	-16.966
14024	1664.000	-0.908	-0.525	0.000	-74.120	21.643
14040	1664.000	-0.975	-0.778	0.000	-74.120	-3.637
14056	1664.000	-0.935	-0.791	0.000	-74.120	-4.989
14072	1664.000	-0.950	-0.603	0.000	-74.438	14.187
14088	1664.000	-0.924	-0.654	0.000	-74.134	8.715
14104	1664.000	-0.510	-0.859	0.000	-74.120	-11.786
14120	1664.000	-0.554	-0.635	0.000	-76.337	12.790
14136	1664.000	-1.033	-0.879	0.000	-76.783	-11.109
14152	1664.000	-0.941	-0.837	0.000	-74.134	-9.534
14168	1664.000	-0.940	-0.733	0.000	-75.253	1.993
14184	1664.000	-0.890	-0.548	0.000	-75.845	21.080
14200	1664.000	-0.925	-0.852	0.000	-74.453	-10.759
14216	1664.000	-0.995	-0.619	0.000	-75.743	13.883
14232	1664.000	-0.898	-0.504	0.000	-74.120	23.732
14248	1664.000	-1.008	-1.023	0.000	-77.335	-24.964
14264	1664.000	0.683	4.392	0.000	-75.813	15.046
14280	1664.000	-0.842	-0.561	0.000	-74.120	17.977
14296	1664.000	-0.928	-0.575	0.000	-76.736	19.281
14312	1664.000	-0.906	-0.946	0.000	-74.752	-19.804
14328	1664.000	-0.835	-0.827	0.000	-74.134	-8.615
14344	1664.000	-0.948	-0.671	0.000	-74.718	7.626
14360	1664.000	-1.010	-0.938	0.000	-74.120	-19.708
14376	1664.000	-0.975	-0.883	0.000	-74.120	-14.158
8	1665.000	-0.976	-1.174	0.000	-124.009	6.644
24	1665.000	-0.918	-1.357	0.000	-121.024	-14.640
40	1665.000	-0.851	-1.222	0.000	-132.127	9.887
56	1665.000	-0.955	-1.110	0.000	-131.681	20.652
72	1665.000	-0.877	-0.832	0.069	-121.011	3.094
88	1665.000	-0.904	-0.851	0.038	-121.356	17.232
104	1665.000	-0.975	-1.239	0.000	-124.154	0.260
120	1665.000	-0.932	-1.068	0.032	-126.709	4.003
136	1665.000	-0.900	-1.074	0.000	-126.279	18.886
152	1665.000	-0.714	-0.961	0.000	-121.011	24.902
168	1665.000	-0.545	-1.343	0.000	-132.904	-1.397
184	1665.000	-1.016	-1.504	0.000	-137.205	-13.222
200	1665.000	-0.958	-1.177	0.000	-124.138	6.478
216	1665.000	-0.972	-1.381	0.000	-125.827	-12.272
232	1665.000	-0.886	-0.733	0.066	-125.086	18.601
248	1665.000	-0.895	-0.741	0.046	-121.011	23.876
264	1665.000	-0.945	-1.215	0.000	-121.011	-0.509
280	1665.000	-0.893	-1.129	0.000	-121.011	8.101
296	1665.000	-0.963	-1.450	0.000	-129.560	-15.393
312	1665.000	-0.905	-0.915	0.117	-131.971	-18.149
328	1665.000	-0.877	-0.972	0.000	-121.613	24.444
344	1665.000	-0.969	-1.202	0.000	-121.024	0.836
360	1665.000	-0.581	-1.417	0.000	-139.091	-2.655
376	1665.000	-0.943	-1.389	0.000	-121.451	-17.425
392	1665.000	-0.930	-1.463	0.000	-121.744	-24.586
408	1665.000	-0.962	-1.253	0.013	-132.076	0.425
424	1665.000	-0.992	-1.343	0.000	-121.018	-13.239
440	1665.000	-0.908	-0.879	0.048	-129.052	17.157
456	1665.000	1.288	3.790	0.000	-136.979	15.992
472	1665.000	-0.763	-1.417	0.000	-126.839	-14.842
488	1665.000	-0.933	-1.248	0.000	-121.045	-3.788
504	1665.000	-0.985	-1.269	0.000	-123.545	-3.307
520	1665.000	-0.878	-1.006	0.057	-126.224	-2.792
536	1665.000	-0.944	-1.131	0.000	-125.585	12.446
552	1665.000	-0.866	-1.075	0.072	-121.054	-22.602
568	1665.000	-0.918	-0.870	0.031	-121.011	18.686
584	1665.000	-0.954	-1.271	0.011	-123.723	-8.787
600	1665.000	-0.942	-1.208	0.000	-121.062	0.284
616	1665.000	-1.020	-1.529	0.000	-134.391	-18.466
1256	1665.000	-0.208	-0.305	0.031	-21.846	-24.104
1272	1665.000	-0.221	0.069	0.074	-21.901	-8.308
1288	1665.000	-0.286	-0.316	0.030	-21.884	-24.757
1304	1665.000	-0.121	0.615	0.182	-21.740	-7.667
1320	1665.000	-0.303	-0.357	0.022	-22.136	-24.460
1336	1665.000	-0.237	-0.002	0.047	-21.962	-1.921
1352	1665.000	-0.300	-0.191	0.000	-21.823	2.767
1368	1665.000	-0.117	0.450	0.147	-21.789	-6.512
1384	1665.000	-0.302	-0.282	0.000	-21.678	-6.554
1400	1665.000	-0.255	-0.274	0.000	-21.892	-5.521
1416	1665.000	-0.115	0.588	0.159	-21.738	1.082
1432	1665.000	-0.225	-0.133	0.002	-21.821	7.355
1448	1665.000	-0.266	-0.423	0.000	-21.994	-20.268
1464	1665.000	-0.196	0.212	0.080	-21.953	2.961
1480	1665.000	-0.305	-0.402	0.000	-21.702	-18.538
1496	1665.000	-0.251	-0.181	0.000	-21.676	3.563
1512	1665.000	-0.284	-0.241	0.000	-21.677	-2.388
1528	1665.000	-0.304	-0.159	0.060	-21.677	-24.472
1544	1665.000	-0.246	-0.042	0.037	-21.828	-0.991
1560	1665.000	-0.316	-0.391	0.000	-21.883	-17.210
1576	1665.000	-0.144	0.368	0.167	-22.185	-24.705
1592	1665.000	-0.225	0.001	0.052	-21.837	-4.107
1608	1665.000	-0.252	-0.238	0.009	-21.682	-6.509
1624	1665.000	-0.227	-0.105	0.000	-21.767	11.307
1640	1665.000	-0.206	0.193	0.084	-22.079	-0.546
1656	1665.000	-0.259	-0.117	0.000	-21.745	10.082
1672	1665.000	-0.259	-0.443	0.000	-21.833	-22.516
1688	1665.000	-0.287	-0.053	0.034	-21.985	-0.530
1704	1665.000	-0.221	0.073	0.075	-21.679	-8.553
1720	1665.000	-0.211	0.224	0.059	-21.986	14.915
1736	1665.000	-0.273	-0.370	0.006	-21.742	-18.221
1752	1665.000	-0.210	0.149	0.081	-21.846	-3.628
1768	1665.000	-0.248	0.011	0.094	-21.864	-24.320
1784	1665.000	-0.281	0.017	0.000	-21.676	23.411
1800	1665.000	-0.277	-0.171	0.018	-22.136	-3.893
1816	1665.000	-0.270	-0.122	0.000	-22.467	10.294
1832	1665.000	-0.243	0.083	0.019	-21.804	20.451
1848	1665.000	-0.145	0.524	0.101	-22.391	24.220
1864	1665.000	-0.219	0.009	0.016	-22.066	14.807
2504	1665.000	-0.354	-0.150	0.000	-29.493	14.517
2520	1665.000	-0.371	-0.110	0.000	-29.705	18.747
2536	1665.000	-0.377	-0.336	0.007	-29.421	-7.703
2552	1665.000	-0.406	-0.302	0.006	-30.132	-2.792
2568	1665.000	-0.210	0.543	0.186	-29.548	-9.263
2584	1665.000	-0.392	-0.409	0.000	-29.028	-11.857
2600	1665.000	-0.283	0.124	0.043	-29.301	20.415
2616	1665.000	-0.367	-0.526	0.000	-29.539	-23.054
2632	1665.000	-0.331	-0.239	0.016	-29.295	-2.601
2648	1665.000	-0.292	0.026	0.059	-29.176	2.231
2664	1665.000	-0.255	0.117	0.089	-29.616	-3.453
2680	1665.000	-0.288	0.304	0.081	-29.112	18.999
2696	1665.000	-0.372	0.253	0.079	-29.374	15.331
2712	1665.000	-0.351	-0.374	0.000	-29.356	-8.032
2728	1665.000	-0.291	0.287	0.073	-29.028	21.022
2744	1665.000	-0.327	-0.029	0.033	-29.093	9.944
2760	1665.000	-0.352	-0.193	0.000	-29.308	10.042
2776	1665.000	-0.356	-0.258	0.000	-29.256	3.504
2792	1665.000	-0.244	0.201	0.065	-29.029	16.657
2808	1665.000	-0.413	-0.383	0.000	-29.105	-9.149
2824	1665.000	-0.390	-0.326	0.009	-29.255	-7.731
2840	1665.000	-0.357	-0.347	0.015	-29.274	-13.121
2856	1665.000	-0.224	0.413	0.164	-29.240	-11.632
2872	1665.000	-0.303	0.233	0.056	-29.289	24.604
2888	1665.000	-0.261	0.378	0.116	-29.777	9.527
2904	1665.000	-0.367	-0.387	0.000	-29.115	-9.568
2920	1665.000	-0.288	-0.030	0.098	-29.168	-22.862
2936	1665.000	-0.337	-0.367	0.026	-29.831	-19.940
2952	1665.000	-0.360	-0.326	0.000	-29.101	-3.512
2968	1665.000	-0.363	-0.270	0.000	-29.356	2.308
2984	1665.000	-0.395	-0.111	0.000	-29.812	18.709
3000	1665.000	-0.275	0.025	0.017	-29.027	23.105
3016	1665.000	-0.234	0.243	0.095	-29.170	5.961
3032	1665.000	-0.382	-0.154	0.000	-29.087	13.712
3048	1665.000	-0.398	-0.532	0.000	-29.183	-24.012
3064	1665.000	-0.362	-0.370	0.000	-29.468	-7.526
3080	1665.000	-0.384	-0.249	0.000	-29.618	4.672
3096	1665.000	-0.354	-0.136	0.030	-29.666	0.947
3112	1665.000	-0.347	-0.292	0.022	-29.791	-10.631
3128	1665.000	-0.319	-0.190	0.028	-29.563	-3.445
3768	1665.000	-0.321	-0.179	0.045	-29.039	-11.142
3784	1665.000	-0.307	0.121	0.049	-28.934	16.808
3800	1665.000	-0.237	0.514	0.193	-28.857	-16.115
3816	1665.000	-0.225	0.201	0.099	-28.890	-0.730
3832	1665.000	-0.320	-0.271	0.000	-28.748	1.684
3848	1665.000	-0.094	0.957	0.235	-28.787	6.795
3864	1665.000	-0.336	-0.212	0.000	-29.147	7.937
3880	1665.000	-0.363	-0.079	0.077	-28.894	-17.774
3896	1665.000	-0.402	-0.318	0.000	-29.077	-2.766
3912	1665.000	-0.421	-0.507	0.000	-29.007	-21.712
3928	1665.000	-0.273	0.302	0.150	-28.759	-15.932
3944	1665.000	-0.217	0.409	0.133	-29.114	3.680
3960	1665.000	-0.209	0.423	0.152	-29.013	-4.537
3976	1665.000	-0.301	-0.208	0.041	-29.128	-12.192
3992	1665.000	-0.249	0.175	0.116	-29.051	-11.202
4008	1665.000	-0.352	-0.487	0.000	-28.838	-19.815
4024	1665.000	-0.380	-0.233	0.000	-28.936	5.682
4040	1665.000	-0.378	-0.367	0.000	-29.062	-7.615
4056	1665.000	-0.356	-0.215	0.000	-28.858	7.318
4072	1665.000	-0.373	-0.321	0.000	-29.334	-2.726
4088	1665.000	-0.356	-0.241	0.024	-29.045	-7.086
4104	1665.000	-0.342	-0.525	0.000	-28.887	-23.571
4120	1665.000	-0.411	-0.428	0.000	-29.330	-13.490
4136	1665.000	-0.338	0.204	0.061	-29.123	18.975
4152	1665.000	-0.242	0.244	0.088	-28.817	9.322
4168	1665.000	-0.195	0.747	0.175	-29.095	16.267
4184	1665.000	-0.332	0.013	0.036	-28.692	11.849
4200	1665.000	-0.373	-0.374	0.000	-29.206	-8.190
4216	1665.000	-0.326	-0.023	0.005	-29.073	24.126
4232	1665.000	-0.318	-0.021	0.032	-28.763	10.864
4248	1665.000	-0.448	-0.445	0.000	-29.585	-14.896
4264	1665.000	-0.302	0.001	0.031	-28.847	13.627
4280	1665.000	-0.307	-0.023	0.004	-28.734	24.516
4296	1665.000	-0.302	-0.107	0.048	-29.021	-5.621
4312	1665.000	-0.395	-0.486	0.000	-29.004	-19.599
4328	1665.000	-0.305	-0.041	0.000	-28.646	24.572
4344	1665.000	-0.218	0.311	0.154	-28.996	-16.961
4360	1665.000	-0.356	-0.144	0.052	-29.083	-11.297
4376	1665.000	-0.329	-0.322	0.000	-28.645	-3.558
5016	1665.000	-0.288	-0.436	0.000	-20.851	-22.769
5032	1665.000	-0.279	-0.154	0.000	-20.752	5.318
5048	1665.000	-0.214	0.119	0.031	-20.851	17.004
5064	1665.000	-0.026	0.896	0.206	-20.883	7.381
5080	1665.000	-0.266	-0.214	0.020	-20.710	-10.836
5096	1665.000	-0.216	-0.021	0.000	-20.798	18.698
5112	1665.000	-0.139	0.207	0.114	-21.051	-15.451
5128	1665.000	-0.153	0.293	0.070	-20.906	15.137
5144	1665.000	-0.012	1.211	0.235	-21.012	24.454
5160	1665.000	-0.262	-0.111	0.000	-20.777	9.671
5176	1665.000	-0.261	0.180	0.069	-20.960	4.357
5192	1665.000	-0.187	0.001	0.041	-20.885	0.682
5208	1665.000	-0.170	0.264	0.066	-20.876	14.257
5224	1665.000	-0.277	-0.200	0.000	-21.231	1.238
5240	1665.000	-0.294	-0.405	0.000	-21.168	-19.353
5256	1665.000	-0.277	-0.216	0.000	-20.809	-0.839
5272	1665.000	-0.195	-0.002	0.091	-21.233	-24.635
5288	1665.000	-0.317	-0.436	0.000	-20.943	-22.673
5304	1665.000	-0.283	-0.373	0.000	-20.967	-16.286
5320	1665.000	-0.307	-0.341	0.000	-21.010	-13.115
5336	1665.000	-0.162	0.150	0.081	-20.685	-4.982
5352	1665.000	-0.275	-0.231	0.035	-21.522	-19.079
5368	1665.000	-0.292	-0.261	0.012	-21.041	-11.148
5384	1665.000	-0.131	0.361	0.083	-20.680	15.097
5400	1665.000	-0.171	0.363	0.066	-21.432	24.831
5416	1665.000	-0.237	0.009	0.000	-20.771	21.673
5432	1665.000	-0.219	-0.077	0.000	-20.672	12.997
5448	1665.000	-0.179	0.168	0.080	-20.808	-2.336
5464	1665.000	-0.279	-0.379	0.000	-20.774	-17.175
5480	1665.000	-0.243	0.070	0.006	-20.795	24.866
5496	1665.000	-0.296	0.021	0.000	-20.676	22.809
5512	1665.000	-0.317	-0.116	0.000	-20.673	9.099
5528	1665.000	-0.166	0.249	0.075	-20.958	8.350
5544	1665.000	-0.288	-0.269	0.000	-20.704	-6.189
5560	1665.000	-0.221	-0.167	0.000	-20.676	3.983
5576	1665.000	-0.227	0.154	0.064	-20.895	4.413
5592	1665.000	-0.256	0.014	0.000	-20.855	22.287
5608	1665.000	-0.210	0.050	0.066	-20.818	-7.016
5624	1665.000	-0.257	-0.247	0.000	-20.704	-4.005
6264	1665.000	-1.000	-1.157	0.000	-130.721	15.057
6280	1665.000	-0.942	-1.262	0.000	-130.718	4.496
6296	1665.000	-0.873	-1.340	0.000	-122.152	-11.856
6312	1665.000	-0.880	-0.979	0.073	-130.698	-3.748
6328	1665.000	-0.794	-0.512	0.161	-124.066	-7.689
6344	1665.000	-1.013	-1.086	0.000	-127.740	19.161
6360	1665.000	-0.985	-1.576	0.000	-141.638	-15.922
6376	1665.000	1.335	4.143	0.119	-140.235	-4.922
6392	1665.000	-0.969	-1.276	0.000	-131.820	4.216
6408	1665.000	-1.020	-1.200	0.000	-128.504	8.543
6424	1665.000	-0.972	-1.050	0.000	-128.130	23.108
6440	1665.000	-0.979	-1.393	0.000	-136.268	-3.026
6456	1665.000	-0.933	-1.278	0.035	-123.680	-21.700
6472	1665.000	-0.951	-1.293	0.000	-122.707	-6.638
6488	1665.000	-1.001	-1.217	0.000	-122.679	0.980
6504	1665.000	-0.744	-1.444	0.018	-133.132	-20.261
6520	1665.000	-0.946	-0.912	0.029	-122.709	17.072
6536	1665.000	-0.890	-0.830	0.059	-122.148	9.811
6552	1665.000	-1.007	-1.178	0.067	-126.921	-24.346
6568	1665.000	-0.959	-1.011	0.000	-122.156	21.100
6584	1665.000	-0.995	-1.092	0.000	-123.507	14.293
6600	1665.000	-1.003	-1.059	0.000	-129.847	23.944
6616	1665.000	-0.983	-1.236	0.033	-123.657	-16.649
6632	1665.000	-0.984	-1.234	0.000	-123.188	-0.162
6648	1665.000	-0.866	-1.368	0.000	-124.756	-12.042
6664	1665.000	-0.957	-1.000	0.000	-122.736	22.777
6680	1665.000	-0.572	-1.434	0.000	-123.691	-19.754
6696	1665.000	-1.012	-1.448	0.000	-122.156	-22.644
6712	1665.000	-0.976	-1.415	0.000	-122.191	-19.290
6728	1665.000	-0.937	-1.029	0.000	-124.205	21.308
6744	1665.000	-0.992	-1.408	0.000	-138.295	-2.507
6760	1665.000	-0.986	-1.332	0.000	-127.341	-5.869
6776	1665.000	-0.623	-1.121	0.000	-123.667	11.539
6792	1665.000	-0.787	-1.156	0.063	-144.555	-2.479
6808	1665.000	-0.931	-1.202	0.000	-127.342	7.135
6824	1665.000	-0.980	-1.069	0.000	-127.751	20.805
6840	1665.000	-0.990	-1.294	0.000	-138.717	9.364
6856	1665.000	-0.971	-1.393	0.000	-128.145	-11.122
6872	1665.000	-0.972	-1.394	0.000	-122.746	-16.647
7512	1665.000	-0.897	-1.310	0.000	-119.670	-11.346
7528	1665.000	-0.845	-0.381	0.150	-121.585	8.609
7544	1665.000	-0.905	-1.368	0.000	-119.653	-17.139
7560	1665.000	-0.983	-1.368	0.000	-124.244	-12.569
7576	1665.000	-0.955	-1.364	0.000	-120.654	-15.710
7592	1665.000	-0.900	-1.163	0.000	-123.683	7.405
7608	1665.000	-0.891	-1.066	0.000	-126.764	20.172
7624	1665.000	-0.945	-1.347	0.000	-120.654	-14.054
7640	1665.000	-1.003	-1.037	0.000	-120.459	16.710
7656	1665.000	-0.969	-1.318	0.000	-123.970	-7.783
7672	1665.000	-0.847	-0.796	0.060	-120.209	10.689
7688	1665.000	-1.001	-1.287	0.000	-124.136	-4.549
7704	1665.000	-0.916	-1.008	0.000	-121.628	20.785
7720	1665.000	-0.762	-0.987	0.000	-119.661	21.010
7736	1665.000	-0.921	-1.060	0.000	-119.620	13.578
7752	1665.000	-0.966	-0.984	0.000	-121.132	22.749
7768	1665.000	-1.030	-1.578	0.000	-135.864	-21.922
7784	1665.000	-0.912	-1.036	0.024	-119.620	4.188
7800	1665.000	-0.963	-1.265	0.000	-125.123	-1.373
7816	1665.000	-0.933	-1.190	0.000	-128.937	9.920
7832	1665.000	-0.980	-1.243	0.000	-133.374	9.098
7848	1665.000	-0.989	-1.515	0.000	-137.750	-13.727
7864	1665.000	-0.876	-1.341	0.000	-124.833	-9.246
7880	1665.000	-0.940	-1.294	0.000	-124.826	-4.615
7896	1665.000	-0.640	-0.970	0.044	-122.603	3.802
7912	1665.000	-0.541	3.671	1.000	-126.307	-6.592
7928	1665.000	-0.954	-1.398	0.000	-130.587	-9.182
7944	1665.000	-0.658	-1.066	0.000	-120.118	13.485
7960	1665.000	-0.964	-1.212	0.000	-120.865	-0.363
7976	1665.000	-0.903	-1.040	0.000	-124.944	20.920
7992	1665.000	-0.997	-1.452	0.000	-120.294	-24.915
8008	1665.000	-0.432	-1.038	0.000	-119.647	15.844
8024	1665.000	-0.857	-0.764	0.066	-124.849	15.597
8040	1665.000	-1.006	-1.194	0.000	-120.894	1.475
8056	1665.000	-0.974	-1.315	0.000	-135.796	4.304
8072	1665.000	-0.799	-1.035	0.000	-126.006	22.525
8088	1665.000	-0.908	-0.787	0.074	-119.654	4.139
8104	1665.000	-0.934	-1.065	0.000	-128.932	22.445
8120	1665.000	-0.947	-1.057	0.000	-121.566	15.912
8776	1665.000	-0.214	-0.086	0.000	-24.314	15.764
8792	1665.000	-0.305	-0.125	0.000	-24.239	11.735
8808	1665.000	-0.337	-0.292	0.000	-24.166	-5.031
8824	1665.000	-0.301	-0.052	0.000	-24.452	19.294
8840	1665.000	-0.268	0.232	0.076	-24.461	9.718
8856	1665.000	-0.082	0.838	0.242	-23.980	-13.043
8872	1665.000	-0.282	-0.059	0.000	-24.434	18.561
8888	1665.000	-0.232	0.244	0.108	-24.134	-5.323
8904	1665.000	-0.354	-0.343	0.010	-24.100	-15.407
8920	1665.000	-0.261	-0.135	0.000	-24.238	10.773
8936	1665.000	-0.319	-0.458	0.000	-24.163	-21.588
8952	1665.000	-0.262	-0.039	0.000	-24.106	20.222
8968	1665.000	-0.321	-0.067	0.000	-24.246	17.523
8984	1665.000	-0.236	0.023	0.063	-24.205	-4.762
9000	1665.000	-0.176	0.283	0.148	-24.559	-21.322
9016	1665.000	-0.393	-0.482	0.000	-24.777	-23.403
9032	1665.000	-0.263	-0.231	0.000	-24.749	1.649
9048	1665.000	-0.364	-0.475	0.000	-24.787	-22.740
9064	1665.000	-0.320	-0.237	0.000	-24.190	0.536
9080	1665.000	-0.281	-0.086	0.056	-24.200	-12.415
9096	1665.000	-0.325	-0.223	0.031	-24.529	-13.239
9112	1665.000	-0.219	0.099	0.019	-23.982	24.217
9128	1665.000	-0.117	0.800	0.233	-23.980	-12.488
9144	1665.000	-0.323	-0.185	0.000	-24.602	6.083
9160	1665.000	-0.242	-0.091	0.014	-24.043	7.738
9176	1665.000	-0.366	-0.240	0.016	-24.197	-7.886
9192	1665.000	-0.320	-0.074	0.064	-24.080	-15.500
9208	1665.000	-0.214	0.250	0.076	-24.150	11.090
9224	1665.000	-0.266	-0.189	0.000	-24.220	5.356
9240	1665.000	-0.233	-0.149	0.000	-23.981	9.095
9256	1665.000	-0.151	0.465	0.163	-23.980	-11.135
9272	1665.000	-0.298	-0.063	0.000	-24.202	17.923
9288	1665.000	-0.273	-0.203	0.000	-24.053	3.717
9304	1665.000	-0.286	-0.013	0.000	-24.209	22.876
9320	1665.000	-0.317	-0.387	0.000	-24.100	-14.582
9336	1665.000	-0.180	0.396	0.091	-24.338	18.394
9352	1665.000	-0.237	-0.007	0.000	-24.209	23.473
9368	1665.000	-0.310	-0.311	0.026	-24.103	-19.978
9384	1665.000	-0.302	-0.390	0.000	-24.307	-14.685
10024	1665.000	-0.310	0.056	0.081	-28.737	-6.115
10040	1665.000	-0.337	0.146	0.082	-28.801	2.584
10056	1665.000	-0.325	-0.011	0.034	-28.737	10.469
10072	1665.000	-0.361	-0.129	0.064	-29.030	-16.032
10088	1665.000	-0.345	-0.513	0.000	-29.047	-22.221
10104	1665.000	-0.254	0.284	0.103	-28.793	5.563
10120	1665.000	-0.354	-0.078	0.015	-29.492	14.460
10136	1665.000	-0.393	-0.397	0.000	-28.978	-10.715
10152	1665.000	-0.329	-0.208	0.046	-29.214	-14.864
10168	1665.000	-0.325	0.043	0.075	-28.854	-4.090
10184	1665.000	-0.085	0.968	0.214	-28.760	18.804
10200	1665.000	-0.329	-0.256	0.000	-28.868	3.235
10216	1665.000	-0.386	-0.109	0.000	-29.077	18.171
10232	1665.000	-0.355	-0.308	0.000	-28.729	-2.071
10248	1665.000	-0.359	-0.033	0.018	-28.890	16.508
10264	1665.000	-0.255	0.151	0.065	-29.027	11.701
10280	1665.000	-0.402	-0.433	0.000	-29.238	-14.086
10296	1665.000	-0.308	0.088	0.096	-28.849	-10.579
10312	1665.000	-0.376	-0.240	0.000	-29.222	5.173
10328	1665.000	-0.343	-0.211	0.000	-29.261	8.210
10344	1665.000	-0.360	-0.085	0.000	-29.424	20.903
10360	1665.000	-0.412	-0.074	0.001	-29.742	21.662
10376	1665.000	-0.246	0.250	0.083	-29.409	13.160
10392	1665.000	-0.337	0.122	0.046	-29.123	18.513
10408	1665.000	-0.309	0.240	0.058	-29.142	24.372
10424	1665.000	-0.397	-0.388	0.000	-29.221	-9.548
10440	1665.000	-0.338	0.029	0.039	-28.944	12.521
10456	1665.000	-0.293	0.047	0.027	-29.078	20.527
10472	1665.000	-0.340	-0.061	0.038	-29.077	3.848
10488	1665.000	-0.349	-0.400	0.000	-29.270	-10.728
10504	1665.000	-0.328	0.117	0.069	-29.047	6.311
10520	1665.000	-0.288	0.034	0.074	-29.822	-3.920
10536	1665.000	-0.417	-0.517	0.000	-29.589	-22.082
10552	1665.000	-0.309	-0.026	0.022	-28.890	15.525
10568	1665.000	-0.394	-0.352	0.000	-28.979	-6.181
10584	1665.000	-0.348	-0.045	0.000	-28.731	24.189
10600	1665.000	-0.354	0.211	0.122	-28.738	-11.247
10616	1665.000	-0.411	-0.277	0.000	-28.737	1.082
10632	1665.000	-0.239	-0.009	0.088	-28.760	-15.936
11272	1665.000	-0.335	-0.043	0.000	-28.939	24.649
11288	1665.000	-0.362	-0.199	0.000	-28.330	8.457
11304	1665.000	-0.267	0.278	0.096	-28.591	8.551
11320	1665.000	-0.333	-0.507	0.000	-29.058	-21.643
11336	1665.000	-0.391	-0.504	0.000	-28.198	-22.228
11352	1665.000	-0.185	0.405	0.166	-28.688	-13.621
11368	1665.000	-0.286	0.217	0.057	-28.684	22.114
11384	1665.000	-0.324	-0.329	0.000	-28.078	-4.856
11400	1665.000	-0.352	-0.138	0.039	-28.416	-4.751
11416	1665.000	-0.306	-0.207	0.000	-28.586	7.885
11432	1665.000	-0.354	0.027	0.028	-28.390	16.871
11448	1665.000	-0.309	-0.229	0.018	-28.155	-3.923
11464	1665.000	-0.435	-0.369	0.000	-28.418	-8.460
11480	1665.000	-0.306	-0.106	0.000	-29.200	18.577
11496	1665.000	-0.282	-0.060	0.057	-28.438	-5.973
11512	1665.000	-0.320	-0.249	0.000	-28.198	3.287
11528	1665.000	-0.330	-0.469	0.000	-28.437	-18.430
11544	1665.000	-0.357	-0.391	0.021	-28.505	-20.942
11560	1665.000	-0.336	-0.248	0.000	-28.108	3.289
11576	1665.000	-0.347	-0.297	0.007	-28.502	-4.517
11592	1665.000	-0.423	-0.173	0.000	-28.540	11.192
11608	1665.000	-0.303	0.051	0.046	-28.140	10.164
11624	1665.000	-0.368	-0.274	0.000	-29.149	1.735
11640	1665.000	-0.346	0.020	0.015	-28.231	22.915
11656	1665.000	-0.288	0.015	0.099	-28.562	-19.295
11672	1665.000	-0.186	0.498	0.125	-28.764	16.043
11688	1665.000	-0.304	-0.278	0.034	-28.083	-16.639
11704	1665.000	-0.335	-0.062	0.000	-28.381	22.215
11720	1665.000	-0.356	-0.232	0.000	-28.343	5.137
11736	1665.000	-0.344	0.088	0.114	-28.080	-19.912
11752	1665.000	-0.318	-0.136	0.000	-28.078	14.512
11768	1665.000	-0.326	-0.031	0.032	-28.723	9.627
11784	1665.000	-0.355	-0.213	0.009	-28.098	2.210
11800	1665.000	-0.340	0.018	0.066	-28.090	-3.258
11816	1665.000	-0.329	-0.229	0.000	-28.488	5.550
11832	1665.000	-0.196	0.266	0.109	-28.152	0.435
11848	1665.000	-0.444	-0.474	0.000	-28.503	-18.849
11864	1665.000	-0.349	-0.395	0.018	-28.331	-20.155
11880	1665.000	-0.309	-0.203	0.061	-28.547	-22.338
12520	1665.000	-0.319	-0.414	0.000	-22.986	-18.428
12536	1665.000	-0.271	-0.272	0.026	-22.765	-17.689
12552	1665.000	-0.270	0.134	0.049	-23.005	12.053
12568	1665.000	-0.318	-0.459	0.000	-22.832	-23.039
12584	1665.000	-0.285	-0.374	0.000	-22.601	-14.803
12600	1665.000	-0.151	0.537	0.111	-22.800	20.909
12616	1665.000	-0.288	-0.082	0.000	-22.755	14.532
12632	1665.000	-0.305	-0.057	0.000	-22.539	16.875
12648	1665.000	-0.302	-0.386	0.000	-22.980	-15.646
12664	1665.000	-0.247	-0.006	0.000	-22.539	21.987
12680	1665.000	-0.261	-0.230	0.000	-22.539	-0.416
12696	1665.000	-0.245	0.053	0.018	-23.075	19.402
12712	1665.000	-0.236	-0.172	0.054	-22.539	-21.871
12728	1665.000	-0.356	-0.266	0.024	-22.539	-15.923
12744	1665.000	-0.217	0.102	0.044	-22.576	10.589
12760	1665.000	-0.251	0.156	0.042	-22.929	17.444
12776	1665.000	-0.280	-0.042	0.000	-22.539	18.360
12792	1665.000	-0.243	-0.249	0.000	-22.543	-2.355
12808	1665.000	-0.300	-0.187	0.000	-23.164	4.512
12824	1665.000	-0.216	-0.016	0.023	-22.553	9.266
12840	1665.000	-0.272	0.087	0.068	-22.869	-2.518
12856	1665.000	-0.341	-0.288	0.000	-23.148	-5.652
12872	1665.000	-0.184	0.660	0.132	-22.681	22.483
12888	1665.000	-0.305	-0.268	0.015	-22.825	-11.686
12904	1665.000	-0.228	0.261	0.058	-22.760	20.085
12920	1665.000	-0.262	-0.264	0.000	-22.616	-3.734
12936	1665.000	-0.283	-0.045	0.035	-22.554	0.739
12952	1665.000	-0.269	-0.216	0.025	-22.916	-11.229
12968	1665.000	-0.219	-0.154	0.000	-22.867	7.441
12984	1665.000	-0.304	-0.327	0.024	-22.541	-22.052
13000	1665.000	-0.307	-0.413	0.000	-22.757	-18.518
13016	1665.000	-0.295	-0.185	0.000	-23.175	4.632
13032	1665.000	0.009	1.427	0.323	-22.717	3.782
13048	1665.000	-0.245	-0.003	0.000	-22.573	22.279
13064	1665.000	-0.067	0.690	0.229	-22.756	-22.527
13080	1665.000	-0.290	-0.351	0.000	-22.874	-12.263
13096	1665.000	-0.201	-0.238	0.000	-23.150	-0.603
13112	1665.000	-0.246	0.038	0.017	-22.753	17.847
13128	1665.000	-0.284	-0.272	0.000	-23.385	-3.826
13768	1665.000	-1.004	-1.410	0.000	-132.466	-8.509
13784	1665.000	-0.936	-1.374	0.000	-135.280	-2.150
13800	1665.000	-0.971	-1.284	0.000	-122.709	-5.739
13816	1665.000	-0.952	-1.090	0.000	-121.730	12.729
13832	1665.000	-0.968	-1.324	0.043	-130.044	-23.658
13848	1665.000	-0.954	-1.338	0.000	-122.030	-11.783
13864	1665.000	-0.932	-1.074	0.000	-121.509	14.096
13880	1665.000	-0.961	-1.102	0.000	-125.572	15.365
13896	1665.000	-0.926	-1.251	0.000	-121.496	-3.621
13912	1665.000	-0.916	-1.079	0.000	-121.530	13.640
13928	1665.000	-0.867	-1.026	0.000	-125.129	22.553
13944	1665.000	-0.969	-1.449	0.000	-121.496	-23.434
13960	1665.000	-1.026	-1.191	0.000	-122.330	3.185
13976	1665.000	1.222	3.611	0.000	-137.085	-1.782
13992	1665.000	-0.937	-1.207	0.000	-122.143	1.477
14008	1665.000	-0.895	-1.197	0.000	-121.763	2.027
14024	1665.000	-0.962	-1.461	0.000	-123.427	-22.670
14040	1665.000	-0.974	-1.017	0.000	-121.496	19.756
14056	1665.000	-0.978	-1.171	0.000	-131.975	14.915
14072	1665.000	-0.960	-1.126	0.024	-136.326	11.867
14088	1665.000	-0.898	-1.079	0.074	-123.440	-21.287
14104	1665.000	-0.557	-0.871	0.073	-125.559	2.168
14120	1665.000	-0.642	-1.099	0.000	-132.050	22.190
14136	1665.000	-1.056	-1.222	0.000	-123.906	1.722
14152	1665.000	-0.900	-0.948	0.096	-132.463	-10.200
14168	1665.000	-0.994	-1.260	0.000	-122.521	-3.459
14184	1665.000	-0.863	-0.962	0.098	-123.057	-22.084
14200	1665.000	-0.964	-1.117	0.000	-121.797	10.145
14216	1665.000	-1.037	-1.282	0.000	-131.090	2.861
14232	1665.000	-0.800	-0.376	0.136	-121.496	15.902
14248	1665.000	-1.025	-1.298	0.000	-124.405	-5.358
14264	1665.000	1.267	3.732	0.000	-146.333	19.568
14280	1665.000	-0.886	-0.977	0.000	-121.496	23.785
14296	1665.000	-1.002	-1.488	0.000	-136.474	-12.328
14312	1665.000	-0.957	-1.416	0.030	-134.953	-21.867
14328	1665.000	-0.904	-1.381	0.000	-132.463	-5.670
14344	1665.000	-0.899	-0.689	0.097	-135.792	18.416
14360	1665.000	-1.055	-1.301	0.000	-132.450	2.384
14376	1665.000	-1.027	-1.370	0.000	-125.559	-11.408
