# NEST version: 3.6.0-post0.dev0
# RecordingBackendASCII version: 2
sender	time_ms	V_m	I_tot	I_exc	I_inh	I_noise
6	1662.000	-0.930	-0.796	0.000	-79.416	-0.182
22	1662.000	-1.013	-0.611	0.000	-78.572	17.480
38	1662.000	-1.028	-0.897	0.000	-79.841	-9.845
54	1662.000	-1.037	-0.994	0.000	-80.177	-19.213
70	1662.000	-0.979	-0.548	0.000	-78.902	24.072
86	1662.000	-0.911	-0.747	0.000	-78.639	3.940
102	1662.000	-0.941	-0.841	0.000	-78.555	-5.524
118	1662.000	-0.945	-0.687	0.000	-79.219	10.484
134	1662.000	-1.028	-0.815	0.000	-80.233	-1.288
150	1662.000	-0.987	-0.584	0.000	-80.169	21.808
166	1662.000	-0.968	-0.897	0.000	-78.951	-10.756
182	1662.000	-0.807	-0.787	0.000	-78.601	-0.118
198	1662.000	-1.039	-0.922	0.000	-80.169	-11.984
214	1662.000	-0.962	-0.668	0.000	-78.607	11.806
230	1662.000	-0.960	-0.634	0.000	-78.555	15.135
246	1662.000	-1.000	-0.804	0.000	-79.312	-1.118
262	1662.000	-1.019	-0.819	0.000	-78.555	-3.343
278	1662.000	-0.937	-0.601	0.000	-78.577	18.446
294	1662.000	-0.918	-0.633	0.000	-78.572	15.321
310	1662.000	-0.990	-0.807	0.000	-78.577	-2.135
326	1662.000	-0.924	-0.582	0.000	-78.647	20.466
342	1662.000	-0.999	-0.805	0.000	-78.601	-1.939
358	1662.000	-1.029	-1.031	0.000	-79.360	-23.705
374	1662.000	-0.955	-0.641	0.000	-78.577	14.501
390	1662.000	-1.010	-0.854	0.000	-80.734	-4.660
406	1662.000	-0.969	-0.661	0.000	-79.333	13.200
422	1662.000	-0.995	-0.976	0.000	-80.662	-16.980
438	1662.000	-0.996	-0.706	0.000	-80.384	9.755
454	1662.000	-1.027	-0.717	0.000	-81.227	9.556
470	1662.000	-0.966	-0.978	0.000	-79.353	-18.437
486	1662.000	-1.005	-0.719	0.000	-78.555	6.641
502	1662.000	-0.998	-0.862	0.000	-79.377	-6.838
518	1662.000	-0.995	-0.625	0.000	-78.592	16.074
534	1662.000	-0.681	-1.041	0.000	-79.274	-24.806
550	1662.000	-0.998	-0.797	0.000	-78.610	-1.124
566	1662.000	-1.035	-0.752	0.000	-79.219	4.001
582	1662.000	-0.949	-0.602	0.000	-79.240	19.051
598	1662.000	-0.953	-0.594	0.000	-78.632	19.185
614	1662.000	-0.992	-0.891	0.000	-81.101	-7.953
1254	1662.000	-0.357	-0.327	0.000	-24.650	-8.100
1270	1662.000	-0.314	-0.428	0.000	-24.930	-17.830
1286	1662.000	-0.292	-0.356	0.000	-25.174	-10.387
1302	1662.000	-0.246	-0.063	0.000	-24.852	18.550
1318	1662.000	-0.330	-0.461	0.000	-24.793	-21.347
1334	1662.000	-0.271	-0.284	0.000	-24.638	-3.780
1350	1662.000	-0.366	-0.487	0.000	-24.837	-23.880
1366	1662.000	-0.326	-0.246	0.000	-24.565	0.007
1382	1662.000	-0.308	-0.409	0.000	-24.569	-16.365
1398	1662.000	-0.367	-0.318	0.000	-25.216	-6.612
1414	1662.000	-0.299	-0.130	0.000	-25.524	12.514
1430	1662.000	-0.354	-0.166	0.000	-24.659	8.088
1446	1662.000	-0.326	-0.325	0.000	-24.640	-7.837
1462	1662.000	-0.277	-0.104	0.000	-24.801	14.375
1478	1662.000	-0.288	-0.477	0.000	-24.662	-23.083
1494	1662.000	-0.325	-0.421	0.000	-24.659	-17.468
1510	1662.000	-0.306	-0.074	0.000	-24.613	17.262
1526	1662.000	-0.321	-0.208	0.000	-25.090	4.308
1542	1662.000	-0.353	-0.395	0.000	-24.662	-14.824
1558	1662.000	-0.283	-0.373	0.000	-24.569	-12.771
1574	1662.000	-0.338	-0.287	0.000	-25.099	-3.585
1590	1662.000	-0.300	-0.304	0.000	-24.721	-5.656
1606	1662.000	-0.292	-0.267	0.000	-24.569	-2.090
1622	1662.000	-0.292	-0.073	0.000	-24.655	17.371
1638	1662.000	-0.329	-0.095	0.000	-25.793	16.257
1654	1662.000	-0.323	-0.417	0.000	-24.648	-17.054
1670	1662.000	-0.304	-0.396	0.000	-24.828	-14.776
1686	1662.000	-0.279	-0.167	0.000	-24.790	8.116
1702	1662.000	-0.327	-0.422	0.000	-24.650	-17.538
1718	1662.000	-0.338	-0.468	0.000	-24.826	-21.953
1734	1662.000	-0.310	-0.327	0.000	-24.733	-7.954
1750	1662.000	-0.329	-0.261	0.000	-24.790	-1.278
1766	1662.000	-0.317	-0.046	0.000	-25.066	20.424
1782	1662.000	-0.297	-0.002	0.000	-24.561	24.402
1798	1662.000	-0.302	-0.079	0.000	-25.250	17.312
1814	1662.000	-0.300	-0.223	0.000	-25.365	3.027
1830	1662.000	-0.302	-0.312	0.000	-24.566	-6.638
1846	1662.000	-0.322	-0.455	0.000	-24.765	-20.687
1862	1662.000	-0.284	-0.084	0.000	-24.837	16.392
2518	1662.000	-0.429	-0.283	0.000	-33.816	5.563
2534	1662.000	-0.479	-0.577	0.000	-33.082	-24.627
2550	1662.000	-0.403	-0.497	0.000	-33.767	-15.939
2566	1662.000	-0.389	-0.210	0.000	-33.417	12.409
2582	1662.000	-0.392	-0.307	0.000	-33.095	2.426
2598	1662.000	-0.419	-0.411	0.000	-33.358	-7.711
2614	1662.000	-0.405	-0.150	0.000	-33.229	18.225
2630	1662.000	-0.485	-0.425	0.000	-33.645	-8.871
2646	1662.000	-0.439	-0.470	0.000	-33.307	-13.673
2662	1662.000	-0.422	-0.559	0.000	-33.135	-22.800
2678	1662.000	-0.389	-0.103	0.000	-33.423	23.081
2694	1662.000	-0.464	-0.418	0.000	-33.261	-8.513
2710	1662.000	-0.439	-0.153	0.000	-33.309	17.987
2726	1662.000	-0.339	-0.153	0.000	-32.938	17.617
2742	1662.000	-0.406	-0.536	0.000	-32.977	-20.637
2758	1662.000	-0.445	-0.546	0.000	-33.618	-21.032
2774	1662.000	-0.460	-0.558	0.000	-33.726	-22.096
2790	1662.000	-0.362	-0.478	0.000	-32.982	-14.849
2806	1662.000	-0.450	-0.544	0.000	-32.931	-21.452
2822	1662.000	-0.362	-0.554	0.000	-33.214	-22.198
2838	1662.000	-0.454	-0.561	0.000	-33.269	-22.824
2854	1662.000	-0.434	-0.572	0.000	-32.939	-24.286
2870	1662.000	-0.370	-0.256	0.000	-33.416	7.824
2886	1662.000	-0.464	-0.385	0.000	-33.454	-5.069
2902	1662.000	-0.391	-0.346	0.000	-32.894	-1.729
2918	1662.000	-0.428	-0.520	0.000	-33.150	-18.830
2934	1662.000	-0.440	-0.439	0.000	-33.967	-9.970
2950	1662.000	-0.413	-0.421	0.000	-32.893	-9.226
2966	1662.000	-0.440	-0.186	0.000	-33.028	14.394
2982	1662.000	-0.406	-0.408	0.000	-32.933	-7.851
2998	1662.000	-0.389	-0.530	0.000	-32.899	-20.060
3014	1662.000	-0.468	-0.453	0.000	-33.524	-11.779
3030	1662.000	-0.451	-0.444	0.000	-33.199	-11.251
3046	1662.000	-0.397	-0.422	0.000	-33.181	-9.063
3062	1662.000	-0.457	-0.386	0.000	-33.513	-5.076
3078	1662.000	-0.423	-0.502	0.000	-33.205	-16.966
3094	1662.000	-0.428	-0.251	0.000	-33.484	8.413
3110	1662.000	-0.435	-0.365	0.000	-33.760	-2.782
3126	1662.000	-0.491	-0.340	0.000	-33.689	-0.345
3766	1662.000	-0.401	-0.480	0.000	-32.580	-15.430
3782	1662.000	-0.380	-0.128	0.000	-32.662	19.912
3798	1662.000	-0.426	-0.278	0.000	-32.651	4.899
3814	1662.000	-0.419	-0.369	0.000	-32.692	-4.242
3830	1662.000	-0.395	-0.261	0.000	-32.651	6.525
3846	1662.000	-0.424	-0.550	0.000	-32.804	-22.226
3862	1662.000	-0.439	-0.515	0.000	-32.809	-18.701
3878	1662.000	-0.467	-0.327	0.000	-32.804	0.132
3894	1662.000	-0.424	-0.520	0.000	-33.124	-18.910
3910	1662.000	-0.378	-0.275	0.000	-32.993	5.487
3926	1662.000	-0.441	-0.158	0.000	-32.834	16.992
3942	1662.000	-0.451	-0.258	0.000	-33.183	7.402
3958	1662.000	-0.369	-0.184	0.000	-32.584	14.195
3974	1662.000	-0.365	-0.102	0.000	-32.762	22.601
3990	1662.000	-0.430	-0.268	0.000	-33.454	6.679
4006	1662.000	-0.403	-0.314	0.000	-32.752	1.327
4022	1662.000	-0.367	-0.275	0.000	-33.113	5.563
4038	1662.000	-0.405	-0.537	0.000	-32.991	-20.742
4054	1662.000	-0.375	-0.098	0.000	-32.678	22.877
4070	1662.000	-0.388	-0.343	0.000	-33.288	-1.022
4086	1662.000	-0.437	-0.094	0.000	-33.069	23.717
4102	1662.000	-0.421	-0.314	0.000	-32.585	1.199
4118	1662.000	-0.395	-0.248	0.000	-33.648	8.895
4134	1662.000	-0.473	-0.553	0.000	-32.691	-22.617
4150	1662.000	-0.451	-0.435	0.000	-33.131	-10.390
4166	1662.000	-0.473	-0.351	0.000	-33.123	-2.010
4182	1662.000	-0.394	-0.293	0.000	-32.623	3.332
4198	1662.000	-0.451	-0.260	0.000	-33.358	7.335
4214	1662.000	-0.427	-0.121	0.000	-33.035	20.915
4230	1662.000	-0.394	-0.137	0.000	-33.085	19.385
4246	1662.000	-0.467	-0.327	0.000	-33.208	0.505
4262	1662.000	-0.392	-0.254	0.000	-32.641	7.233
4278	1662.000	-0.401	-0.223	0.000	-32.692	10.434
4294	1662.000	-0.402	-0.414	0.000	-32.549	-8.900
4310	1662.000	-0.386	-0.284	0.000	-32.936	4.554
4326	1662.000	-0.433	-0.502	0.000	-32.647	-17.592
4342	1662.000	-0.405	-0.347	0.000	-32.652	-2.011
4358	1662.000	-0.400	-0.184	0.000	-33.068	14.671
4374	1662.000	-0.421	-0.222	0.000	-32.459	10.237
5014	1662.000	-0.263	0.003	0.000	-23.520	23.783
5030	1662.000	-0.212	-0.069	0.000	-23.469	16.537
5046	1662.000	-0.351	-0.247	0.000	-23.769	-0.980
5062	1662.000	-0.341	-0.404	0.000	-23.618	-16.746
5078	1662.000	-0.283	0.009	0.000	-23.553	24.478
5094	1662.000	-0.257	-0.188	0.000	-23.643	4.802
5110	1662.000	-0.277	-0.138	0.000	-23.529	9.714
5126	1662.000	-0.329	-0.181	0.000	-23.556	5.426
5142	1662.000	-0.265	-0.197	0.000	-23.792	4.115
5158	1662.000	-0.268	-0.170	0.000	-23.612	6.646
5174	1662.000	-0.352	-0.327	0.000	-23.902	-8.788
5190	1662.000	-0.331	-0.122	0.000	-23.890	11.678
5206	1662.000	-0.295	-0.362	0.000	-23.914	-12.254
5222	1662.000	-0.318	-0.126	0.000	-24.036	11.441
5238	1662.000	-0.310	-0.147	0.000	-24.292	9.631
5254	1662.000	-0.290	-0.288	0.000	-23.517	-5.252
5270	1662.000	-0.271	-0.077	0.000	-24.024	16.363
5286	1662.000	-0.284	-0.217	0.000	-23.997	2.329
5302	1662.000	-0.335	-0.455	0.000	-23.829	-21.662
5318	1662.000	-0.345	-0.383	0.000	-23.930	-14.348
5334	1662.000	-0.300	-0.449	0.000	-23.432	-21.513
5350	1662.000	-0.294	-0.342	0.000	-24.473	-9.680
5366	1662.000	-0.298	-0.347	0.000	-23.477	-11.237
5382	1662.000	-0.302	-0.340	0.000	-23.510	-10.482
5398	1662.000	-0.270	-0.021	0.000	-23.731	21.630
5414	1662.000	-0.215	-0.212	0.000	-23.772	2.568
5430	1662.000	-0.322	-0.094	0.000	-24.185	14.746
5446	1662.000	-0.300	-0.274	0.000	-23.427	-3.956
5462	1662.000	-0.302	-0.011	0.000	-23.474	22.389
5478	1662.000	-0.327	-0.154	0.000	-23.591	8.233
5494	1662.000	-0.297	-0.041	0.000	-23.430	19.369
5510	1662.000	-0.218	-0.353	0.000	-23.425	-11.872
5526	1662.000	-0.303	-0.427	0.000	-23.811	-18.910
5542	1662.000	-0.301	-0.009	0.000	-23.622	22.705
5558	1662.000	-0.290	-0.392	0.000	-23.617	-15.545
5574	1662.000	-0.285	-0.106	0.000	-23.704	13.152
5590	1662.000	-0.289	-0.060	0.000	-23.622	17.629
5606	1662.000	-0.357	-0.429	0.000	-23.613	-19.324
5622	1662.000	-0.292	-0.332	0.000	-23.718	-9.453
6262	1662.000	-1.059	-0.812	0.000	-81.367	0.203
6278	1662.000	-0.922	-0.850	0.000	-81.317	-3.704
6294	1662.000	-1.026	-0.851	0.000	-81.325	-3.793
6310	1662.000	-0.949	-0.577	0.000	-81.317	23.637
6326	1662.000	-0.945	-0.565	0.000	-81.316	24.838
6342	1662.000	-1.028	-0.823	0.000	-82.089	-0.245
6358	1662.000	-0.949	-0.781	0.000	-82.078	3.979
6374	1662.000	-0.998	-0.632	0.000	-81.318	18.086
6390	1662.000	-0.589	-0.768	0.000	-82.079	5.298
6406	1662.000	-1.018	-0.693	0.000	-84.359	15.074
6422	1662.000	-1.046	-0.678	0.000	-83.399	15.566
6438	1662.000	-1.065	-0.988	0.000	-82.051	-16.743
6454	1662.000	-1.047	-0.895	0.000	-81.719	-7.778
6470	1662.000	-1.066	-1.064	0.000	-83.121	-23.310
6486	1662.000	-0.834	-0.998	0.000	-83.325	-16.476
6502	1662.000	-1.011	-0.950	0.000	-81.719	-13.256
6518	1662.000	-0.922	-0.576	0.000	-82.384	24.785
6534	1662.000	-1.080	-1.036	0.000	-83.204	-20.405
6550	1662.000	-1.039	-0.809	0.000	-84.623	3.747
6566	1662.000	-1.048	-1.041	0.000	-82.088	-21.978
6582	1662.000	-0.995	-0.606	0.000	-83.552	22.939
6598	1662.000	-1.109	-0.931	0.000	-85.175	-7.877
6614	1662.000	-1.033	-0.816	0.000	-83.370	1.749
6630	1662.000	-1.048	-0.689	0.000	-83.401	14.543
6646	1662.000	-1.106	-1.009	0.000	-81.397	-19.511
6662	1662.000	-0.789	-0.876	0.000	-81.391	-6.179
6678	1662.000	-1.009	-0.616	0.000	-83.712	22.129
6694	1662.000	-1.019	-0.699	0.000	-81.345	11.399
6710	1662.000	-1.075	-0.907	0.000	-82.945	-7.744
6726	1662.000	-1.024	-0.622	0.000	-83.696	21.507
6742	1662.000	-1.037	-1.005	0.000	-81.317	-19.209
6758	1662.000	-0.955	-0.716	0.000	-81.317	9.739
6774	1662.000	-1.012	-0.887	0.000	-81.316	-7.358
6790	1662.000	-0.959	-0.653	0.000	-81.318	16.048
6806	1662.000	-1.142	-1.067	0.000	-83.150	-23.587
6822	1662.000	-1.014	-0.690	0.000	-82.111	13.110
6838	1662.000	-0.993	-0.796	0.000	-81.340	1.702
6854	1662.000	-1.006	-0.741	0.000	-81.325	7.229
6870	1662.000	-1.005	-0.689	0.000	-82.223	13.276
7510	1662.000	-1.036	-0.632	0.000	-78.436	15.192
7526	1662.000	-1.044	-0.979	0.000	-78.453	-19.420
7542	1662.000	-1.002	-0.836	0.000	-78.436	-5.212
7558	1662.000	-0.995	-0.992	0.000	-79.406	-19.770
7574	1662.000	-1.018	-1.048	0.000	-79.831	-24.964
7590	1662.000	-1.016	-0.700	0.000	-79.439	9.406
7606	1662.000	-0.965	-0.659	0.000	-79.416	13.481
7622	1662.000	-1.010	-0.911	0.000	-79.214	-11.879
7638	1662.000	-0.868	-0.649	0.000	-81.387	16.455
7654	1662.000	-1.043	-0.857	0.000	-78.510	-7.149
7670	1662.000	-1.023	-0.931	0.000	-80.533	-12.580
7686	1662.000	-1.022	-0.967	0.000	-79.160	-17.585
7702	1662.000	-0.936	-0.856	0.000	-78.497	-7.153
7718	1662.000	-0.940	-0.740	0.000	-78.516	4.516
7734	1662.000	-0.978	-0.722	0.000	-78.436	6.197
7750	1662.000	-1.043	-0.815	0.000	-80.078	-1.399
7766	1662.000	-0.988	-0.791	0.000	-80.040	0.956
7782	1662.000	-0.590	-0.656	0.000	-78.436	12.860
7798	1662.000	-1.018	-0.871	0.000	-79.994	-7.151
7814	1662.000	-0.998	-0.882	0.000	-78.460	-9.739
7830	1662.000	-0.976	-0.938	0.000	-80.049	-13.796
7846	1662.000	-1.035	-0.986	0.000	-83.085	-15.550
7862	1662.000	-1.055	-0.859	0.000	-79.418	-6.434
7878	1662.000	-0.967	-0.702	0.000	-78.436	8.222
7894	1662.000	-1.062	-0.929	0.000	-81.440	-11.478
7910	1662.000	-1.039	-0.965	0.000	-81.070	-15.431
7926	1662.000	-0.947	-0.608	0.000	-80.078	19.316
7942	1662.000	-0.980	-0.637	0.000	-78.458	14.784
7958	1662.000	-0.963	-0.693	0.000	-78.472	9.150
7974	1662.000	-0.977	-0.826	0.000	-80.092	-2.483
7990	1662.000	-0.790	-0.585	0.000	-78.773	20.293
8006	1662.000	-1.006	-0.996	0.000	-78.444	-21.127
8022	1662.000	-0.941	-0.858	0.000	-78.436	-7.409
8038	1662.000	-1.026	-1.026	0.000	-78.436	-24.141
8054	1662.000	-0.889	-0.638	0.000	-78.495	14.721
8070	1662.000	-0.979	-0.784	0.000	-78.436	0.039
8086	1662.000	-0.986	-0.607	0.000	-78.453	17.736
8102	1662.000	-0.839	-0.959	0.000	-78.480	-17.460
8118	1662.000	-0.959	-0.965	0.000	-79.304	-17.227
8774	1662.000	-0.339	-0.420	0.000	-27.746	-14.267
8790	1662.000	-0.349	-0.276	0.000	-27.537	-0.053
8806	1662.000	-0.296	-0.413	0.000	-27.402	-13.868
8822	1662.000	-0.364	-0.162	0.000	-27.507	11.293
8838	1662.000	-0.312	-0.066	0.000	-27.255	20.658
8854	1662.000	-0.339	-0.131	0.000	-27.173	14.027
8870	1662.000	-0.385	-0.386	0.000	-27.353	-11.230
8886	1662.000	-0.384	-0.456	0.000	-27.498	-18.085
8902	1662.000	-0.295	-0.043	0.000	-27.173	22.856
8918	1662.000	-0.346	-0.403	0.000	-27.190	-13.147
8934	1662.000	-0.360	-0.072	0.000	-27.673	20.498
8950	1662.000	-0.365	-0.489	0.000	-27.506	-21.435
8966	1662.000	-0.328	-0.414	0.000	-27.614	-13.822
8982	1662.000	-0.369	-0.242	0.000	-27.698	3.496
8998	1662.000	-0.371	-0.478	0.000	-28.685	-19.067
9014	1662.000	-0.356	-0.419	0.000	-27.595	-14.341
9030	1662.000	-0.308	-0.204	0.000	-27.760	7.313
9046	1662.000	-0.345	-0.177	0.000	-27.735	10.010
9062	1662.000	-0.333	-0.125	0.000	-27.190	14.663
9078	1662.000	-0.359	-0.257	0.000	-27.173	1.447
9094	1662.000	-0.335	-0.166	0.000	-27.494	10.862
9110	1662.000	-0.360	-0.174	0.000	-27.181	9.817
9126	1662.000	-0.330	-0.294	0.000	-27.503	-1.890
9142	1662.000	-0.369	-0.512	0.000	-27.463	-23.700
9158	1662.000	-0.374	-0.508	0.000	-27.262	-23.586
9174	1662.000	-0.336	-0.244	0.000	-27.985	3.562
9190	1662.000	-0.322	-0.488	0.000	-27.177	-21.601
9206	1662.000	-0.376	-0.044	0.000	-27.173	22.749
9222	1662.000	-0.329	-0.263	0.000	-27.698	1.429
9238	1662.000	-0.361	-0.036	0.000	-27.173	23.584
9254	1662.000	-0.285	-0.417	0.000	-27.486	-14.181
9270	1662.000	-0.299	-0.086	0.000	-27.646	19.060
9286	1662.000	-0.326	-0.169	0.000	-27.441	10.540
9302	1662.000	-0.370	-0.376	0.000	-27.861	-9.731
9318	1662.000	-0.338	-0.120	0.000	-27.598	15.629
9334	1662.000	-0.323	-0.029	0.000	-27.788	24.918
9350	1662.000	-0.334	-0.229	0.000	-27.341	4.437
9366	1662.000	-0.366	-0.265	0.000	-27.624	1.102
9382	1662.000	-0.299	-0.090	0.000	-27.643	18.647
10022	1662.000	-0.406	-0.109	0.000	-32.559	21.651
10038	1662.000	-0.420	-0.232	0.000	-32.894	9.653
10054	1662.000	-0.424	-0.206	0.000	-32.654	12.051
10070	1662.000	-0.378	-0.279	0.000	-32.867	4.984
10086	1662.000	-0.438	-0.228	0.000	-33.160	10.370
10102	1662.000	-0.344	-0.261	0.000	-32.760	6.707
10118	1662.000	-0.403	-0.285	0.000	-32.931	4.437
10134	1662.000	-0.383	-0.317	0.000	-32.834	1.115
10150	1662.000	-0.472	-0.173	0.000	-32.895	15.617
10166	1662.000	-0.436	-0.365	0.000	-32.932	-3.609
10182	1662.000	-0.351	-0.160	0.000	-32.662	16.617
10198	1662.000	-0.384	-0.086	0.000	-32.742	24.187
10214	1662.000	-0.421	-0.512	0.000	-33.024	-18.155
10230	1662.000	-0.437	-0.555	0.000	-33.075	-22.406
10246	1662.000	-0.421	-0.448	0.000	-32.804	-12.021
10262	1662.000	-0.355	-0.365	0.000	-32.719	-3.774
10278	1662.000	-0.490	-0.575	0.000	-33.985	-23.480
10294	1662.000	-0.380	-0.102	0.000	-32.872	22.683
10310	1662.000	-0.378	-0.098	0.000	-33.241	23.411
10326	1662.000	-0.418	-0.301	0.000	-33.799	3.671
10342	1662.000	-0.386	-0.294	0.000	-33.197	3.776
10358	1662.000	-0.400	-0.116	0.000	-33.836	22.268
10374	1662.000	-0.451	-0.343	0.000	-33.441	-0.904
10390	1662.000	-0.345	-0.157	0.000	-32.618	16.900
10406	1662.000	-0.477	-0.420	0.000	-33.210	-8.758
10422	1662.000	-0.412	-0.569	0.000	-33.053	-23.838
10438	1662.000	-0.421	-0.371	0.000	-32.890	-4.225
10454	1662.000	-0.462	-0.440	0.000	-33.539	-10.485
10470	1662.000	-0.457	-0.575	0.000	-33.613	-23.926
10486	1662.000	-0.427	-0.257	0.000	-33.384	7.693
10502	1662.000	-0.402	-0.364	0.000	-32.797	-3.634
10518	1662.000	-0.356	-0.316	0.000	-33.241	1.656
10534	1662.000	-0.459	-0.514	0.000	-32.891	-18.547
10550	1662.000	-0.477	-0.403	0.000	-32.560	-7.690
10566	1662.000	-0.407	-0.507	0.000	-32.647	-18.093
10582	1662.000	-0.400	-0.249	0.000	-32.668	7.779
10598	1662.000	-0.373	-0.241	0.000	-32.689	8.565
10614	1662.000	-0.412	-0.474	0.000	-32.558	-14.858
10630	1662.000	-0.399	-0.335	0.000	-32.782	-0.695
11270	1662.000	-0.462	-0.513	0.000	-32.866	-18.476
11286	1662.000	-0.360	-0.153	0.000	-32.253	16.919
11302	1662.000	-0.475	-0.521	0.000	-33.304	-18.794
11318	1662.000	-0.410	-0.213	0.000	-32.828	11.541
11334	1662.000	-0.441	-0.216	0.000	-31.817	10.169
11350	1662.000	-0.379	-0.131	0.000	-32.332	19.193
11366	1662.000	-0.406	-0.096	0.000	-32.347	22.755
11382	1662.000	-0.389	-0.258	0.000	-31.817	5.969
11398	1662.000	-0.433	-0.186	0.000	-32.279	13.652
11414	1662.000	-0.417	-0.546	0.000	-32.374	-22.213
11430	1662.000	-0.410	-0.248	0.000	-32.417	7.594
11446	1662.000	-0.360	-0.277	0.000	-32.103	4.452
11462	1662.000	-0.415	-0.367	0.000	-32.253	-4.496
11478	1662.000	-0.358	-0.114	0.000	-32.441	21.056
11494	1662.000	-0.367	-0.361	0.000	-32.079	-4.005
11510	1662.000	-0.403	-0.419	0.000	-32.007	-9.902
11526	1662.000	-0.413	-0.135	0.000	-32.275	18.817
11542	1662.000	-0.325	-0.093	0.000	-32.308	23.034
11558	1662.000	-0.453	-0.529	0.000	-31.930	-20.988
11574	1662.000	-0.360	-0.110	0.000	-32.880	21.862
11590	1662.000	-0.410	-0.296	0.000	-32.131	2.485
11606	1662.000	-0.347	-0.355	0.000	-31.937	-3.569
11622	1662.000	-0.459	-0.337	0.000	-33.290	-0.435
11638	1662.000	-0.375	-0.158	0.000	-31.827	16.057
11654	1662.000	-0.404	-0.383	0.000	-32.212	-6.093
11670	1662.000	-0.411	-0.105	0.000	-32.051	21.517
11686	1662.000	-0.311	-0.102	0.000	-31.991	21.752
11702	1662.000	-0.455	-0.483	0.000	-32.176	-16.169
11718	1662.000	-0.405	-0.328	0.000	-32.257	-0.515
11734	1662.000	-0.399	-0.403	0.000	-31.829	-8.499
11750	1662.000	-0.404	-0.315	0.000	-31.832	0.379
11766	1662.000	-0.466	-0.406	0.000	-32.328	-8.230
11782	1662.000	-0.413	-0.320	0.000	-31.833	-0.151
11798	1662.000	-0.405	-0.382	0.000	-31.917	-6.317
11814	1662.000	-0.412	-0.081	0.000	-32.299	24.224
11830	1662.000	-0.404	-0.147	0.000	-32.234	17.574
11846	1662.000	-0.450	-0.491	0.000	-32.692	-16.367
11862	1662.000	-0.458	-0.334	0.000	-32.205	-1.196
11878	1662.000	-0.496	-0.493	0.000	-32.968	-16.310
12518	1662.000	-0.306	-0.103	0.000	-25.742	15.479
12534	1662.000	-0.332	-0.489	0.000	-25.627	-23.319
12550	1662.000	-0.350	-0.390	0.000	-26.156	-12.851
12566	1662.000	-0.331	-0.164	0.000	-25.897	9.489
12582	1662.000	-0.309	-0.292	0.000	-25.540	-3.645
12598	1662.000	-0.326	-0.426	0.000	-25.881	-16.711
12614	1662.000	-0.326	-0.323	0.000	-25.899	-6.361
12630	1662.000	-0.279	-0.025	0.000	-25.621	23.101
12646	1662.000	-0.343	-0.243	0.000	-26.525	2.193
12662	1662.000	-0.357	-0.157	0.000	-25.747	10.077
12678	1662.000	-0.329	-0.079	0.000	-25.542	17.599
12694	1662.000	-0.392	-0.473	0.000	-25.925	-21.418
12710	1662.000	-0.342	-0.192	0.000	-25.546	6.351
12726	1662.000	-0.319	-0.053	0.000	-25.540	20.219
12742	1662.000	-0.299	-0.490	0.000	-25.544	-23.457
12758	1662.000	-0.307	-0.079	0.000	-25.855	17.911
12774	1662.000	-0.257	-0.237	0.000	-25.544	1.832
12790	1662.000	-0.319	-0.156	0.000	-25.707	10.080
12806	1662.000	-0.287	-0.068	0.000	-25.867	19.055
12822	1662.000	-0.320	-0.260	0.000	-25.552	-0.447
12838	1662.000	-0.358	-0.347	0.000	-26.121	-8.577
12854	1662.000	-0.293	-0.474	0.000	-25.814	-21.611
12870	1662.000	-0.330	-0.111	0.000	-25.579	14.456
12886	1662.000	-0.320	-0.255	0.000	-25.548	-0.002
12902	1662.000	-0.339	-0.462	0.000	-25.635	-20.595
12918	1662.000	-0.333	-0.431	0.000	-25.541	-17.554
12934	1662.000	-0.290	-0.164	0.000	-25.542	9.169
12950	1662.000	-0.323	-0.258	0.000	-25.842	0.088
12966	1662.000	-0.345	-0.454	0.000	-26.438	-19.011
12982	1662.000	-0.359	-0.470	0.000	-25.629	-21.340
12998	1662.000	-0.402	-0.329	0.000	-25.722	-7.152
13014	1662.000	-0.337	-0.381	0.000	-25.863	-12.249
13030	1662.000	-0.387	-0.453	0.000	-26.033	-19.308
13046	1662.000	-0.336	-0.031	0.000	-25.949	22.848
13062	1662.000	-0.332	-0.472	0.000	-25.659	-21.503
13078	1662.000	-0.408	-0.265	0.000	-26.625	0.121
13094	1662.000	-0.353	-0.015	0.000	-26.352	24.880
13110	1662.000	-0.338	-0.211	0.000	-25.651	4.574
13126	1662.000	-0.340	-0.025	0.000	-26.742	24.284
13766	1662.000	-0.943	-0.685	0.000	-80.583	12.051
13782	1662.000	-0.724	-0.880	0.000	-80.569	-7.462
13798	1662.000	-1.086	-0.676	0.000	-84.096	16.545
13814	1662.000	-1.004	-0.658	0.000	-80.561	14.800
13830	1662.000	-0.993	-0.790	0.000	-80.608	1.570
13846	1662.000	-0.981	-0.718	0.000	-81.281	9.504
13862	1662.000	-1.016	-0.631	0.000	-80.588	17.496
13878	1662.000	-1.029	-1.021	0.000	-81.019	-21.130
13894	1662.000	-1.074	-1.016	0.000	-81.957	-19.599
13910	1662.000	-1.004	-0.657	0.000	-80.561	14.846
13926	1662.000	-0.761	-0.795	0.000	-82.003	2.460
13942	1662.000	-1.037	-0.690	0.000	-80.561	11.564
13958	1662.000	-0.820	-1.003	0.000	-81.531	-18.729
13974	1662.000	-0.923	-1.025	0.000	-80.561	-21.900
13990	1662.000	-1.035	-0.855	0.000	-80.561	-4.894
14006	1662.000	-0.949	-0.936	0.000	-82.387	-11.213
14022	1662.000	-0.955	-0.988	0.000	-80.561	-18.266
14038	1662.000	-1.042	-0.595	0.000	-81.687	22.217
14054	1662.000	-0.989	-0.905	0.000	-81.233	-9.239
14070	1662.000	-1.025	-0.875	0.000	-82.432	-5.028
14086	1662.000	-1.008	-1.004	0.000	-81.276	-19.107
14102	1662.000	-1.032	-0.893	0.000	-80.607	-8.709
14118	1662.000	-1.024	-0.591	0.000	-81.957	22.836
14134	1662.000	-1.086	-0.887	0.000	-83.801	-4.854
14150	1662.000	-0.990	-0.880	0.000	-80.578	-7.467
14166	1662.000	-1.085	-0.822	0.000	-83.559	1.380
14182	1662.000	-1.006	-0.877	0.000	-80.607	-7.110
14198	1662.000	-1.026	-0.830	0.000	-81.658	-1.391
14214	1662.000	-1.041	-0.857	0.000	-83.386	-2.287
14230	1662.000	-0.985	-0.594	0.000	-80.561	21.131
14246	1662.000	-0.787	-0.954	0.000	-82.721	-12.630
14262	1662.000	-1.009	-0.796	0.000	-83.428	3.835
14278	1662.000	-0.981	-0.679	0.000	-80.561	12.682
14294	1662.000	-1.018	-0.840	0.000	-82.444	-1.530
14310	1662.000	-1.026	-0.641	0.000	-81.334	17.279
14326	1662.000	-0.987	-0.918	0.000	-80.561	-11.285
14342	1662.000	-0.996	-0.756	0.000	-80.650	5.047
14358	1662.000	-1.019	-0.960	0.000	-80.561	-15.431
14374	1662.000	-0.960	-0.567	0.000	-81.661	24.949
6	1663.000	-0.892	-0.838	0.000	-76.128	-7.697
22	1663.000	-0.969	-0.603	0.000	-75.365	15.039
38	1663.000	-0.992	-0.742	0.000	-76.513	2.276
54	1663.000	-0.980	-0.717	0.000	-76.817	5.145
70	1663.000	-0.949	-0.671	0.000	-75.663	8.588
86	1663.000	-0.907	-1.004	0.000	-75.425	-24.951
102	1663.000	-0.909	-0.910	0.000	-75.349	-15.689
118	1663.000	-0.906	-0.516	0.000	-75.950	24.305
134	1663.000	-0.069	4.354	0.000	-76.868	12.294
150	1663.000	-0.940	-0.891	0.000	-76.810	-12.279
166	1663.000	-0.931	-0.975	0.000	-75.708	-21.748
182	1663.000	-0.816	-0.902	0.000	-75.391	-14.825
198	1663.000	-1.013	-0.963	0.000	-76.810	-19.538
214	1663.000	-0.909	-0.667	0.000	-75.396	8.711
230	1663.000	-0.922	-0.890	0.000	-75.349	-13.650
246	1663.000	-0.976	-0.873	0.000	-76.034	-11.235
262	1663.000	-0.953	-0.568	0.000	-75.349	18.544
278	1663.000	-0.885	-0.645	0.000	-75.369	10.912
294	1663.000	-0.921	-0.932	0.000	-75.365	-17.790
310	1663.000	-0.929	-0.637	0.000	-75.369	11.669
326	1663.000	-0.885	-0.616	0.000	-75.432	13.814
342	1663.000	-0.959	-0.584	0.000	-75.391	17.015
358	1663.000	-1.006	-0.813	0.000	-76.077	-5.187
374	1663.000	-0.924	-0.887	0.000	-75.369	-13.349
390	1663.000	-0.958	-0.788	0.000	-77.320	-1.486
406	1663.000	-0.938	-0.831	0.000	-76.053	-7.069
422	1663.000	-0.923	-0.541	0.000	-77.256	23.120
438	1663.000	-0.946	-0.663	0.000	-77.004	10.655
454	1663.000	-1.003	-0.974	0.000	-77.767	-19.663
470	1663.000	-0.901	-0.645	0.000	-76.071	11.534
486	1663.000	-0.943	-0.646	0.000	-75.349	10.706
502	1663.000	-0.985	-0.950	0.000	-76.093	-18.888
518	1663.000	-0.952	-0.861	0.000	-75.382	-10.726
534	1663.000	-0.717	-0.792	0.000	-76.000	-3.242
550	1663.000	-0.984	-0.997	0.000	-75.399	-24.304
566	1663.000	-0.968	-0.745	0.000	-75.950	1.492
582	1663.000	-0.877	-0.556	0.000	-75.969	20.343
598	1663.000	-0.919	-0.663	0.000	-75.419	9.148
614	1663.000	-0.927	-0.696	0.000	-77.653	8.008
1254	1663.000	-0.341	-0.074	0.000	-23.639	16.274
1270	1663.000	-0.302	-0.102	0.000	-23.892	13.671
1286	1663.000	-0.257	-0.070	0.000	-24.113	17.140
1302	1663.000	-0.225	-0.214	0.000	-23.822	2.397
1318	1663.000	-0.321	-0.277	0.000	-23.769	-3.958
1334	1663.000	-0.234	-0.073	0.000	-23.628	16.377
1350	1663.000	-0.319	-0.091	0.000	-23.809	14.738
1366	1663.000	-0.347	-0.469	0.000	-23.562	-23.381
1382	1663.000	-0.303	-0.386	0.000	-23.566	-14.986
1398	1663.000	-0.340	-0.339	0.000	-24.151	-9.746
1414	1663.000	-0.328	-0.459	0.000	-24.430	-21.491
1430	1663.000	-0.309	-0.171	0.000	-23.648	6.532
1446	1663.000	-0.279	-0.081	0.000	-23.630	15.537
1462	1663.000	-0.268	-0.154	0.000	-23.775	8.379
1478	1663.000	-0.277	-0.040	0.000	-23.650	19.651
1494	1663.000	-0.340	-0.425	0.000	-23.648	-18.820
1510	1663.000	-0.278	-0.263	0.000	-23.606	-2.688
1526	1663.000	-0.294	-0.118	0.000	-24.037	12.240
1542	1663.000	-0.337	-0.340	0.000	-23.650	-10.391
1558	1663.000	-0.266	-0.138	0.000	-23.566	9.762
1574	1663.000	-0.303	-0.224	0.000	-24.045	1.648
1590	1663.000	-0.311	-0.288	0.000	-23.704	-5.085
1606	1663.000	-0.290	-0.253	0.000	-23.566	-1.707
1622	1663.000	-0.264	-0.115	0.000	-23.644	12.166
1638	1663.000	-0.309	-0.014	0.000	-24.673	23.243
1654	1663.000	-0.300	-0.088	0.000	-23.637	14.802
1670	1663.000	-0.278	-0.291	0.000	-23.800	-5.340
1686	1663.000	-0.284	-0.314	0.000	-23.766	-7.588
1702	1663.000	-0.308	-0.092	0.000	-23.639	14.483
1718	1663.000	-0.344	-0.299	0.000	-23.798	-6.150
1734	1663.000	-0.309	-0.168	0.000	-23.714	6.937
1750	1663.000	-0.327	-0.211	0.000	-23.766	2.665
1766	1663.000	-0.286	-0.209	0.000	-24.015	3.133
1782	1663.000	-0.288	-0.075	0.000	-23.559	16.072
1798	1663.000	-0.274	-0.176	0.000	-24.183	6.538
1814	1663.000	-0.248	0.004	0.000	-24.286	24.696
1830	1663.000	-0.273	-0.016	0.000	-23.563	21.981
1846	1663.000	-0.331	-0.363	0.000	-23.743	-12.562
1862	1663.000	-0.277	-0.190	0.000	-23.808	4.848
2518	1663.000	-0.393	-0.132	0.000	-32.385	19.157
2534	1663.000	-0.452	-0.249	0.000	-31.722	6.824
2550	1663.000	-0.401	-0.242	0.000	-32.341	8.169
2566	1663.000	-0.372	-0.151	0.000	-32.024	16.953
2582	1663.000	-0.391	-0.559	0.000	-31.733	-24.150
2598	1663.000	-0.406	-0.253	0.000	-31.971	6.662
2614	1663.000	-0.405	-0.297	0.000	-31.854	2.183
2630	1663.000	-0.483	-0.524	0.000	-32.231	-20.213
2646	1663.000	-0.426	-0.463	0.000	-31.925	-14.398
2662	1663.000	-0.410	-0.382	0.000	-31.769	-6.435
2678	1663.000	-0.332	-0.073	0.000	-32.030	24.762
2694	1663.000	-0.458	-0.531	0.000	-31.883	-21.224
2710	1663.000	-0.423	-0.323	0.000	-31.926	-0.414
2726	1663.000	-0.328	-0.438	0.000	-31.591	-12.185
2742	1663.000	-0.410	-0.486	0.000	-31.626	-17.004
2758	1663.000	-0.414	-0.165	0.000	-32.206	15.740
2774	1663.000	-0.459	-0.510	0.000	-32.304	-18.714
2790	1663.000	-0.360	-0.499	0.000	-31.631	-18.231
2806	1663.000	-0.429	-0.235	0.000	-31.585	8.124
2822	1663.000	-0.348	-0.317	0.000	-31.841	0.142
2838	1663.000	-0.432	-0.161	0.000	-31.890	15.839
2854	1663.000	-0.420	-0.548	0.000	-31.592	-23.200
2870	1663.000	-0.380	-0.390	0.000	-32.024	-6.975
2886	1663.000	-0.422	-0.330	0.000	-32.058	-0.923
2902	1663.000	-0.363	-0.372	0.000	-31.551	-5.650
2918	1663.000	-0.427	-0.549	0.000	-31.783	-23.145
2934	1663.000	-0.407	-0.136	0.000	-32.522	18.938
2950	1663.000	-0.409	-0.231	0.000	-31.551	8.418
2966	1663.000	-0.395	-0.161	0.000	-31.672	15.613
2982	1663.000	-0.397	-0.363	0.000	-31.587	-4.708
2998	1663.000	-0.411	-0.512	0.000	-31.556	-19.651
3014	1663.000	-0.450	-0.562	0.000	-32.121	-24.039
3030	1663.000	-0.414	-0.179	0.000	-31.827	13.955
3046	1663.000	-0.375	-0.155	0.000	-31.811	16.313
3062	1663.000	-0.449	-0.456	0.000	-32.111	-13.477
3078	1663.000	-0.389	-0.263	0.000	-31.833	5.502
3094	1663.000	-0.404	-0.458	0.000	-32.085	-13.674
3110	1663.000	-0.458	-0.538	0.000	-32.335	-21.432
3126	1663.000	-0.476	-0.509	0.000	-32.271	-18.663
3766	1663.000	-0.388	-0.178	0.000	-31.243	13.489
3782	1663.000	-0.354	-0.120	0.000	-31.318	19.304
3798	1663.000	-0.436	-0.408	0.000	-31.308	-9.472
3814	1663.000	-0.392	-0.422	0.000	-31.345	-10.900
3830	1663.000	-0.394	-0.507	0.000	-31.308	-19.438
3846	1663.000	-0.407	-0.199	0.000	-31.446	11.586
3862	1663.000	-0.435	-0.424	0.000	-31.451	-10.965
3878	1663.000	-0.411	-0.148	0.000	-31.446	16.649
3894	1663.000	-0.401	-0.197	0.000	-31.736	12.016
3910	1663.000	-0.372	-0.224	0.000	-31.617	9.208
3926	1663.000	-0.407	-0.212	0.000	-31.474	10.293
3942	1663.000	-0.418	-0.159	0.000	-31.789	15.923
3958	1663.000	-0.357	-0.278	0.000	-31.247	3.420
3974	1663.000	-0.333	-0.212	0.000	-31.409	10.175
3990	1663.000	-0.430	-0.364	0.000	-32.034	-4.346
4006	1663.000	-0.382	-0.425	0.000	-31.400	-11.064
4022	1663.000	-0.335	-0.166	0.000	-31.726	15.173
4038	1663.000	-0.392	-0.380	0.000	-31.616	-6.390
4054	1663.000	-0.358	-0.370	0.000	-31.333	-5.665
4070	1663.000	-0.359	-0.249	0.000	-31.884	6.968
4086	1663.000	-0.403	-0.118	0.000	-31.686	19.897
4102	1663.000	-0.387	-0.299	0.000	-31.248	1.376
4118	1663.000	-0.396	-0.372	0.000	-32.210	-5.033
4134	1663.000	-0.443	-0.380	0.000	-31.344	-6.613
4150	1663.000	-0.413	-0.127	0.000	-31.742	19.020
4166	1663.000	-0.445	-0.092	0.000	-31.735	22.570
4182	1663.000	-0.384	-0.298	0.000	-31.283	1.511
4198	1663.000	-0.447	-0.306	0.000	-31.948	1.370
4214	1663.000	-0.412	-0.155	0.000	-31.656	16.126
4230	1663.000	-0.371	-0.406	0.000	-31.701	-8.912
4246	1663.000	-0.464	-0.439	0.000	-31.812	-12.099
4262	1663.000	-0.370	-0.202	0.000	-31.299	11.076
4278	1663.000	-0.399	-0.548	0.000	-31.345	-23.415
4294	1663.000	-0.372	-0.269	0.000	-31.216	4.352
4310	1663.000	-0.357	-0.318	0.000	-31.566	-0.252
4326	1663.000	-0.396	-0.171	0.000	-31.305	14.221
4342	1663.000	-0.405	-0.431	0.000	-31.309	-11.814
4358	1663.000	-0.387	-0.122	0.000	-31.685	19.483
4374	1663.000	-0.372	-0.224	0.000	-31.135	8.720
5014	1663.000	-0.234	-0.124	0.000	-22.555	10.190
5030	1663.000	-0.213	-0.088	0.000	-22.509	13.753
5046	1663.000	-0.329	-0.113	0.000	-22.780	11.479
5062	1663.000	-0.292	-0.135	0.000	-22.644	9.126
5078	1663.000	-0.268	-0.211	0.000	-22.584	1.476
5094	1663.000	-0.229	0.012	0.000	-22.666	23.904
5110	1663.000	-0.255	-0.284	0.000	-22.563	-5.810
5126	1663.000	-0.303	-0.101	0.000	-22.588	12.450
5142	1663.000	-0.266	-0.086	0.000	-22.801	14.216
5158	1663.000	-0.256	0.003	0.000	-22.638	22.925
5174	1663.000	-0.320	-0.019	0.000	-22.901	20.954
5190	1663.000	-0.352	-0.447	0.000	-22.890	-21.775
5206	1663.000	-0.290	-0.479	0.000	-22.912	-24.963
5222	1663.000	-0.299	0.003	0.000	-23.021	23.339
5238	1663.000	-0.273	-0.143	0.000	-23.253	8.991
5254	1663.000	-0.268	-0.119	0.000	-22.552	10.602
5270	1663.000	-0.296	-0.419	0.000	-23.011	-18.849
5286	1663.000	-0.296	-0.428	0.000	-22.986	-19.822
5302	1663.000	-0.306	-0.014	0.000	-22.834	21.412
5318	1663.000	-0.316	0.009	0.000	-22.926	23.792
5334	1663.000	-0.281	-0.326	0.000	-22.475	-10.140
5350	1663.000	-0.284	-0.448	0.000	-23.417	-21.423
5366	1663.000	-0.277	-0.256	0.000	-22.516	-3.109
5382	1663.000	-0.268	-0.198	0.000	-22.546	2.729
5398	1663.000	-0.281	-0.342	0.000	-22.746	-11.489
5414	1663.000	-0.202	-0.097	0.000	-22.783	13.059
5430	1663.000	-0.312	-0.427	0.000	-23.156	-19.572
5446	1663.000	-0.326	-0.433	0.000	-22.471	-20.813
5462	1663.000	-0.247	0.021	0.000	-22.513	24.617
5478	1663.000	-0.293	-0.082	0.000	-22.619	14.406
5494	1663.000	-0.313	-0.388	0.000	-22.474	-16.341
5510	1663.000	-0.259	-0.439	0.000	-22.469	-21.439
5526	1663.000	-0.264	-0.134	0.000	-22.818	9.385
5542	1663.000	-0.266	-0.069	0.000	-22.647	15.743
5558	1663.000	-0.275	-0.047	0.000	-22.643	17.934
5574	1663.000	-0.243	0.006	0.000	-22.722	23.358
5590	1663.000	-0.309	-0.466	0.000	-22.648	-23.986
5606	1663.000	-0.345	-0.143	0.000	-22.639	8.300
5622	1663.000	-0.318	-0.461	0.000	-22.734	-23.333
6262	1663.000	-1.030	-1.025	0.000	-78.044	-24.406
6278	1663.000	-0.904	-0.750	0.000	-77.999	2.995
6294	1663.000	-0.982	-0.570	0.000	-78.005	20.978
6310	1663.000	-0.895	-0.593	0.000	-77.998	18.722
6326	1663.000	-0.902	-0.664	0.000	-77.998	11.635
6342	1663.000	-0.966	-0.745	0.000	-78.697	4.177
6358	1663.000	-0.921	-0.686	0.000	-78.687	10.109
6374	1663.000	-0.926	-0.645	0.000	-77.999	13.469
6390	1663.000	-0.645	-1.011	0.000	-78.688	-22.456
6406	1663.000	-0.978	-0.671	0.000	-80.751	13.605
6422	1663.000	-1.027	-1.025	0.000	-79.882	-22.648
6438	1663.000	-1.010	-0.925	0.000	-78.662	-13.835
6454	1663.000	-1.016	-0.779	0.000	-78.362	0.492
6470	1663.000	-1.007	-0.854	0.000	-79.631	-5.795
6486	1663.000	-0.826	-0.861	0.000	-79.816	-6.292
6502	1663.000	-0.968	-0.907	0.000	-78.362	-12.337
6518	1663.000	-0.910	-0.898	0.000	-78.964	-10.841
6534	1663.000	-1.038	-0.843	0.000	-79.706	-4.606
6550	1663.000	-1.010	-1.024	0.000	-80.990	-21.372
6566	1663.000	-1.024	-0.969	0.000	-78.696	-18.176
6582	1663.000	-0.958	-0.952	0.000	-80.020	-15.177
6598	1663.000	-1.057	-0.746	0.000	-81.489	6.853
6614	1663.000	-0.973	-0.749	0.000	-79.856	4.982
6630	1663.000	-1.014	-0.708	0.000	-79.884	9.055
6646	1663.000	-1.077	-0.941	0.000	-78.071	-16.038
6662	1663.000	-0.806	-0.854	0.000	-78.065	-7.369
6678	1663.000	-0.986	-0.771	0.000	-80.165	3.101
6694	1663.000	-1.010	-0.961	0.000	-78.024	-18.050
6710	1663.000	-1.011	-0.824	0.000	-79.472	-2.954
6726	1663.000	-0.951	-0.656	0.000	-80.151	14.590
6742	1663.000	-1.022	-0.874	0.000	-77.998	-9.419
6758	1663.000	0.009	4.390	0.000	-77.998	16.950
6774	1663.000	-0.970	-0.775	0.000	-77.998	0.475
6790	1663.000	-0.953	-0.840	0.000	-78.000	-6.007
6806	1663.000	-1.064	-0.764	0.000	-79.657	3.222
6822	1663.000	-0.973	-0.789	0.000	-78.717	-0.141
6838	1663.000	-0.989	-1.029	0.000	-78.019	-24.877
6854	1663.000	-0.989	-0.949	0.000	-78.006	-16.889
6870	1663.000	-0.979	-1.024	0.000	-78.819	-23.616
7510	1663.000	-0.966	-0.704	0.000	-75.235	4.852
7526	1663.000	-1.032	-0.987	0.000	-75.250	-23.435
7542	1663.000	-0.947	-0.650	0.000	-75.235	10.244
7558	1663.000	-0.048	4.329	0.000	-76.113	9.041
7574	1663.000	-0.954	-0.680	0.000	-76.498	8.526
7590	1663.000	-0.939	-0.620	0.000	-76.143	14.158
7606	1663.000	-0.917	-0.703	0.000	-76.122	5.837
7622	1663.000	-0.980	-0.749	0.000	-75.938	1.070
7638	1663.000	-0.852	-0.791	0.000	-77.905	-1.176
7654	1663.000	-0.990	-0.951	0.000	-75.302	-19.804
7670	1663.000	-0.951	-0.620	0.000	-77.132	15.178
7686	1663.000	-0.981	-0.941	0.000	-75.890	-18.214
7702	1663.000	-0.931	-0.921	0.000	-75.290	-16.774
7718	1663.000	-0.934	-0.816	0.000	-75.308	-6.325
7734	1663.000	-0.931	-0.567	0.000	-75.235	18.562
7750	1663.000	-1.011	-0.903	0.000	-76.721	-13.562
7766	1663.000	-0.059	4.223	0.000	-76.686	-1.021
7782	1663.000	-0.644	-0.809	0.000	-75.235	-5.701
7798	1663.000	-0.980	-0.988	0.000	-76.645	-22.185
7814	1663.000	-0.933	-0.603	0.000	-75.256	14.910
7830	1663.000	-0.043	4.048	0.000	-76.695	-18.484
7846	1663.000	-0.980	-0.674	0.000	-79.442	12.009
7862	1663.000	-0.120	4.114	0.000	-76.124	-12.480
7878	1663.000	-0.927	-0.954	0.000	-75.235	-20.123
7894	1663.000	-1.039	-0.947	0.000	-77.953	-16.772
7910	1663.000	-0.981	-0.548	0.000	-77.619	22.831
7926	1663.000	-0.889	-0.622	0.000	-76.720	14.501
7942	1663.000	-0.953	-0.842	0.000	-75.255	-8.899
7958	1663.000	-0.899	-0.637	0.000	-75.267	11.570
7974	1663.000	-0.931	-0.800	0.000	-76.733	-3.297
7990	1663.000	-0.771	-0.766	0.000	-75.540	-1.037
8006	1663.000	-0.986	-0.883	0.000	-75.242	-13.082
8022	1663.000	-0.033	4.073	0.000	-75.235	-17.496
8038	1663.000	-0.986	-0.910	0.000	-75.235	-15.784
8054	1663.000	-0.893	-0.908	0.000	-75.288	-15.508
8070	1663.000	-0.943	-0.778	0.000	-75.235	-2.601
8086	1663.000	-0.920	-0.640	0.000	-75.250	11.275
8102	1663.000	-0.828	-0.612	0.000	-75.275	14.065
8118	1663.000	-0.909	-0.663	0.000	-76.021	9.686
8774	1663.000	-0.351	-0.505	0.000	-26.583	-23.892
8790	1663.000	-0.361	-0.366	0.000	-26.394	-10.180
8806	1663.000	-0.254	-0.107	0.000	-26.271	15.554
8822	1663.000	-0.343	-0.221	0.000	-26.367	4.301
8838	1663.000	-0.322	-0.258	0.000	-26.139	0.356
8854	1663.000	-0.344	-0.503	0.000	-26.064	-24.229
8870	1663.000	-0.385	-0.476	0.000	-26.227	-21.373
8886	1663.000	-0.347	-0.063	0.000	-26.358	20.067
8902	1663.000	-0.289	-0.284	0.000	-26.064	-2.348
8918	1663.000	-0.330	-0.047	0.000	-26.079	21.366
8934	1663.000	-0.341	-0.390	0.000	-26.517	-12.457
8950	1663.000	-0.365	-0.273	0.000	-26.366	-0.900
8966	1663.000	-0.287	-0.083	0.000	-26.463	18.170
8982	1663.000	-0.352	-0.460	0.000	-26.539	-19.503
8998	1663.000	-0.370	-0.254	0.000	-27.432	2.044
9014	1663.000	-0.349	-0.296	0.000	-26.445	-3.165
9030	1663.000	-0.270	-0.116	0.000	-26.595	14.952
9046	1663.000	-0.345	-0.426	0.000	-26.572	-16.069
9062	1663.000	-0.323	-0.075	0.000	-26.080	18.588
9078	1663.000	-0.345	-0.127	0.000	-26.064	13.372
9094	1663.000	-0.293	-0.176	0.000	-26.354	8.783
9110	1663.000	-0.367	-0.356	0.000	-26.071	-9.525
9126	1663.000	-0.337	-0.342	0.000	-26.362	-7.883
9142	1663.000	-0.352	-0.315	0.000	-26.327	-5.151
9158	1663.000	-0.349	-0.101	0.000	-26.145	16.073
9174	1663.000	-0.288	-0.062	0.000	-26.799	20.576
9190	1663.000	-0.304	-0.370	0.000	-26.068	-10.961
9206	1663.000	-0.335	-0.202	0.000	-26.064	5.819
9222	1663.000	-0.275	-0.028	0.000	-26.539	23.743
9238	1663.000	-0.359	-0.445	0.000	-26.064	-18.442
9254	1663.000	-0.300	-0.397	0.000	-26.347	-13.382
9270	1663.000	-0.285	-0.387	0.000	-26.492	-12.229
9286	1663.000	-0.312	-0.415	0.000	-26.307	-15.168
9302	1663.000	-0.351	-0.402	0.000	-26.687	-13.482
9318	1663.000	-0.315	-0.268	0.000	-26.449	-0.361
9334	1663.000	-0.286	-0.200	0.000	-26.621	6.606
9350	1663.000	-0.338	-0.401	0.000	-26.216	-13.924
9366	1663.000	-0.352	-0.222	0.000	-26.472	4.231
9382	1663.000	-0.302	-0.138	0.000	-26.489	12.667
10022	1663.000	-0.419	-0.450	0.000	-31.230	-13.816
10038	1663.000	-0.370	-0.136	0.000	-31.533	17.975
10054	1663.000	-0.400	-0.389	0.000	-31.316	-7.576
10070	1663.000	-0.351	-0.280	0.000	-31.509	3.501
10086	1663.000	-0.445	-0.563	0.000	-31.773	-24.514
10102	1663.000	-0.361	-0.395	0.000	-31.412	-8.112
10118	1663.000	-0.394	-0.450	0.000	-31.567	-13.467
10134	1663.000	-0.408	-0.480	0.000	-31.479	-16.564
10150	1663.000	-0.451	-0.543	0.000	-31.534	-22.734
10166	1663.000	-0.393	-0.306	0.000	-31.567	0.940
10182	1663.000	-0.319	-0.092	0.000	-31.324	22.093
10198	1663.000	-0.386	-0.521	0.000	-31.395	-20.736
10214	1663.000	-0.386	-0.334	0.000	-31.651	-1.769
10230	1663.000	-0.419	-0.424	0.000	-31.697	-10.679
10246	1663.000	-0.398	-0.225	0.000	-31.452	8.918
10262	1663.000	-0.348	-0.285	0.000	-31.375	2.862
10278	1663.000	-0.456	-0.249	0.000	-32.520	7.637
10294	1663.000	-0.371	-0.517	0.000	-31.513	-20.162
10310	1663.000	-0.355	-0.209	0.000	-31.847	10.910
10326	1663.000	-0.371	-0.132	0.000	-32.352	19.167
10342	1663.000	-0.350	-0.260	0.000	-31.807	5.795
10358	1663.000	-0.394	-0.205	0.000	-32.386	11.908
10374	1663.000	-0.456	-0.464	0.000	-32.028	-14.367
10390	1663.000	-0.331	-0.334	0.000	-31.283	-2.129
10406	1663.000	-0.438	-0.410	0.000	-31.819	-9.204
10422	1663.000	-0.367	-0.130	0.000	-31.677	18.722
10438	1663.000	-0.404	-0.196	0.000	-31.530	11.907
10454	1663.000	-0.414	-0.215	0.000	-32.116	10.624
10470	1663.000	-0.462	-0.498	0.000	-32.184	-17.577
10486	1663.000	-0.396	-0.145	0.000	-31.976	17.460
10502	1663.000	-0.394	-0.304	0.000	-31.446	1.093
10518	1663.000	-0.309	-0.114	0.000	-31.847	20.405
10534	1663.000	-0.468	-0.496	0.000	-31.530	-18.021
10550	1663.000	-0.431	-0.279	0.000	-31.231	3.300
10566	1663.000	-0.408	-0.479	0.000	-31.310	-16.633
10582	1663.000	-0.401	-0.502	0.000	-31.329	-18.899
10598	1663.000	-0.350	-0.300	0.000	-31.348	1.378
10614	1663.000	-0.392	-0.102	0.000	-31.229	21.023
10630	1663.000	-0.404	-0.488	0.000	-31.432	-17.409
11270	1663.000	-0.398	-0.078	0.000	-31.468	23.669
11286	1663.000	-0.367	-0.256	0.000	-30.913	5.274
11302	1663.000	-0.442	-0.296	0.000	-31.864	2.231
11318	1663.000	-0.390	-0.082	0.000	-31.434	23.193
11334	1663.000	-0.420	-0.348	0.000	-30.518	-4.328
11350	1663.000	-0.400	-0.450	0.000	-30.985	-13.999
11366	1663.000	-0.391	-0.122	0.000	-30.998	18.807
11382	1663.000	-0.367	-0.320	0.000	-30.518	-1.531
11398	1663.000	-0.419	-0.449	0.000	-30.936	-13.931
11414	1663.000	-0.423	-0.487	0.000	-31.023	-17.679
11430	1663.000	-0.404	-0.279	0.000	-31.062	3.130
11446	1663.000	-0.341	-0.267	0.000	-30.777	4.096
11462	1663.000	-0.392	-0.435	0.000	-30.913	-12.548
11478	1663.000	-0.329	-0.149	0.000	-31.083	16.182
11494	1663.000	-0.357	-0.201	0.000	-30.755	10.616
11510	1663.000	-0.389	-0.381	0.000	-30.690	-7.399
11526	1663.000	-0.421	-0.539	0.000	-30.933	-23.003
11542	1663.000	-0.343	-0.310	0.000	-30.962	-0.026
11558	1663.000	-0.415	-0.323	0.000	-30.621	-1.673
11574	1663.000	-0.390	-0.548	0.000	-31.480	-23.361
11590	1663.000	-0.404	-0.524	0.000	-30.803	-21.589
11606	1663.000	-0.363	-0.328	0.000	-30.627	-2.206
11622	1663.000	-0.456	-0.393	0.000	-31.851	-7.498
11638	1663.000	-0.351	-0.345	0.000	-30.527	-4.020
11654	1663.000	-0.418	-0.415	0.000	-30.876	-10.577
11670	1663.000	-0.393	-0.326	0.000	-30.730	-1.822
11686	1663.000	-0.315	-0.191	0.000	-30.676	11.558
11702	1663.000	-0.435	-0.189	0.000	-30.843	11.979
11718	1663.000	-0.389	-0.474	0.000	-30.917	-16.520
11734	1663.000	-0.402	-0.320	0.000	-30.529	-1.441
11750	1663.000	-0.398	-0.344	0.000	-30.532	-3.820
11766	1663.000	-0.445	-0.550	0.000	-30.981	-23.984
11782	1663.000	-0.376	-0.227	0.000	-30.533	7.834
11798	1663.000	-0.379	-0.219	0.000	-30.609	8.734
11814	1663.000	-0.398	-0.139	0.000	-30.954	17.048
11830	1663.000	-0.361	-0.118	0.000	-30.896	19.088
11846	1663.000	-0.427	-0.269	0.000	-31.310	4.443
11862	1663.000	-0.432	-0.485	0.000	-30.869	-17.630
11878	1663.000	-0.464	-0.370	0.000	-31.560	-5.413
12518	1663.000	-0.313	-0.354	0.000	-24.681	-10.745
12534	1663.000	-0.285	-0.101	0.000	-24.576	14.508
12550	1663.000	-0.318	-0.220	0.000	-25.055	3.047
12566	1663.000	-0.301	-0.133	0.000	-24.821	11.518
12582	1663.000	-0.331	-0.434	0.000	-24.498	-18.890
12598	1663.000	-0.298	-0.041	0.000	-24.806	20.694
12614	1663.000	-0.317	-0.097	0.000	-24.823	15.173
12630	1663.000	-0.280	-0.215	0.000	-24.571	3.040
12646	1663.000	-0.317	-0.088	0.000	-25.389	16.593
12662	1663.000	-0.312	-0.006	0.000	-24.685	24.083
12678	1663.000	-0.346	-0.357	0.000	-24.500	-11.249
12694	1663.000	-0.359	-0.247	0.000	-24.846	0.143
12710	1663.000	-0.310	-0.237	0.000	-24.503	0.757
12726	1663.000	-0.290	-0.083	0.000	-24.498	16.193
12742	1663.000	-0.302	-0.491	0.000	-24.502	-24.609
12758	1663.000	-0.300	-0.426	0.000	-24.782	-17.829
12774	1663.000	-0.237	-0.266	0.000	-24.502	-2.107
12790	1663.000	-0.289	-0.121	0.000	-24.648	12.567
12806	1663.000	-0.288	-0.209	0.000	-24.794	3.938
12822	1663.000	-0.276	-0.044	0.000	-24.509	20.095
12838	1663.000	-0.358	-0.443	0.000	-25.023	-19.270
12854	1663.000	-0.265	-0.095	0.000	-24.746	15.259
12870	1663.000	-0.306	-0.065	0.000	-24.533	18.047
12886	1663.000	-0.314	-0.275	0.000	-24.505	-2.987
12902	1663.000	-0.301	-0.224	0.000	-24.584	2.229
12918	1663.000	-0.291	-0.031	0.000	-24.499	21.422
12934	1663.000	-0.253	-0.070	0.000	-24.500	17.452
12950	1663.000	-0.329	-0.238	0.000	-24.771	0.945
12966	1663.000	-0.373	-0.500	0.000	-25.310	-24.710
12982	1663.000	-0.351	-0.461	0.000	-24.579	-21.512
12998	1663.000	-0.392	-0.374	0.000	-24.662	-12.771
13014	1663.000	-0.335	-0.473	0.000	-24.790	-22.499
13030	1663.000	-0.388	-0.422	0.000	-24.944	-17.209
13046	1663.000	-0.344	-0.390	0.000	-24.868	-14.115
13062	1663.000	-0.298	-0.074	0.000	-24.605	17.216
13078	1663.000	-0.372	-0.296	0.000	-25.479	-4.130
13094	1663.000	-0.324	-0.284	0.000	-25.233	-3.119
13110	1663.000	-0.354	-0.467	0.000	-24.598	-22.093
13126	1663.000	-0.319	-0.148	0.000	-25.585	10.784
13766	1663.000	-0.935	-0.985	0.000	-77.293	-21.250
13782	1663.000	-0.702	-0.604	0.000	-77.281	16.853
13798	1663.000	-1.007	-0.706	0.000	-80.472	9.865
13814	1663.000	-0.962	-0.620	0.000	-77.274	15.253
13830	1663.000	-0.945	-0.834	0.000	-77.316	-6.095
13846	1663.000	-0.911	-0.578	0.000	-77.925	20.125
13862	1663.000	-1.013	-0.966	0.000	-77.297	-19.330
13878	1663.000	-0.989	-0.868	0.000	-77.688	-9.112
13894	1663.000	-1.016	-0.756	0.000	-78.536	2.925
13910	1663.000	-0.964	-0.737	0.000	-77.274	3.570
13926	1663.000	-0.745	-0.695	0.000	-78.578	9.081
13942	1663.000	-0.988	-0.946	0.000	-77.274	-17.373
13958	1663.000	-0.809	-0.847	0.000	-78.151	-6.547
13974	1663.000	-0.919	-0.983	0.000	-77.274	-21.072
13990	1663.000	-0.978	-0.713	0.000	-77.274	5.967
14006	1663.000	-0.941	-0.930	0.000	-78.926	-14.089
14022	1663.000	-0.886	-0.540	0.000	-77.274	23.305
14038	1663.000	-1.011	-0.995	0.000	-78.292	-21.252
14054	1663.000	-0.951	-0.751	0.000	-77.881	2.806
14070	1663.000	-0.992	-1.020	0.000	-78.966	-23.083
14086	1663.000	-0.984	-0.736	0.000	-77.920	4.348
14102	1663.000	-0.986	-0.981	0.000	-77.315	-20.804
14118	1663.000	-0.983	-1.010	0.000	-78.536	-22.500
14134	1663.000	-1.024	-0.703	0.000	-80.205	9.910
14150	1663.000	-0.966	-0.868	0.000	-77.289	-9.505
14166	1663.000	-1.036	-0.989	0.000	-79.986	-18.958
14182	1663.000	-0.965	-0.582	0.000	-77.315	19.124
14198	1663.000	-0.969	-0.642	0.000	-78.266	14.036
14214	1663.000	-0.095	4.090	0.000	-79.830	-11.164
14230	1663.000	-0.962	-0.986	0.000	-77.274	-21.337
14246	1663.000	-0.818	-0.972	0.000	-79.228	-17.994
14262	1663.000	-0.985	-1.049	0.000	-79.867	-24.996
14278	1663.000	-0.938	-0.717	0.000	-77.274	5.583
14294	1663.000	-0.983	-0.771	0.000	-78.977	1.846
14310	1663.000	-0.999	-0.851	0.000	-77.972	-7.137
14326	1663.000	-0.982	-0.945	0.000	-77.274	-17.268
14342	1663.000	-0.962	-0.725	0.000	-77.354	4.859
14358	1663.000	-1.003	-0.968	0.000	-77.274	-19.511
14374	1663.000	-0.963	-1.021	0.000	-78.268	-23.844
6	1664.000	-0.895	-0.882	0.000	-74.319	-13.848
22	1664.000	-0.938	-0.673	0.000	-73.629	6.299
38	1664.000	-0.985	-0.964	0.000	-74.667	-21.685
54	1664.000	-0.931	-0.673	0.000	-74.942	7.597
70	1664.000	-0.944	-0.912	0.000	-73.898	-17.327
86	1664.000	-0.887	-0.852	0.000	-73.683	-11.504
102	1664.000	-0.871	-0.493	0.000	-73.615	24.329
118	1664.000	-0.865	-0.835	0.000	-74.158	-9.388
134	1664.000	0.678	4.008	0.000	-74.988	-24.259
150	1664.000	-0.908	-0.921	0.000	-74.936	-17.202
166	1664.000	-0.900	-0.823	0.000	-73.939	-8.393
182	1664.000	-0.796	-0.717	0.000	-73.652	1.913
198	1664.000	-0.963	-0.754	0.000	-74.936	-0.463
214	1664.000	-0.888	-0.976	0.000	-73.657	-23.914
230	1664.000	-0.915	-0.823	0.000	-73.615	-8.721
246	1664.000	-0.904	-0.532	0.000	-74.234	21.067
262	1664.000	-0.907	-0.839	0.000	-73.615	-10.328
278	1664.000	-0.866	-0.706	0.000	-73.633	3.069
294	1664.000	-0.902	-0.967	0.000	-73.629	-23.078
310	1664.000	-0.928	-0.964	0.000	-73.633	-22.792
326	1664.000	-0.900	-0.972	0.000	-73.690	-23.482
342	1664.000	-0.914	-0.803	0.000	-73.652	-6.690
358	1664.000	-0.953	-0.738	0.000	-74.273	0.519
374	1664.000	-0.866	-0.570	0.000	-73.633	16.602
390	1664.000	-0.921	-0.932	0.000	-75.398	-17.796
406	1664.000	-0.908	-0.781	0.000	-74.251	-3.824
422	1664.000	-0.934	-0.989	0.000	-75.340	-23.593
438	1664.000	-0.931	-0.846	0.000	-75.111	-9.462
454	1664.000	-0.949	-0.556	0.000	-75.802	20.222
470	1664.000	-0.896	-0.811	0.023	-74.267	-18.230
486	1664.000	-0.894	-0.739	0.000	-73.615	-0.287
502	1664.000	-0.972	-0.984	0.000	-74.287	-24.112
518	1664.000	-0.929	-0.938	0.000	-75.726	-18.113
534	1664.000	-0.693	-0.626	0.000	-74.203	11.564
550	1664.000	-0.959	-0.868	0.000	-73.659	-13.157
566	1664.000	-0.928	-0.653	0.020	-74.158	-1.114
582	1664.000	-0.864	-0.740	0.000	-74.175	0.193
598	1664.000	-0.896	-0.863	0.000	-73.677	-12.625
614	1664.000	-0.930	-0.964	0.000	-75.699	-20.723
1254	1664.000	-0.338	-0.423	0.000	-22.670	-19.625
1270	1664.000	-0.321	-0.458	0.000	-22.899	-22.892
1286	1664.000	-0.227	-0.133	0.000	-23.099	9.752
1302	1664.000	-0.223	-0.052	0.000	-22.835	17.615
1318	1664.000	-0.282	-0.157	0.000	-22.788	7.055
1334	1664.000	-0.215	-0.174	0.000	-22.660	5.243
1350	1664.000	-0.306	-0.433	0.000	-22.823	-20.467
1366	1664.000	-0.322	-0.156	0.000	-22.601	7.033
1382	1664.000	-0.305	-0.316	0.000	-22.604	-9.044
1398	1664.000	-0.295	-0.004	0.000	-23.133	22.768
1414	1664.000	-0.324	-0.163	0.000	-23.386	7.067
1430	1664.000	-0.303	-0.389	0.000	-22.678	-16.243
1446	1664.000	-0.269	-0.121	0.000	-22.662	10.584
1462	1664.000	-0.272	-0.154	0.000	-22.793	7.418
1478	1664.000	-0.282	-0.265	0.000	-22.680	-3.822
1494	1664.000	-0.346	-0.382	0.000	-22.678	-15.497
1510	1664.000	-0.276	-0.247	0.000	-22.640	-2.026
1526	1664.000	-0.280	-0.223	0.000	-23.030	0.708
1542	1664.000	-0.318	-0.058	0.000	-22.680	16.866
1558	1664.000	-0.239	0.001	0.000	-22.604	22.693
1574	1664.000	-0.283	-0.208	0.000	-23.037	2.235
1590	1664.000	-0.320	-0.354	0.000	-22.729	-12.667
1606	1664.000	-0.279	-0.208	0.000	-22.604	1.768
1622	1664.000	-0.262	-0.341	0.000	-22.674	-11.392
1638	1664.000	-0.269	-0.010	0.014	-23.606	15.345
1654	1664.000	-0.275	-0.075	0.000	-22.669	15.168
1670	1664.000	-0.291	-0.252	0.000	-22.816	-2.343
1686	1664.000	-0.293	-0.290	0.000	-22.785	-6.172
1702	1664.000	-0.311	-0.222	0.000	-22.670	0.465
1718	1664.000	-0.246	0.370	0.080	-22.814	19.800
1734	1664.000	-0.275	-0.023	0.000	-22.738	20.467
1750	1664.000	-0.292	-0.237	0.031	-22.785	-16.572
1766	1664.000	-0.284	-0.328	0.001	-23.010	-10.257
1782	1664.000	-0.268	-0.146	0.000	-22.597	8.000
1798	1664.000	-0.282	-0.252	0.000	-23.162	-2.078
1814	1664.000	-0.211	0.182	0.040	-23.255	21.534
1830	1664.000	-0.273	-0.153	0.000	-22.601	7.313
1846	1664.000	-0.329	-0.230	0.000	-22.764	-0.201
1862	1664.000	-0.234	-0.075	0.000	-22.823	15.326
2518	1664.000	-0.361	-0.102	0.000	-31.018	20.818
2534	1664.000	-0.459	-0.484	0.000	-30.417	-17.936
2550	1664.000	-0.328	0.115	0.078	-30.978	3.620
2566	1664.000	-0.349	-0.381	0.000	-30.691	-7.397
2582	1664.000	-0.349	-0.118	0.000	-30.428	18.589
2598	1664.000	-0.376	-0.252	0.000	-30.643	5.491
2614	1664.000	-0.382	-0.299	0.000	-30.538	0.589
2630	1664.000	-0.452	-0.278	0.000	-30.878	3.048
2646	1664.000	-0.407	-0.278	0.000	-30.601	2.785
2662	1664.000	-0.424	-0.493	0.000	-30.460	-18.862
2678	1664.000	-0.323	-0.240	0.000	-30.697	6.692
2694	1664.000	-0.438	-0.261	0.000	-30.564	4.504
2710	1664.000	-0.369	-0.108	0.000	-30.603	19.843
2726	1664.000	-0.311	-0.344	0.000	-30.300	-4.075
2742	1664.000	-0.383	-0.111	0.000	-30.331	19.222
2758	1664.000	-0.405	-0.343	0.000	-30.856	-3.455
2774	1664.000	-0.460	-0.476	0.000	-30.944	-16.615
2790	1664.000	-0.364	-0.486	0.000	-30.335	-18.226
2806	1664.000	-0.411	-0.156	0.000	-30.294	14.698
2822	1664.000	-0.317	-0.126	0.000	-30.525	17.907
2838	1664.000	-0.439	-0.407	0.000	-30.570	-10.107
2854	1664.000	-0.374	-0.241	0.000	-30.300	6.242
2870	1664.000	-0.366	-0.329	0.000	-30.691	-2.201
2886	1664.000	-0.377	-0.271	0.000	-30.722	3.635
2902	1664.000	-0.334	-0.277	0.000	-30.264	2.579
2918	1664.000	-0.413	-0.462	0.000	-30.473	-15.713
2934	1664.000	-0.380	-0.176	0.000	-31.142	13.583
2950	1664.000	-0.422	-0.525	0.000	-30.263	-22.221
2966	1664.000	-0.367	-0.258	0.000	-30.373	4.531
2982	1664.000	-0.374	-0.151	0.000	-30.296	15.220
2998	1664.000	-0.356	-0.073	0.000	-30.267	22.920
3014	1664.000	-0.388	-0.124	0.000	-30.779	18.387
3030	1664.000	-0.409	-0.501	0.000	-30.513	-19.551
3046	1664.000	-0.366	-0.550	0.000	-30.498	-24.550
3062	1664.000	-0.385	-0.109	0.000	-30.770	19.854
3078	1664.000	-0.358	0.030	0.062	-30.518	2.452
3094	1664.000	-0.425	-0.547	0.000	-30.746	-23.975
3110	1664.000	-0.462	-0.433	0.000	-30.973	-12.365
3126	1664.000	-0.448	-0.509	0.000	-30.914	-19.943
3766	1664.000	-0.335	-0.095	0.000	-29.963	20.419
3782	1664.000	-0.350	-0.549	0.000	-30.030	-24.831
3798	1664.000	-0.408	-0.215	0.000	-30.021	8.540
3814	1664.000	-0.396	-0.360	0.000	-30.054	-5.899
3830	1664.000	-0.374	-0.173	0.000	-30.021	12.719
3846	1664.000	-0.347	0.223	0.083	-30.146	10.871
3862	1664.000	-0.420	-0.341	0.000	-30.151	-3.956
3878	1664.000	-0.392	-0.501	0.000	-30.146	-19.975
3894	1664.000	-0.401	-0.497	0.000	-30.408	-19.341
3910	1664.000	-0.347	-0.325	0.000	-30.301	-2.184
3926	1664.000	-0.355	-0.137	0.000	-30.171	16.430
3942	1664.000	-0.407	-0.383	0.000	-30.456	-7.880
3958	1664.000	-0.372	-0.503	0.000	-29.966	-20.295
3974	1664.000	-0.354	-0.462	0.000	-30.112	-16.097
3990	1664.000	-0.433	-0.518	0.000	-30.678	-21.101
4006	1664.000	-0.356	-0.071	0.000	-30.104	22.962
4022	1664.000	-0.366	-0.541	0.000	-30.399	-23.712
4038	1664.000	-0.370	-0.169	0.000	-30.300	13.424
4054	1664.000	-0.313	-0.073	0.000	-30.043	22.695
4070	1664.000	-0.364	-0.292	0.000	-30.542	1.321
4086	1664.000	-0.399	-0.397	0.000	-30.363	-9.369
4102	1664.000	-0.367	-0.165	0.000	-29.967	13.455
4118	1664.000	-0.387	-0.344	0.000	-30.837	-3.543
4134	1664.000	-0.416	-0.477	0.000	-30.054	-17.670
4150	1664.000	-0.364	-0.136	0.000	-30.414	16.818
4166	1664.000	-0.406	0.025	0.056	-30.407	5.031
4182	1664.000	-0.380	-0.423	0.000	-29.998	-12.340
4198	1664.000	-0.445	-0.542	0.000	-30.600	-23.620
4214	1664.000	-0.390	-0.476	0.000	-30.335	-17.306
4230	1664.000	-0.371	-0.220	0.000	-30.376	8.393
4246	1664.000	-0.448	-0.283	0.000	-30.477	2.169
4262	1664.000	-0.342	0.075	0.088	-30.013	-6.405
4278	1664.000	-0.386	-0.472	0.000	-30.055	-17.185
4294	1664.000	-0.353	-0.397	0.000	-29.937	-9.777
4310	1664.000	-0.373	-0.425	0.000	-30.254	-12.220
4326	1664.000	-0.386	-0.309	0.000	-30.018	-0.916
4342	1664.000	-0.370	-0.218	0.000	-30.022	8.266
4358	1664.000	-0.307	0.220	0.056	-30.362	24.539
4374	1664.000	-0.349	-0.332	0.000	-29.864	-3.369
5014	1664.000	-0.217	0.154	0.093	-21.629	-9.239
5030	1664.000	-0.249	-0.454	0.000	-21.588	-23.805
5046	1664.000	-0.339	-0.447	0.000	-21.834	-22.876
5062	1664.000	-0.244	-0.054	0.000	-21.710	16.272
5078	1664.000	-0.281	-0.338	0.000	-21.656	-12.145
5094	1664.000	-0.236	-0.241	0.000	-21.730	-2.408
5110	1664.000	-0.208	-0.019	0.000	-21.637	19.712
5126	1664.000	-0.295	-0.180	0.000	-21.660	3.658
5142	1664.000	-0.243	-0.109	0.000	-21.853	10.903
5158	1664.000	-0.253	-0.296	0.014	-21.705	-14.801
5174	1664.000	-0.305	-0.421	0.000	-21.943	-20.187
5190	1664.000	-0.329	-0.188	0.000	-21.933	3.133
5206	1664.000	-0.277	-0.059	0.000	-21.953	16.022
5222	1664.000	-0.305	-0.321	0.000	-22.052	-10.045
5238	1664.000	-0.265	-0.190	0.000	-22.262	3.215
5254	1664.000	-0.232	-0.001	0.000	-21.627	21.505
5270	1664.000	-0.296	-0.315	0.000	-22.042	-9.420
5286	1664.000	-0.282	-0.299	0.000	-22.020	-7.894
5302	1664.000	-0.275	-0.216	0.000	-21.883	0.259
5318	1664.000	-0.304	-0.306	0.000	-21.965	-8.672
5334	1664.000	-0.281	-0.236	0.000	-21.558	-2.056
5350	1664.000	-0.280	-0.236	0.000	-22.410	-1.166
5366	1664.000	-0.233	-0.022	0.056	-21.594	-8.400
5382	1664.000	-0.296	-0.410	0.000	-21.621	-19.398
5398	1664.000	-0.287	-0.229	0.000	-21.802	-1.144
5414	1664.000	-0.189	-0.085	0.000	-21.836	13.357
5430	1664.000	-0.299	-0.063	0.000	-22.174	15.890
5446	1664.000	-0.317	-0.195	0.000	-21.554	2.012
5462	1664.000	-0.238	0.001	0.021	-21.592	11.017
5478	1664.000	-0.300	-0.407	0.000	-21.688	-19.011
5494	1664.000	-0.302	-0.233	0.000	-21.556	-1.695
5510	1664.000	-0.254	-0.029	0.000	-21.552	18.691
5526	1664.000	-0.278	-0.253	0.000	-21.868	-3.390
5542	1664.000	-0.278	-0.248	0.000	-21.713	-3.090
5558	1664.000	-0.283	-0.405	0.000	-21.709	-18.823
5574	1664.000	-0.223	-0.005	0.000	-21.781	21.327
5590	1664.000	-0.277	-0.117	0.000	-21.714	9.974
5606	1664.000	-0.318	-0.365	0.000	-21.706	-14.819
5622	1664.000	-0.287	-0.106	0.000	-21.792	11.157
6262	1664.000	-0.986	-0.624	0.000	-76.196	13.782
6278	1664.000	-0.914	-0.942	0.000	-76.156	-18.021
6294	1664.000	-0.977	-0.928	0.000	-76.162	-16.608
6310	1664.000	-0.869	-0.642	0.000	-76.155	11.915
6326	1664.000	-0.897	-0.832	0.000	-76.155	-7.008
6342	1664.000	-0.928	-0.734	0.000	-76.787	3.359
6358	1664.000	-0.904	-0.878	0.000	-76.778	-11.008
6374	1664.000	-0.907	-0.665	0.000	-76.156	9.695
6390	1664.000	-0.672	-0.671	0.000	-76.779	9.705
6406	1664.000	-0.953	-0.723	0.000	-78.646	6.321
6422	1664.000	-0.966	-0.784	0.000	-77.860	-0.543
6438	1664.000	-0.941	-0.687	0.000	-76.756	8.052
6454	1664.000	-0.947	-0.665	0.000	-76.485	10.001
6470	1664.000	-0.952	-0.547	0.000	-77.633	22.982
6486	1664.000	-0.789	-0.556	0.000	-77.800	22.175
6502	1664.000	-0.929	-0.826	0.000	-76.485	-6.120
6518	1664.000	-0.907	-0.957	0.000	-77.029	-18.647
6534	1664.000	-0.992	-0.600	0.000	-77.700	17.731
6550	1664.000	-0.971	-0.913	0.000	-78.862	-12.436
6566	1664.000	-0.971	-0.885	0.000	-76.787	-11.734
6582	1664.000	-0.930	-0.967	0.000	-77.985	-18.751
6598	1664.000	-1.031	-0.926	0.000	-79.314	-13.289
6614	1664.000	-0.916	-0.674	0.000	-77.836	10.396
6630	1664.000	-0.970	-0.911	0.000	-77.861	-13.237
6646	1664.000	-1.062	-0.996	0.000	-76.221	-23.383
6662	1664.000	-0.784	-0.568	0.000	-76.216	19.420
6678	1664.000	-0.917	-0.579	0.000	-78.116	20.261
6694	1664.000	-1.001	-1.003	0.000	-76.178	-24.129
6710	1664.000	-0.969	-0.560	0.000	-77.488	21.465
6726	1664.000	-0.907	-0.672	0.000	-78.103	10.858
6742	1664.000	-0.971	-0.822	0.000	-76.155	-6.076
6758	1664.000	0.781	4.309	0.000	-76.155	7.022
6774	1664.000	-0.934	-0.582	0.000	-76.155	17.907
6790	1664.000	-0.924	-1.040	0.000	-80.537	-23.501
6806	1664.000	-1.000	-0.833	0.000	-77.656	-5.680
6822	1664.000	-0.946	-0.687	0.000	-76.806	8.092
6838	1664.000	-0.962	-0.951	0.000	-76.174	-18.932
6854	1664.000	-0.967	-1.010	0.000	-76.162	-24.844
6870	1664.000	-0.936	-0.540	0.000	-76.897	22.903
7510	1664.000	-0.953	-0.936	0.000	-72.164	-21.424
7526	1664.000	-0.975	-0.839	0.000	-72.178	-11.728
7542	1664.000	-0.921	-0.864	0.000	-72.164	-14.195
7558	1664.000	0.762	4.478	0.000	-72.959	20.750
7574	1664.000	-0.897	-0.682	0.000	-73.307	5.118
7590	1664.000	-0.873	-0.568	0.000	-72.986	16.213
7606	1664.000	-0.873	-0.704	0.000	-72.967	2.548
7622	1664.000	-0.969	-0.873	0.000	-72.801	-14.527
7638	1664.000	-0.820	-0.614	0.000	-74.580	13.146
7654	1664.000	-0.946	-0.555	0.000	-72.225	16.691
7670	1664.000	-0.912	-0.646	0.000	-73.881	9.270
7686	1664.000	-0.940	-0.709	0.000	-72.758	1.833
7702	1664.000	-0.916	-0.824	0.000	-72.215	-10.232
7718	1664.000	-0.899	-0.579	0.000	-72.230	14.377
7734	1664.000	-0.893	-0.716	0.000	-72.164	0.579
7750	1664.000	-0.941	-0.609	0.000	-73.509	12.585
7766	1664.000	0.742	4.383	0.000	-73.478	11.792
7782	1664.000	-0.659	-0.771	0.000	-72.164	-4.914
7798	1664.000	-0.955	-0.916	0.000	-73.440	-18.145
7814	1664.000	-0.911	-0.784	0.000	-72.184	-6.251
7830	1664.000	0.732	4.123	0.000	-73.486	-14.168
7846	1664.000	-0.961	-0.794	0.000	-75.971	-3.454
7862	1664.000	0.652	4.218	0.000	-72.969	-5.270
7878	1664.000	-0.914	-0.760	0.000	-72.164	-3.804
7894	1664.000	-0.981	-0.673	0.000	-74.624	7.326
7910	1664.000	-0.961	-0.932	0.000	-74.321	-18.909
7926	1664.000	-0.871	-0.707	0.000	-73.509	2.759
7942	1664.000	-0.904	-0.610	0.000	-72.182	11.158
7958	1664.000	-0.872	-0.634	0.000	-72.194	8.752
7974	1664.000	-0.885	-0.514	0.000	-73.520	22.134
7990	1664.000	-0.761	-0.864	0.000	-72.441	-13.948
8006	1664.000	-0.939	-0.572	0.000	-72.171	14.979
8022	1664.000	0.758	4.201	0.000	-72.164	-7.773
8038	1664.000	-0.932	-0.477	0.000	-72.164	24.458
8054	1664.000	-0.877	-0.679	0.000	-72.213	4.285
8070	1664.000	-0.869	-0.542	0.000	-72.164	17.941
8086	1664.000	-0.857	-0.513	0.000	-72.178	20.899
8102	1664.000	-0.828	-0.846	0.000	-72.201	-12.426
8118	1664.000	-0.888	-0.673	0.000	-72.875	5.536
8774	1664.000	-0.360	-0.465	0.000	-25.470	-21.057
8790	1664.000	-0.367	-0.403	0.000	-25.299	-15.020
8806	1664.000	-0.255	-0.098	0.000	-25.188	15.355
8822	1664.000	-0.322	-0.115	0.000	-25.274	13.754
8838	1664.000	-0.294	-0.083	0.000	-25.068	16.781
8854	1664.000	-0.341	-0.255	0.000	-25.000	-0.504
8870	1664.000	-0.332	-0.054	0.000	-25.147	19.784
8886	1664.000	-0.338	-0.218	0.000	-25.267	3.496
8902	1664.000	-0.279	-0.109	0.000	-25.000	14.090
8918	1664.000	-0.307	-0.158	0.000	-25.014	9.170
8934	1664.000	-0.312	-0.216	0.000	-25.410	3.797
8950	1664.000	-0.321	-0.149	0.000	-25.273	10.330
8966	1664.000	-0.284	-0.221	0.000	-25.362	3.269
8982	1664.000	-0.337	-0.218	0.000	-25.430	3.651
8998	1664.000	-0.369	-0.496	0.000	-26.238	-23.396
9014	1664.000	-0.346	-0.243	0.000	-25.345	1.066
9030	1664.000	-0.276	-0.358	0.000	-25.481	-10.332
9046	1664.000	-0.347	-0.253	0.000	-25.460	0.201
9062	1664.000	-0.275	-0.099	0.000	-25.015	15.122
9078	1664.000	-0.306	-0.246	0.000	-25.000	0.426
9094	1664.000	-0.279	-0.135	0.000	-25.263	11.787
9110	1664.000	-0.316	-0.099	0.000	-25.007	15.095
9126	1664.000	-0.346	-0.290	0.000	-25.270	-3.725
9142	1664.000	-0.361	-0.332	0.000	-25.238	-7.967
9158	1664.000	-0.306	-0.052	0.000	-25.074	19.885
9174	1664.000	-0.295	-0.215	0.000	-25.665	4.141
9190	1664.000	-0.294	-0.141	0.000	-25.004	10.880
9206	1664.000	-0.328	-0.341	0.000	-25.000	-9.074
9222	1664.000	-0.278	-0.114	0.000	-25.430	14.041
9238	1664.000	-0.350	-0.377	0.000	-25.000	-12.651
9254	1664.000	-0.283	-0.336	0.000	-25.257	-8.315
9270	1664.000	-0.284	-0.405	0.000	-25.387	-15.070
9286	1664.000	-0.289	-0.100	0.000	-25.220	15.247
9302	1664.000	-0.334	-0.315	0.000	-25.564	-5.961
9318	1664.000	-0.323	-0.227	0.000	-25.348	2.630
9334	1664.000	-0.281	-0.113	0.000	-25.504	14.244
9350	1664.000	-0.339	-0.411	0.000	-25.138	-15.984
9366	1664.000	-0.338	-0.095	0.000	-25.369	15.831
9382	1664.000	-0.301	-0.271	0.000	-25.385	-1.765
10022	1664.000	-0.380	-0.197	0.000	-29.956	10.304
10038	1664.000	-0.351	-0.068	0.000	-30.229	23.439
10054	1664.000	-0.383	-0.479	0.000	-30.033	-17.847
10070	1664.000	-0.382	-0.510	0.000	-30.208	-20.809
10086	1664.000	-0.397	-0.156	0.000	-30.447	14.836
10102	1664.000	-0.357	-0.500	0.000	-30.120	-19.899
10118	1664.000	-0.379	-0.369	0.000	-30.260	-6.666
10134	1664.000	-0.377	-0.328	0.000	-30.181	-2.650
10150	1664.000	-0.410	-0.083	0.000	-30.230	21.923
10166	1664.000	-0.394	-0.534	0.000	-30.260	-23.125
10182	1664.000	-0.291	-0.216	0.000	-30.040	8.417
10198	1664.000	-0.367	-0.065	0.000	-30.105	23.643
10214	1664.000	-0.373	-0.365	0.000	-30.336	-6.123
10230	1664.000	-0.404	-0.138	0.000	-30.378	16.536
10246	1664.000	-0.410	-0.532	0.000	-30.156	-23.084
10262	1664.000	-0.306	-0.161	0.000	-30.086	13.992
10278	1664.000	-0.405	-0.112	0.000	-31.123	19.911
10294	1664.000	-0.339	-0.291	0.000	-30.211	1.135
10310	1664.000	-0.352	-0.516	0.000	-30.513	-21.081
10326	1664.000	-0.351	-0.387	0.000	-30.970	-7.757
10342	1664.000	-0.340	-0.190	0.000	-30.477	11.444
10358	1664.000	-0.402	-0.361	0.000	-31.001	-5.079
10374	1664.000	-0.435	-0.483	0.000	-30.677	-17.603
10390	1664.000	-0.336	-0.351	0.000	-30.003	-5.097
10406	1664.000	-0.395	-0.309	0.000	-30.489	-0.428
10422	1664.000	-0.351	-0.326	0.000	-30.359	-2.212
10438	1664.000	-0.396	-0.232	0.000	-30.226	7.072
10454	1664.000	-0.384	-0.270	0.000	-30.757	3.763
10470	1664.000	-0.410	-0.189	0.000	-30.818	11.943
10486	1664.000	-0.352	-0.190	0.000	-30.630	11.644
10502	1664.000	-0.374	-0.165	0.000	-30.150	13.676
10518	1664.000	-0.299	-0.405	0.000	-30.514	-9.950
10534	1664.000	-0.426	-0.351	0.000	-30.227	-4.832
10550	1664.000	-0.443	-0.496	0.000	-29.956	-19.619
10566	1664.000	-0.380	-0.161	0.000	-30.028	13.970
10582	1664.000	-0.403	-0.396	0.000	-30.044	-9.537
10598	1664.000	-0.325	-0.272	0.000	-30.062	2.860
10614	1664.000	-0.362	-0.138	0.000	-29.954	16.140
10630	1664.000	-0.372	-0.181	0.000	-30.138	12.050
11270	1664.000	-0.391	-0.282	0.000	-30.132	1.939
11286	1664.000	-0.370	-0.336	0.000	-29.630	-3.953
11302	1664.000	-0.422	-0.331	0.000	-30.490	-2.577
11318	1664.000	-0.376	-0.439	0.000	-30.101	-13.796
11334	1664.000	-0.402	-0.413	0.000	-29.273	-12.031
11350	1664.000	-0.367	-0.276	0.000	-29.695	2.090
11366	1664.000	-0.354	-0.203	0.000	-29.707	9.374
11382	1664.000	-0.363	-0.329	0.000	-29.273	-3.668
11398	1664.000	-0.379	-0.171	0.000	-29.651	12.560
11414	1664.000	-0.396	-0.409	0.000	-29.729	-11.211
11430	1664.000	-0.391	-0.259	0.000	-29.764	3.839
11446	1664.000	-0.302	-0.060	0.000	-29.507	23.520
11462	1664.000	-0.413	-0.481	0.000	-29.630	-18.459
11478	1664.000	-0.342	-0.302	0.000	-29.784	-0.453
11494	1664.000	-0.331	-0.098	0.000	-29.487	19.649
11510	1664.000	-0.386	-0.315	0.000	-29.428	-2.121
11526	1664.000	-0.414	-0.428	0.000	-29.648	-13.106
11542	1664.000	-0.336	-0.265	0.000	-29.675	3.173
11558	1664.000	-0.428	-0.519	0.000	-29.365	-22.570
11574	1664.000	-0.401	-0.423	0.000	-30.143	-12.177
11590	1664.000	-0.381	-0.101	0.000	-29.530	19.393
11606	1664.000	-0.339	-0.262	0.000	-29.371	3.192
11622	1664.000	-0.461	-0.429	0.000	-30.479	-12.401
11638	1664.000	-0.314	-0.149	0.000	-29.281	14.373
11654	1664.000	-0.377	-0.212	0.000	-29.597	8.389
11670	1664.000	-0.381	-0.425	0.000	-29.464	-13.052
11686	1664.000	-0.308	-0.104	0.000	-29.415	18.995
11702	1664.000	-0.431	-0.457	0.000	-29.567	-16.146
11718	1664.000	-0.367	-0.078	0.000	-29.634	21.829
11734	1664.000	-0.398	-0.227	0.000	-29.283	6.602
11750	1664.000	-0.352	-0.051	0.000	-29.286	24.170
11766	1664.000	-0.411	-0.120	0.000	-29.692	17.679
11782	1664.000	-0.392	-0.525	0.000	-29.286	-23.237
11798	1664.000	-0.385	-0.500	0.000	-29.355	-20.692
11814	1664.000	-0.378	-0.301	0.000	-29.667	-0.459
11830	1664.000	-0.352	-0.406	0.000	-29.614	-11.012
11846	1664.000	-0.420	-0.441	0.000	-29.990	-14.090
11862	1664.000	-0.407	-0.306	0.000	-29.591	-1.038
11878	1664.000	-0.441	-0.519	0.000	-30.215	-21.673
12518	1664.000	-0.337	-0.417	0.000	-23.664	-18.064
12534	1664.000	-0.241	-0.076	0.000	-23.569	15.925
12550	1664.000	-0.311	-0.390	0.000	-24.002	-15.033
12566	1664.000	-0.303	-0.338	0.000	-23.790	-9.961
12582	1664.000	-0.305	-0.246	0.000	-23.498	-1.141
12598	1664.000	-0.325	-0.478	0.000	-23.777	-24.047
12614	1664.000	-0.295	-0.043	0.000	-23.792	19.542
12630	1664.000	-0.249	-0.091	0.000	-23.564	14.483
12646	1664.000	-0.311	-0.161	0.000	-24.304	8.212
12662	1664.000	-0.283	-0.171	0.000	-23.668	6.612
12678	1664.000	-0.329	-0.131	0.000	-23.500	10.365
12694	1664.000	-0.347	-0.321	0.000	-23.814	-8.241
12710	1664.000	-0.307	-0.316	0.000	-23.503	-8.083
12726	1664.000	-0.278	-0.084	0.000	-23.498	15.078
12742	1664.000	-0.295	-0.368	0.000	-23.501	-13.254
12758	1664.000	-0.276	-0.044	0.000	-23.756	19.376
12774	1664.000	-0.221	0.000	0.000	-23.501	23.504
12790	1664.000	-0.304	-0.372	0.000	-23.634	-13.615
12806	1664.000	-0.293	-0.181	0.000	-23.766	5.702
12822	1664.000	-0.281	-0.401	0.000	-23.508	-16.571
12838	1664.000	-0.324	-0.175	0.000	-23.973	6.476
12854	1664.000	-0.252	-0.017	0.000	-23.723	21.981
12870	1664.000	-0.314	-0.342	0.000	-23.530	-10.635
12886	1664.000	-0.280	-0.185	0.000	-23.504	4.986
12902	1664.000	-0.306	-0.342	0.000	-23.576	-10.613
12918	1664.000	-0.274	-0.380	0.000	-23.499	-14.458
12934	1664.000	-0.244	-0.158	0.000	-23.500	7.685
12950	1664.000	-0.309	-0.040	0.000	-23.745	19.703
12966	1664.000	-0.317	-0.120	0.000	-24.233	12.252
12982	1664.000	-0.343	-0.471	0.000	-23.571	-23.559
12998	1664.000	-0.348	-0.233	0.000	-23.647	0.298
13014	1664.000	-0.323	-0.295	0.000	-23.763	-5.746
13030	1664.000	-0.354	-0.075	0.000	-23.902	16.412
13046	1664.000	-0.305	-0.173	0.000	-23.833	6.515
13062	1664.000	-0.297	-0.179	0.000	-23.595	5.669
13078	1664.000	-0.347	-0.307	0.000	-24.386	-6.272
13094	1664.000	-0.309	-0.140	0.000	-24.163	10.198
13110	1664.000	-0.358	-0.325	0.000	-23.589	-8.862
13126	1664.000	-0.293	-0.168	0.000	-24.482	7.679
13766	1664.000	-0.896	-0.508	0.000	-74.138	23.326
13782	1664.000	-0.727	-0.923	0.000	-74.127	-18.179
13798	1664.000	-0.959	-0.906	0.000	-77.014	-13.573
13814	1664.000	-0.937	-0.978	0.000	-74.120	-23.701
13830	1664.000	-0.945	-0.986	0.000	-74.158	-24.410
13846	1664.000	-0.910	-0.900	0.000	-74.710	-15.267
13862	1664.000	-0.946	-0.715	0.000	-74.141	2.619
13878	1664.000	-0.944	-0.534	0.000	-74.495	21.079
13894	1664.000	-0.980	-0.641	0.000	-75.263	11.140
13910	1664.000	-0.957	-0.935	0.000	-74.120	-19.361
13926	1664.000	-0.713	-0.606	0.000	-75.300	14.711
13942	1664.000	-0.964	-0.735	0.000	-74.120	0.609
13958	1664.000	-0.820	-0.935	0.000	-74.914	-18.576
13974	1664.000	-0.883	-0.821	0.000	-74.120	-8.026
13990	1664.000	-0.935	-0.722	0.000	-74.120	1.933
14006	1664.000	-0.898	-0.531	0.000	-75.615	22.516
14022	1664.000	-0.835	-0.492	0.000	-74.120	24.916
14038	1664.000	-0.966	-0.588	0.000	-75.041	16.219
14054	1664.000	-0.883	-0.607	0.000	-74.670	13.927
14070	1664.000	-0.940	-0.658	0.000	-75.652	9.873
14086	1664.000	-0.965	-0.981	0.000	-74.705	-23.378
14102	1664.000	-0.932	-0.846	0.000	-74.157	-10.431
14118	1664.000	-0.950	-0.693	0.000	-75.263	5.926
14134	1664.000	-0.984	-0.934	0.000	-76.773	-16.677
14150	1664.000	-0.935	-0.632	0.000	-74.134	10.932
14166	1664.000	-0.997	-0.967	0.000	-76.574	-20.078
14182	1664.000	-0.922	-0.624	0.000	-74.157	11.712
14198	1664.000	-0.936	-0.837	0.000	-75.018	-8.726
14214	1664.000	0.725	4.457	0.000	-76.433	22.157
14230	1664.000	-0.906	-0.667	0.000	-74.120	7.436
14246	1664.000	-0.847	-1.008	0.000	-75.888	-24.897
14262	1664.000	-0.944	-0.728	0.000	-76.467	3.624
14278	1664.000	-0.886	-0.527	0.000	-74.120	21.392
14294	1664.000	-0.919	-0.660	0.000	-75.661	9.673
14310	1664.000	-0.956	-0.636	0.000	-74.752	11.122
14326	1664.000	-0.940	-0.689	0.000	-74.120	5.264
14342	1664.000	-0.902	-0.530	0.000	-74.193	21.145
14358	1664.000	-0.957	-0.748	0.000	-74.120	-0.650
14374	1664.000	-0.922	-0.795	0.000	-75.020	-4.459
6	1665.000	-0.917	-1.172	0.000	-130.197	13.010
22	1665.000	-0.994	-1.357	0.015	-121.024	-22.042
38	1665.000	-0.988	-0.985	0.010	-121.964	18.460
54	1665.000	-0.955	-1.225	0.000	-135.967	13.464
70	1665.000	-0.927	-0.997	0.086	-121.268	-21.332
86	1665.000	-0.935	-1.098	0.000	-123.004	13.239
102	1665.000	-0.906	-1.082	0.000	-126.217	18.031
118	1665.000	-0.934	-1.308	0.000	-127.496	-3.323
134	1665.000	1.257	3.592	0.000	-136.291	-4.492
150	1665.000	-0.954	-1.099	0.000	-127.413	17.536
166	1665.000	-0.875	-0.854	0.084	-132.259	4.687
182	1665.000	-0.856	-1.094	0.000	-127.039	17.650
198	1665.000	-1.015	-1.312	0.000	-127.413	-3.747
214	1665.000	-0.928	-1.011	0.000	-121.050	19.927
230	1665.000	-0.947	-1.312	0.015	-121.011	-17.841
246	1665.000	-0.948	-1.224	0.000	-121.572	-0.809
262	1665.000	-0.922	-1.022	0.000	-125.074	22.836
278	1665.000	-0.906	-1.345	0.000	-121.028	-13.432
294	1665.000	-0.931	-1.152	0.000	-125.087	9.914
310	1665.000	-0.993	-1.292	0.000	-137.187	7.952
326	1665.000	-0.948	-1.318	0.000	-121.079	-10.738
342	1665.000	-0.964	-1.231	0.000	-121.045	-2.021
358	1665.000	-1.008	-1.240	0.000	-135.362	11.358
374	1665.000	-0.906	-1.221	0.000	-122.958	0.850
390	1665.000	-0.933	-1.072	0.000	-122.625	15.433
406	1665.000	-0.984	-1.399	0.000	-131.999	-7.912
422	1665.000	-0.969	-1.205	0.000	-122.572	2.061
438	1665.000	-0.997	-1.462	0.000	-130.914	-15.324
454	1665.000	-0.978	-1.088	0.000	-133.402	24.603
470	1665.000	-0.879	-0.959	0.023	-123.533	16.221
486	1665.000	-0.927	-1.238	0.000	-121.011	-2.790
502	1665.000	-0.987	-1.199	0.053	-121.620	-24.550
518	1665.000	-0.983	-1.313	0.000	-126.985	-4.323
534	1665.000	-0.761	-1.143	0.000	-121.544	7.236
550	1665.000	-1.001	-1.168	0.000	-121.052	4.259
566	1665.000	-0.936	-0.876	0.020	-121.503	23.965
582	1665.000	-0.900	-1.004	0.000	-121.519	21.073
598	1665.000	-0.907	-0.970	0.000	-121.068	24.058
614	1665.000	-0.962	-1.272	0.000	-131.022	3.865
1254	1665.000	-0.239	0.132	0.057	-21.741	6.694
1270	1665.000	-0.278	-0.073	0.002	-21.948	13.849
1286	1665.000	-0.195	0.039	0.048	-22.129	2.257
1302	1665.000	-0.242	-0.436	0.000	-21.891	-21.688
1318	1665.000	-0.214	0.099	0.087	-21.847	-11.604
1334	1665.000	-0.219	-0.079	0.000	-21.732	13.793
1350	1665.000	-0.294	-0.250	0.025	-21.880	-15.467
1366	1665.000	-0.277	0.094	0.028	-21.678	16.999
1382	1665.000	-0.292	-0.392	0.000	-21.681	-17.501
1398	1665.000	-0.178	0.416	0.115	-22.160	6.127
1414	1665.000	-0.295	-0.063	0.040	-22.389	-3.712
1430	1665.000	-0.256	0.091	0.047	-21.748	7.244
1446	1665.000	-0.176	0.305	0.061	-21.733	21.482
1462	1665.000	-0.168	0.333	0.074	-21.852	18.052
1478	1665.000	-0.236	-0.061	0.044	-21.750	-6.218
1494	1665.000	-0.183	0.445	0.148	-21.748	-7.619
1510	1665.000	-0.299	-0.375	0.000	-21.713	-15.823
1526	1665.000	-0.215	-0.040	0.045	-22.067	-4.496
1542	1665.000	-0.285	-0.269	0.000	-21.750	-5.175
1558	1665.000	-0.144	0.199	0.078	-21.681	2.388
1574	1665.000	-0.245	0.130	0.028	-22.073	21.177
1590	1665.000	-0.271	-0.102	0.049	-21.794	-13.041
1606	1665.000	-0.259	-0.290	0.000	-21.681	-7.347
1622	1665.000	-0.199	-0.024	0.046	-21.745	-3.833
1638	1665.000	-0.143	0.516	0.150	-22.587	-0.979
1654	1665.000	-0.277	-0.139	0.000	-21.740	7.845
1670	1665.000	-0.254	-0.165	0.035	-21.873	-12.119
1686	1665.000	-0.197	0.278	0.072	-21.844	13.544
1702	1665.000	-0.181	0.513	0.148	-21.741	-1.025
1718	1665.000	-0.133	0.369	0.152	-21.871	-17.218
1734	1665.000	-0.294	-0.428	0.000	-21.802	-21.028
1750	1665.000	-0.185	0.400	0.111	-21.844	6.132
1766	1665.000	-0.295	-0.402	0.012	-22.049	-23.908
1782	1665.000	-0.242	-0.163	0.000	-21.675	5.361
1798	1665.000	-0.220	-0.120	0.061	-22.186	-20.319
1814	1665.000	-0.196	-0.132	0.040	-22.270	-10.872
1830	1665.000	-0.259	-0.274	0.028	-21.679	-19.549
1846	1665.000	-0.256	0.095	0.037	-21.826	12.992
1862	1665.000	-0.102	0.661	0.144	-21.879	16.053
2518	1665.000	-0.314	-0.191	0.018	-29.711	1.695
2534	1665.000	-0.381	-0.124	0.071	-29.168	-18.639
2550	1665.000	-0.248	0.099	0.078	-29.674	0.655
2566	1665.000	-0.335	-0.097	0.000	-29.415	19.698
2582	1665.000	-0.306	-0.067	0.000	-29.177	22.458
2598	1665.000	-0.256	0.313	0.102	-29.372	9.880
2614	1665.000	-0.222	0.670	0.147	-29.276	22.997
2630	1665.000	-0.434	-0.271	0.000	-29.585	2.515
2646	1665.000	-0.320	0.035	0.062	-29.334	1.745
2662	1665.000	-0.286	0.366	0.128	-29.206	1.698
2678	1665.000	-0.315	-0.412	0.000	-29.420	-11.803
2694	1665.000	-0.380	-0.136	0.032	-29.300	-0.376
2710	1665.000	-0.339	-0.406	0.023	-29.335	-22.584
2726	1665.000	-0.270	-0.075	0.013	-29.061	14.951
2742	1665.000	-0.407	-0.538	0.000	-29.089	-24.719
2758	1665.000	-0.356	-0.289	0.032	-29.565	-15.330
2774	1665.000	-0.437	-0.328	0.008	-29.644	-7.188
2790	1665.000	-0.247	0.298	0.107	-29.093	5.300
2806	1665.000	-0.394	-0.405	0.000	-29.056	-11.414
2822	1665.000	-0.320	-0.391	0.000	-29.265	-9.855
2838	1665.000	-0.285	0.547	0.146	-29.306	10.939
2854	1665.000	-0.340	-0.311	0.000	-29.061	-2.001
2870	1665.000	-0.350	-0.127	0.000	-29.415	16.684
2886	1665.000	-0.304	-0.005	0.056	-29.443	1.164
2902	1665.000	-0.344	-0.306	0.011	-29.028	-7.327
2918	1665.000	-0.348	-0.002	0.052	-29.218	2.750
2934	1665.000	-0.311	-0.061	0.066	-29.823	-9.313
2950	1665.000	-0.373	-0.067	0.053	-29.028	-4.442
2966	1665.000	-0.338	-0.385	0.023	-29.127	-20.872
2982	1665.000	-0.302	0.023	0.013	-29.057	24.716
2998	1665.000	-0.267	0.171	0.084	-29.032	4.353
3014	1665.000	-0.376	-0.243	0.006	-29.495	2.423
3030	1665.000	-0.401	-0.384	0.000	-29.254	-9.143
3046	1665.000	-0.361	-0.190	0.000	-29.241	10.209
3062	1665.000	-0.319	-0.014	0.070	-29.487	-6.705
3078	1665.000	-0.284	-0.099	0.062	-29.259	-11.744
3094	1665.000	-0.408	-0.537	0.000	-29.465	-24.235
3110	1665.000	-0.441	-0.494	0.000	-29.670	-19.763
3126	1665.000	-0.427	-0.464	0.000	-29.617	-16.821
3766	1665.000	-0.108	1.091	0.239	-28.734	18.619
3782	1665.000	-0.326	-0.202	0.052	-28.795	-17.667
3798	1665.000	0.037	2.041	0.453	-28.787	6.242
3814	1665.000	-0.417	-0.529	0.000	-28.817	-24.051
3830	1665.000	-0.339	-0.155	0.000	-28.787	13.278
3846	1665.000	-0.212	0.237	0.146	-28.900	-20.223
3862	1665.000	-0.298	0.224	0.072	-28.905	15.427
3878	1665.000	-0.357	-0.061	0.013	-28.900	16.128
3894	1665.000	-0.346	-0.029	0.019	-29.138	16.624
3910	1665.000	-0.305	-0.139	0.079	-29.041	-24.534
3926	1665.000	-0.263	0.007	0.108	-28.923	-24.510
3942	1665.000	-0.184	1.255	0.278	-29.181	15.869
3958	1665.000	-0.319	-0.036	0.054	-28.738	-1.739
3974	1665.000	-0.321	-0.020	0.025	-28.869	14.412
3990	1665.000	-0.392	-0.063	0.000	-29.382	23.078
4006	1665.000	-0.354	-0.407	0.000	-28.862	-11.835
4022	1665.000	-0.295	0.018	0.080	-29.130	-9.350
4038	1665.000	-0.312	-0.059	0.064	-29.039	-9.005
4054	1665.000	-0.276	-0.066	0.013	-28.808	15.789
4070	1665.000	-0.265	0.192	0.064	-29.259	16.588
4086	1665.000	-0.329	-0.187	0.057	-29.097	-18.345
4102	1665.000	-0.281	-0.057	0.068	-28.738	-10.880
4118	1665.000	-0.356	-0.338	0.037	-29.526	-22.992
4134	1665.000	-0.391	-0.288	0.000	-28.817	0.011
4150	1665.000	-0.206	0.621	0.184	-29.143	-0.836
4166	1665.000	-0.297	0.225	0.120	-29.137	-8.140
4182	1665.000	-0.352	-0.211	0.000	-28.766	7.668
4198	1665.000	-0.397	-0.121	0.066	-29.311	-15.833
4214	1665.000	-0.294	0.177	0.078	-29.072	7.544
4230	1665.000	-0.348	-0.171	0.000	-29.109	11.996
4246	1665.000	-0.439	-0.467	0.008	-29.200	-21.546
4262	1665.000	-0.227	0.395	0.088	-28.780	24.398
4278	1665.000	-0.274	0.250	0.068	-28.818	19.784
4294	1665.000	-0.342	-0.473	0.000	-28.712	-18.560
4310	1665.000	-0.269	0.334	0.075	-28.998	24.913
4326	1665.000	-0.322	-0.196	0.055	-28.784	-18.173
4342	1665.000	-0.363	-0.535	0.000	-28.788	-24.742
4358	1665.000	-0.269	-0.224	0.056	-29.096	-21.044
4374	1665.000	-0.349	-0.335	0.007	-28.645	-8.534
5014	1665.000	0.008	1.072	0.277	-20.743	-10.658
5030	1665.000	-0.209	-0.190	0.041	-20.705	-18.564
5046	1665.000	-0.217	0.331	0.094	-20.927	7.011
5062	1665.000	-0.202	-0.023	0.000	-20.815	18.560
5078	1665.000	-0.300	-0.422	0.000	-20.767	-21.429
5094	1665.000	-0.185	0.024	0.023	-20.834	11.850
5110	1665.000	-0.213	-0.300	0.000	-20.749	-9.207
5126	1665.000	-0.170	0.290	0.139	-20.770	-19.810
5142	1665.000	-0.098	0.497	0.187	-20.945	-22.917
5158	1665.000	-0.242	-0.134	0.014	-20.811	0.510
5174	1665.000	-0.269	-0.022	0.000	-21.026	18.850
5190	1665.000	-0.246	0.055	0.083	-21.017	-15.222
5206	1665.000	-0.288	-0.395	0.011	-21.035	-23.759
5222	1665.000	-0.269	0.005	0.057	-21.125	-6.717
5238	1665.000	-0.189	0.247	0.076	-21.315	8.194
5254	1665.000	-0.207	-0.202	0.000	-20.741	0.547
5270	1665.000	-0.272	-0.276	0.000	-21.116	-6.482
5286	1665.000	-0.285	-0.237	0.000	-21.096	-2.584
5302	1665.000	-0.242	-0.011	0.000	-20.972	19.876
5318	1665.000	-0.331	-0.458	0.000	-21.046	-24.782
5334	1665.000	-0.225	-0.014	0.081	-20.678	-21.070
5350	1665.000	-0.310	-0.458	0.000	-21.449	-24.320
5366	1665.000	-0.182	0.172	0.056	-20.711	10.138
5382	1665.000	-0.177	0.722	0.150	-20.735	17.890
5398	1665.000	-0.239	-0.011	0.065	-20.899	-12.897
5414	1665.000	-0.176	-0.006	0.014	-20.929	13.328
5430	1665.000	-0.284	-0.256	0.000	-21.235	-4.398
5446	1665.000	-0.305	-0.112	0.000	-20.674	9.428
5462	1665.000	-0.202	-0.126	0.021	-20.709	-2.557
5478	1665.000	-0.270	-0.038	0.000	-20.795	16.980
5494	1665.000	-0.291	-0.341	0.000	-20.676	-13.401
5510	1665.000	-0.200	0.024	0.038	-20.672	3.943
5526	1665.000	-0.260	0.004	0.000	-20.958	21.389
5542	1665.000	-0.285	-0.299	0.000	-20.819	-9.080
5558	1665.000	-0.237	0.044	0.059	-20.815	-4.408
5574	1665.000	-0.159	0.042	0.056	-20.879	-3.061
5590	1665.000	-0.204	0.081	0.035	-20.819	11.578
5606	1665.000	-0.242	-0.039	0.060	-20.811	-13.045
5622	1665.000	-0.043	1.117	0.245	-20.889	10.203
6262	1665.000	-0.938	-0.790	0.119	-130.721	-7.987
6278	1665.000	-0.941	-1.109	0.010	-136.678	20.716
6294	1665.000	-0.996	-1.222	0.032	-122.142	-16.182
6310	1665.000	-0.965	-1.546	0.000	-130.684	-23.899
6326	1665.000	-0.937	-1.254	0.000	-131.404	6.002
6342	1665.000	-0.957	-1.172	0.000	-122.708	5.506
6358	1665.000	-0.962	-1.392	0.000	-126.762	-12.392
6374	1665.000	-1.019	-1.673	0.000	-149.250	-18.039
6390	1665.000	-0.784	-1.555	0.000	-131.249	-24.284
6406	1665.000	-0.968	-1.255	0.000	-124.389	-1.120
6422	1665.000	-0.993	-1.105	0.000	-131.803	21.267
6438	1665.000	-0.957	-1.240	0.000	-122.680	-1.329
6454	1665.000	-0.976	-1.238	0.003	-126.496	1.146
6470	1665.000	-0.994	-1.316	0.000	-123.473	-8.096
6486	1665.000	-0.833	-1.246	0.000	-123.624	-1.025
6502	1665.000	-0.994	-1.291	0.000	-133.388	4.303
6518	1665.000	-0.938	-1.223	0.000	-126.989	4.710
6534	1665.000	-0.981	-1.071	0.000	-123.534	16.445
6550	1665.000	-0.998	-1.133	0.000	-126.667	13.369
6566	1665.000	-0.977	-1.038	0.053	-122.707	-7.620
6582	1665.000	-0.974	-1.203	0.000	-123.791	3.489
6598	1665.000	-1.058	-1.439	0.000	-130.608	-13.283
6614	1665.000	-0.929	-1.056	0.000	-123.657	18.091
6630	1665.000	-1.032	-1.454	0.000	-123.680	-21.745
6646	1665.000	-1.079	-1.179	0.000	-122.195	4.343
6662	1665.000	-0.810	-1.039	0.000	-122.190	18.292
6678	1665.000	-0.966	-1.194	0.000	-123.910	4.487
6694	1665.000	-1.028	-1.275	0.000	-122.157	-5.353
6710	1665.000	-1.005	-1.368	0.000	-125.273	-11.507
6726	1665.000	-0.961	-1.156	0.000	-123.898	8.294
6742	1665.000	-1.009	-1.351	0.000	-128.129	-6.960
6758	1665.000	1.317	3.692	0.000	-136.172	5.405
6774	1665.000	-0.950	-1.128	0.000	-122.136	9.323
6790	1665.000	-0.955	-1.149	0.000	-134.649	19.771
6806	1665.000	-1.053	-1.534	0.000	-132.762	-20.615
6822	1665.000	-0.951	-1.005	0.000	-122.724	22.192
6838	1665.000	-0.997	-1.329	0.000	-133.107	0.256
6854	1665.000	-1.020	-1.444	0.000	-143.508	-0.909
6870	1665.000	-0.979	-1.370	0.000	-122.807	-14.234
7510	1665.000	-0.966	-1.050	0.000	-123.683	18.704
7526	1665.000	-1.009	-1.377	0.000	-124.839	-12.902
7542	1665.000	-0.955	-1.338	0.000	-123.683	-10.109
7558	1665.000	1.274	3.448	0.000	-134.375	-20.776
7574	1665.000	-0.966	-1.439	0.000	-128.779	-15.169
7590	1665.000	-0.894	-1.137	0.034	-131.318	0.626
7606	1665.000	-0.484	-1.241	0.000	-122.277	-1.831
7622	1665.000	-0.967	-1.090	0.040	-120.197	-9.088
7638	1665.000	-0.860	-1.169	0.000	-121.806	4.883
7654	1665.000	-0.960	-1.310	0.000	-119.675	-11.294
7670	1665.000	-0.940	-1.247	0.000	-121.174	-3.495
7686	1665.000	-0.939	-0.996	0.000	-120.157	20.583
7702	1665.000	-0.938	-1.102	0.000	-119.666	9.422
7718	1665.000	-0.947	-1.382	0.000	-121.611	-16.546
7734	1665.000	-0.932	-1.265	0.000	-121.551	-4.959
7750	1665.000	-0.969	-1.186	0.000	-120.837	2.276
7766	1665.000	1.249	3.400	0.000	-147.456	-12.515
7782	1665.000	-0.748	-1.307	0.009	-138.648	3.362
7798	1665.000	-0.955	-1.055	0.000	-124.838	19.382
7814	1665.000	-0.897	-0.990	0.037	-123.500	5.887
7830	1665.000	1.390	4.101	0.118	-143.400	-5.593
7846	1665.000	-0.992	-1.477	0.000	-123.065	-24.652
7862	1665.000	1.812	9.238	1.119	-134.385	-1.305
7878	1665.000	-0.960	-1.189	0.019	-125.614	-2.638
7894	1665.000	-0.991	-1.086	0.000	-121.846	13.211
7910	1665.000	-1.012	-1.392	0.000	-123.503	-15.699
7926	1665.000	-0.933	-1.445	0.000	-135.853	-8.603
7942	1665.000	-0.927	-1.153	0.000	-119.637	4.336
7958	1665.000	-0.827	-0.733	0.083	-119.647	4.828
7974	1665.000	-0.927	-1.368	0.000	-122.778	-14.025
7990	1665.000	-0.857	-1.396	0.000	-119.870	-19.698
8006	1665.000	-0.949	-1.118	0.029	-123.689	-2.757
8022	1665.000	1.312	3.461	0.000	-133.657	-20.254
8038	1665.000	-0.921	-0.995	0.000	-119.620	20.080
8054	1665.000	-0.957	-1.479	0.000	-132.549	-15.351
8070	1665.000	-0.910	-1.243	0.000	-121.551	-2.768
8086	1665.000	-0.890	-1.314	0.000	-119.633	-11.792
8102	1665.000	-0.874	-1.102	0.000	-130.607	20.444
8118	1665.000	-0.917	-1.107	0.048	-120.264	-14.370
8774	1665.000	-0.228	0.425	0.125	-24.405	4.371
8790	1665.000	-0.367	-0.345	0.000	-24.250	-10.287
8806	1665.000	-0.111	0.613	0.165	-24.150	3.022
8822	1665.000	-0.303	-0.170	0.030	-24.228	-7.528
8838	1665.000	-0.213	0.114	0.073	-24.041	-1.068
8854	1665.000	-0.323	-0.296	0.000	-23.980	-5.644
8870	1665.000	-0.298	-0.185	0.000	-24.113	5.566
8886	1665.000	-0.308	-0.138	0.000	-24.221	10.428
8902	1665.000	-0.239	-0.007	0.031	-23.980	7.567
8918	1665.000	-0.297	-0.134	0.000	-23.993	10.624
8934	1665.000	-0.124	0.854	0.209	-24.351	5.141
8950	1665.000	-0.242	0.161	0.057	-24.227	11.827
8966	1665.000	-0.286	-0.197	0.000	-24.307	4.568
8982	1665.000	-0.299	-0.058	0.000	-24.369	18.533
8998	1665.000	-0.336	-0.206	0.000	-25.100	4.509
9014	1665.000	-0.320	-0.094	0.000	-24.292	14.909
9030	1665.000	-0.285	-0.356	0.000	-24.415	-11.178
9046	1665.000	-0.234	0.213	0.074	-24.396	8.797
9062	1665.000	-0.233	-0.024	0.011	-23.993	15.932
9078	1665.000	-0.142	0.519	0.139	-23.980	6.517
9094	1665.000	-0.188	0.287	0.067	-24.218	19.663
9110	1665.000	-0.320	-0.405	0.000	-23.986	-16.540
9126	1665.000	-0.350	-0.256	0.000	-24.224	-1.397
9142	1665.000	-0.304	-0.205	0.027	-24.195	-9.570
9158	1665.000	-0.273	-0.056	0.047	-24.046	-5.018
9174	1665.000	-0.275	-0.237	0.028	-24.582	-12.902
9190	1665.000	-0.307	-0.469	0.000	-23.983	-22.938
9206	1665.000	-0.262	0.026	0.013	-23.980	19.921
9222	1665.000	-0.122	0.563	0.152	-24.369	4.556
9238	1665.000	-0.320	-0.320	0.012	-23.980	-14.068
9254	1665.000	-0.264	-0.204	0.000	-24.212	3.854
9270	1665.000	-0.276	-0.138	0.000	-24.330	10.548
9286	1665.000	-0.286	-0.384	0.000	-24.179	-14.248
9302	1665.000	-0.275	0.069	0.034	-24.490	14.595
9318	1665.000	-0.267	0.148	0.037	-24.295	20.545
9334	1665.000	-0.219	0.128	0.066	-24.436	4.170
9350	1665.000	-0.315	-0.355	0.014	-24.104	-18.461
9366	1665.000	-0.228	0.177	0.113	-24.314	-14.736
9382	1665.000	-0.295	-0.190	0.000	-24.328	5.323
10022	1665.000	-0.319	-0.254	0.052	-28.733	-22.487
10038	1665.000	-0.360	-0.498	0.000	-28.981	-20.865
10054	1665.000	-0.347	-0.137	0.023	-28.803	3.790
10070	1665.000	-0.355	-0.388	0.000	-28.961	-9.864
10086	1665.000	-0.323	-0.052	0.082	-29.177	-17.103
10102	1665.000	-0.226	0.313	0.097	-28.881	11.901
10118	1665.000	-0.385	-0.459	0.000	-29.008	-16.876
10134	1665.000	-0.351	-0.325	0.000	-28.937	-3.591
10150	1665.000	-0.403	-0.371	0.000	-28.981	-8.097
10166	1665.000	-0.373	-0.158	0.000	-29.009	13.164
10182	1665.000	-0.268	-0.162	0.020	-28.809	2.627
10198	1665.000	-0.314	-0.045	0.000	-28.868	24.397
10214	1665.000	-0.309	-0.087	0.043	-29.077	-0.982
10230	1665.000	-0.383	-0.066	0.000	-29.115	22.560
10246	1665.000	-0.312	0.062	0.065	-28.914	2.666
10262	1665.000	-0.254	-0.137	0.032	-28.851	-0.683
10278	1665.000	-0.362	-0.245	0.014	-29.789	-1.491
10294	1665.000	-0.361	-0.523	0.000	-28.964	-23.366
10310	1665.000	-0.339	-0.269	0.000	-29.238	2.354
10326	1665.000	-0.351	-0.324	0.000	-29.651	-2.767
10342	1665.000	-0.342	-0.308	0.000	-29.205	-1.580
10358	1665.000	-0.308	0.025	0.072	-29.679	-3.856
10374	1665.000	-0.399	-0.338	0.000	-29.386	-4.366
10390	1665.000	-0.339	-0.247	0.000	-28.776	4.081
10406	1665.000	-0.305	-0.000	0.076	-29.215	-8.708
10422	1665.000	-0.301	-0.056	0.013	-29.098	16.750
10438	1665.000	-0.373	-0.355	0.010	-28.978	-11.662
10454	1665.000	-0.361	-0.370	0.034	-29.458	-24.285
10470	1665.000	-0.380	-0.108	0.000	-29.513	18.676
10486	1665.000	-0.362	-0.442	0.000	-29.344	-14.863
10502	1665.000	-0.333	0.020	0.032	-28.909	14.852
10518	1665.000	-0.284	-0.360	0.000	-29.238	-6.729
10534	1665.000	-0.129	1.320	0.298	-28.978	12.049
10550	1665.000	-0.387	-0.055	0.044	-28.733	1.234
10566	1665.000	-0.331	-0.094	0.033	-28.798	3.000
10582	1665.000	-0.283	0.059	0.107	-28.813	-18.749
10598	1665.000	-0.298	-0.295	0.042	-28.829	-21.670
10614	1665.000	-0.342	-0.119	0.000	-28.732	16.825
10630	1665.000	-0.272	0.274	0.064	-28.898	24.428
11270	1665.000	-0.298	0.083	0.070	-28.856	2.417
11286	1665.000	-0.312	0.004	0.073	-28.401	-7.526
11302	1665.000	-0.360	-0.100	0.000	-29.180	19.179
11318	1665.000	-0.331	0.012	0.016	-28.828	22.182
11334	1665.000	-0.374	-0.170	0.000	-28.078	11.084
11350	1665.000	-0.346	-0.288	0.046	-28.460	-23.549
11366	1665.000	-0.345	-0.437	0.000	-28.471	-15.226
11382	1665.000	-0.347	-0.358	0.000	-28.078	-7.707
11398	1665.000	-0.393	-0.448	0.005	-28.421	-19.053
11414	1665.000	-0.350	-0.073	0.000	-28.491	21.153
11430	1665.000	-0.325	-0.097	0.067	-28.523	-14.716
11446	1665.000	-0.250	0.013	0.027	-28.290	16.078
11462	1665.000	-0.383	-0.126	0.000	-28.401	15.795
11478	1665.000	-0.365	-0.491	0.000	-28.541	-20.524
11494	1665.000	-0.270	0.071	0.094	-28.272	-11.588
11510	1665.000	-0.371	-0.521	0.000	-28.219	-23.904
11526	1665.000	-0.297	0.296	0.091	-28.418	12.501
11542	1665.000	-0.307	-0.153	0.008	-28.442	9.386
11558	1665.000	-0.389	-0.266	0.000	-28.162	1.559
11574	1665.000	-0.363	-0.215	0.042	-28.866	-13.563
11590	1665.000	-0.361	-0.427	0.000	-28.311	-14.404
11606	1665.000	-0.345	-0.328	0.000	-28.167	-4.667
11622	1665.000	-0.401	-0.096	0.000	-29.170	19.531
11638	1665.000	-0.290	-0.251	0.010	-28.086	-1.900
11654	1665.000	-0.262	0.289	0.084	-28.371	15.489
11670	1665.000	-0.365	-0.272	0.000	-28.252	0.825
11686	1665.000	-0.252	-0.084	0.063	-28.207	-11.812
11702	1665.000	-0.198	0.848	0.215	-28.344	5.693
11718	1665.000	-0.287	0.012	0.094	-28.405	-17.489
11734	1665.000	-0.298	0.112	0.063	-28.087	7.837
11750	1665.000	-0.144	0.895	0.221	-28.090	6.954
11766	1665.000	-0.105	1.408	0.292	-28.457	23.277
11782	1665.000	-0.293	0.160	0.129	-28.090	-20.389
11798	1665.000	-0.277	0.259	0.081	-28.153	13.566
11814	1665.000	-0.373	-0.197	0.000	-28.435	8.708
11830	1665.000	-0.339	-0.134	0.007	-28.387	11.292
11846	1665.000	-0.342	-0.004	0.016	-28.727	20.402
11862	1665.000	-0.377	-0.176	0.000	-28.366	10.782
11878	1665.000	-0.350	0.044	0.081	-28.931	-6.898
12518	1665.000	-0.311	-0.158	0.000	-22.689	6.909
12534	1665.000	-0.163	0.192	0.067	-22.603	8.080
12550	1665.000	-0.283	-0.079	0.000	-22.995	15.141
12566	1665.000	-0.263	-0.046	0.000	-22.803	18.226
12582	1665.000	-0.229	0.148	0.093	-22.539	-9.092
12598	1665.000	-0.307	-0.366	0.000	-22.792	-13.811
12614	1665.000	-0.267	-0.105	0.000	-22.805	12.257
12630	1665.000	-0.207	-0.193	0.038	-22.599	-15.757
12646	1665.000	-0.258	-0.101	0.031	-23.269	-2.123
12662	1665.000	-0.219	0.231	0.073	-22.693	9.345
12678	1665.000	-0.278	-0.172	0.030	-22.541	-9.614
12694	1665.000	-0.269	0.153	0.026	-22.825	24.881
12710	1665.000	-0.286	-0.092	0.000	-22.543	13.391
12726	1665.000	-0.254	-0.131	0.058	-22.539	-19.517
12742	1665.000	-0.299	-0.385	0.000	-22.542	-16.002
12758	1665.000	-0.212	0.202	0.053	-22.772	16.558
12774	1665.000	-0.207	-0.249	0.000	-22.542	-2.348
12790	1665.000	-0.264	0.089	0.015	-22.662	23.981
12806	1665.000	-0.190	0.340	0.079	-22.782	17.304
12822	1665.000	-0.275	-0.241	0.034	-22.548	-18.453
12838	1665.000	-0.263	-0.032	0.062	-22.969	-11.093
12854	1665.000	-0.076	0.854	0.190	-22.742	13.141
12870	1665.000	-0.245	-0.065	0.046	-22.568	-6.877
12886	1665.000	-0.262	-0.191	0.015	-22.545	-3.873
12902	1665.000	-0.312	-0.427	0.000	-22.609	-20.113
12918	1665.000	-0.275	-0.400	0.000	-22.540	-17.476
12934	1665.000	-0.226	-0.265	0.022	-22.541	-14.776
12950	1665.000	-0.091	0.938	0.247	-22.763	-6.748
12966	1665.000	-0.279	-0.109	0.000	-23.204	12.244
12982	1665.000	-0.209	0.442	0.094	-22.605	19.858
12998	1665.000	-0.314	-0.083	0.046	-22.674	-8.403
13014	1665.000	-0.283	0.009	0.020	-22.778	13.542
13030	1665.000	-0.286	0.125	0.038	-22.904	16.443
13046	1665.000	-0.140	0.515	0.164	-22.842	-7.749
13062	1665.000	-0.240	0.102	0.025	-22.627	20.620
13078	1665.000	-0.358	-0.421	0.000	-23.343	-18.762
13094	1665.000	-0.229	-0.011	0.069	-23.141	-12.397
13110	1665.000	-0.348	-0.471	0.000	-22.621	-24.474
13126	1665.000	-0.241	-0.034	0.033	-23.429	3.287
13766	1665.000	-0.956	-1.257	0.000	-121.512	-4.139
13782	1665.000	-0.738	-1.071	0.093	-131.981	-21.505
13798	1665.000	-0.984	-1.186	0.000	-124.115	5.499
13814	1665.000	-0.937	-1.109	0.000	-121.496	10.572
13830	1665.000	-0.954	-1.131	0.000	-129.656	16.584
13846	1665.000	-0.935	-1.218	0.047	-122.030	-23.234
13862	1665.000	-0.959	-1.213	0.000	-121.516	0.167
13878	1665.000	-0.934	-0.852	0.068	-132.789	13.632
13894	1665.000	-1.013	-1.159	0.000	-122.530	6.666
13910	1665.000	-0.990	-1.372	0.000	-121.496	-15.731
13926	1665.000	-0.789	-1.430	0.000	-127.770	-15.205
13942	1665.000	-0.950	-1.169	0.059	-121.496	-24.724
13958	1665.000	-0.854	-1.101	0.000	-122.215	12.107
13974	1665.000	-0.906	-1.117	0.051	-126.702	-10.662
13990	1665.000	-0.967	-1.453	0.000	-121.496	-23.766
14006	1665.000	-0.954	-1.466	0.000	-136.603	-10.011
14022	1665.000	-0.911	-1.484	0.000	-132.450	-15.904
14038	1665.000	-0.991	-1.134	0.000	-122.330	8.937
14054	1665.000	-0.934	-1.303	0.000	-135.748	5.462
14070	1665.000	-0.970	-1.116	0.000	-135.493	23.884
14086	1665.000	-1.014	-1.417	0.000	-122.025	-19.650
14102	1665.000	-0.945	-1.084	0.000	-132.484	24.096
14118	1665.000	-0.972	-1.139	0.000	-122.530	8.626
14134	1665.000	-0.971	-0.991	0.000	-123.896	24.827
14150	1665.000	-0.993	-1.248	0.000	-134.120	9.271
14166	1665.000	-1.014	-1.210	0.000	-131.842	10.867
14182	1665.000	-0.957	-1.076	0.000	-121.530	13.916
14198	1665.000	-1.009	-1.431	0.000	-122.308	-20.829
14214	1665.000	1.343	3.896	0.049	-142.831	7.940
14230	1665.000	-0.912	-0.997	0.000	-121.496	21.823
14246	1665.000	-0.897	-1.262	0.000	-123.096	-3.136
14262	1665.000	-1.004	-1.396	0.000	-141.710	2.122
14278	1665.000	-0.924	-1.027	0.000	-121.496	18.765
14294	1665.000	-0.986	-1.331	0.000	-131.439	-1.661
14310	1665.000	-0.965	-1.052	0.000	-130.193	24.964
14326	1665.000	-0.958	-1.258	0.000	-125.559	-0.270
14342	1665.000	-0.935	-1.133	0.000	-123.493	10.207
14358	1665.000	-0.967	-1.216	0.061	-132.450	-19.617
14374	1665.000	-0.972	-1.245	0.000	-126.373	1.833
