# NEST version: 3.6.0-post0.dev0
# RecordingBackendASCII version: 2
sender	time_ms	V_m	I_tot	I_exc	I_inh	I_noise
7	1662.000	-1.087	-0.966	0.000	-81.034	-15.522
23	1662.000	-0.993	-0.888	0.000	-78.577	-10.263
39	1662.000	-1.016	-1.029	0.000	-81.260	-21.601
55	1662.000	-1.005	-0.684	0.000	-80.640	12.275
71	1662.000	-0.988	-0.895	0.000	-78.555	-10.934
87	1662.000	-0.994	-0.541	0.000	-78.661	24.513
103	1662.000	-1.018	-0.859	0.000	-79.322	-6.624
119	1662.000	-1.009	-1.005	0.000	-79.405	-21.110
135	1662.000	-0.987	-0.752	0.000	-79.397	4.170
151	1662.000	-1.005	-0.690	0.000	-79.538	10.564
167	1662.000	-0.998	-0.805	0.000	-80.543	0.017
183	1662.000	-1.002	-0.926	0.000	-78.614	-13.947
199	1662.000	-1.004	-0.764	0.000	-80.623	4.200
215	1662.000	-0.966	-0.916	0.000	-78.596	-12.956
231	1662.000	-0.989	-0.822	0.000	-78.563	-3.594
247	1662.000	-0.968	-0.867	0.000	-78.555	-8.095
263	1662.000	-0.982	-0.898	0.000	-78.555	-11.237
279	1662.000	-0.961	-0.692	0.000	-78.555	9.404
295	1662.000	-0.987	-0.791	0.000	-78.555	-0.588
311	1662.000	-1.041	-0.878	0.000	-78.573	-9.268
327	1662.000	-1.014	-0.871	0.000	-78.996	-8.059
343	1662.000	-0.663	-0.772	0.000	-78.591	1.369
359	1662.000	-0.605	-1.045	0.000	-80.248	-24.273
375	1662.000	-1.009	-0.540	0.000	-78.602	24.606
391	1662.000	-1.001	-0.776	0.000	-80.188	2.540
407	1662.000	-0.969	-0.673	0.000	-78.555	11.269
423	1662.000	-0.964	-0.831	0.000	-79.564	-3.519
439	1662.000	-1.069	-0.826	0.000	-80.898	-1.702
455	1662.000	-1.009	-1.018	0.000	-79.825	-21.961
471	1662.000	-1.060	-0.699	0.000	-79.597	9.663
487	1662.000	-0.951	-0.871	0.000	-78.577	-8.511
503	1662.000	-1.000	-0.663	0.000	-79.598	13.291
519	1662.000	-0.955	-0.886	0.000	-78.573	-10.048
535	1662.000	-0.863	-0.964	0.000	-79.453	-16.967
551	1662.000	-0.976	-0.970	0.000	-78.619	-18.419
567	1662.000	-0.942	-1.011	0.000	-78.871	-22.247
583	1662.000	-0.985	-0.672	0.000	-80.858	13.668
599	1662.000	-0.995	-0.805	0.000	-78.638	-1.814
615	1662.000	-1.102	-1.050	0.000	-81.817	-23.192
1255	1662.000	-0.278	-0.104	0.000	-24.744	14.378
1271	1662.000	-0.267	-0.016	0.000	-24.831	23.191
1287	1662.000	-0.304	-0.370	0.000	-24.976	-12.008
1303	1662.000	-0.358	-0.428	0.000	-24.684	-18.126
1319	1662.000	-0.383	-0.345	0.000	-25.046	-9.448
1335	1662.000	-0.353	-0.051	0.000	-24.717	19.661
1351	1662.000	-0.285	-0.018	0.000	-24.814	23.041
1367	1662.000	-0.324	-0.187	0.000	-24.563	5.866
1383	1662.000	-0.318	-0.059	0.000	-24.568	18.635
1399	1662.000	-0.405	-0.354	0.000	-25.112	-10.259
1415	1662.000	-0.265	-0.082	0.000	-25.089	16.933
1431	1662.000	-0.315	-0.402	0.000	-24.655	-15.590
1447	1662.000	-0.372	-0.459	0.000	-24.830	-21.045
1463	1662.000	-0.342	-0.359	0.000	-24.933	-11.009
1479	1662.000	-0.316	-0.453	0.000	-24.638	-20.704
1495	1662.000	-0.367	-0.443	0.000	-24.561	-19.706
1511	1662.000	-0.293	-0.021	0.000	-24.566	22.425
1527	1662.000	-0.330	-0.279	0.000	-24.813	-3.055
1543	1662.000	-0.339	-0.325	0.000	-24.718	-7.793
1559	1662.000	-0.333	-0.482	0.000	-24.568	-23.629
1575	1662.000	-0.336	-0.445	0.000	-25.317	-19.176
1591	1662.000	-0.336	-0.434	0.000	-24.770	-18.621
1607	1662.000	-0.284	-0.175	0.000	-24.569	7.061
1623	1662.000	-0.289	-0.292	0.000	-24.664	-4.537
1639	1662.000	-0.344	-0.405	0.000	-25.468	-15.020
1655	1662.000	-0.285	-0.167	0.000	-24.569	7.867
1671	1662.000	-0.231	-0.308	0.000	-24.769	-6.044
1687	1662.000	-0.264	-0.061	0.000	-24.706	18.585
1703	1662.000	-0.250	-0.180	0.000	-24.651	6.619
1719	1662.000	-0.326	-0.436	0.000	-24.975	-18.581
1735	1662.000	-0.338	-0.340	0.000	-24.714	-9.294
1751	1662.000	-0.348	-0.311	0.000	-24.854	-6.227
1767	1662.000	-0.354	-0.392	0.000	-24.932	-14.233
1783	1662.000	-0.269	-0.205	0.000	-24.561	4.033
1799	1662.000	-0.291	-0.261	0.000	-25.326	-0.796
1815	1662.000	-0.306	-0.329	0.000	-25.555	-7.323
1831	1662.000	-0.312	-0.209	0.000	-24.566	3.710
1847	1662.000	-0.307	-0.176	0.000	-25.072	7.506
1863	1662.000	-0.252	-0.151	0.000	-24.907	9.855
2519	1662.000	-0.419	-0.440	0.000	-33.711	-10.299
2535	1662.000	-0.413	-0.546	0.000	-33.238	-21.392
2551	1662.000	-0.483	-0.364	0.000	-34.180	-2.198
2567	1662.000	-0.461	-0.407	0.000	-33.567	-7.151
2583	1662.000	-0.415	-0.196	0.000	-32.893	13.302
2599	1662.000	-0.383	-0.337	0.000	-33.194	-0.468
2615	1662.000	-0.386	-0.190	0.000	-33.451	14.426
2631	1662.000	-0.423	-0.453	0.000	-33.518	-11.814
2647	1662.000	-0.468	-0.384	0.000	-33.149	-5.260
2663	1662.000	-0.400	-0.344	0.000	-33.417	-1.014
2679	1662.000	-0.395	-0.096	0.000	-33.064	23.450
2695	1662.000	-0.446	-0.505	0.000	-33.338	-17.174
2711	1662.000	-0.412	-0.431	0.000	-33.173	-9.910
2727	1662.000	-0.351	-0.230	0.000	-32.895	9.846
2743	1662.000	-0.413	-0.317	0.000	-32.935	1.219
2759	1662.000	-0.395	-0.128	0.000	-33.458	20.674
2775	1662.000	-0.389	-0.142	0.000	-33.384	19.205
2791	1662.000	-0.410	-0.127	0.000	-32.937	20.268
2807	1662.000	-0.465	-0.257	0.000	-32.974	7.235
2823	1662.000	-0.403	-0.443	0.000	-33.116	-11.159
2839	1662.000	-0.423	-0.325	0.000	-33.296	0.828
2855	1662.000	-0.385	-0.406	0.000	-32.983	-7.615
2871	1662.000	-0.443	-0.263	0.000	-33.428	7.109
2887	1662.000	-0.421	-0.443	0.000	-33.647	-10.623
2903	1662.000	-0.435	-0.251	0.000	-32.897	7.825
2919	1662.000	-0.377	-0.132	0.000	-33.136	19.936
2935	1662.000	-0.413	-0.503	0.000	-34.077	-16.224
2951	1662.000	-0.383	-0.352	0.000	-32.940	-2.238
2967	1662.000	-0.425	-0.500	0.000	-33.181	-16.813
2983	1662.000	-0.426	-0.346	0.000	-33.330	-1.251
2999	1662.000	-0.411	-0.409	0.000	-32.897	-8.007
3015	1662.000	-0.415	-0.277	0.000	-33.349	5.670
3031	1662.000	-0.436	-0.437	0.000	-33.082	-10.573
3047	1662.000	-0.447	-0.564	0.000	-33.159	-23.253
3063	1662.000	-0.426	-0.346	0.000	-33.465	-1.182
3079	1662.000	-0.435	-0.356	0.000	-33.414	-2.197
3095	1662.000	-0.375	-0.230	0.000	-33.662	10.627
3111	1662.000	-0.403	-0.127	0.000	-34.064	21.405
3127	1662.000	-0.343	-0.217	0.000	-33.701	11.965
3767	1662.000	-0.419	-0.126	0.000	-32.811	20.206
3783	1662.000	-0.456	-0.554	0.000	-32.808	-22.635
3799	1662.000	-0.396	-0.138	0.000	-32.700	18.909
3815	1662.000	-0.360	-0.085	0.000	-32.626	24.124
3831	1662.000	-0.381	-0.163	0.000	-32.463	16.158
3847	1662.000	-0.450	-0.216	0.000	-32.715	11.146
3863	1662.000	-0.405	-0.493	0.000	-33.007	-16.281
3879	1662.000	-0.404	-0.276	0.000	-32.748	5.104
3895	1662.000	-0.424	-0.361	0.000	-33.175	-2.949
3911	1662.000	-0.403	-0.531	0.000	-32.936	-20.148
3927	1662.000	-0.403	-0.168	0.000	-32.682	15.932
3943	1662.000	-0.409	-0.295	0.000	-33.077	3.614
3959	1662.000	-0.343	-0.367	0.000	-32.752	-3.939
3975	1662.000	-0.398	-0.152	0.000	-33.016	17.860
3991	1662.000	-0.414	-0.283	0.000	-33.142	4.817
4007	1662.000	-0.377	-0.336	0.000	-32.755	-0.826
4023	1662.000	-0.421	-0.300	0.000	-32.782	2.822
4039	1662.000	-0.449	-0.313	0.000	-33.016	1.724
4055	1662.000	-0.354	-0.166	0.000	-32.703	16.060
4071	1662.000	-0.401	-0.311	0.000	-33.345	2.243
4087	1662.000	-0.438	-0.256	0.000	-33.182	7.596
4103	1662.000	-0.439	-0.417	0.000	-32.716	-8.993
4119	1662.000	-0.438	-0.464	0.000	-33.567	-12.876
4135	1662.000	-0.386	-0.409	0.000	-32.875	-8.051
4151	1662.000	-0.381	-0.238	0.000	-32.826	8.986
4167	1662.000	-0.458	-0.287	0.000	-33.141	4.419
4183	1662.000	-0.387	-0.237	0.000	-32.472	8.790
4199	1662.000	-0.415	-0.275	0.000	-33.326	5.850
4215	1662.000	-0.397	-0.208	0.000	-33.198	12.371
4231	1662.000	-0.381	-0.347	0.000	-32.888	-1.791
4247	1662.000	-0.362	-0.150	0.000	-33.584	18.553
4263	1662.000	-0.440	-0.322	0.000	-32.706	0.535
4279	1662.000	-0.377	-0.140	0.000	-32.773	18.791
4295	1662.000	-0.384	-0.462	0.000	-32.647	-13.600
4311	1662.000	-0.449	-0.442	0.000	-32.971	-11.186
4327	1662.000	-0.393	-0.239	0.000	-32.549	8.627
4343	1662.000	-0.356	-0.115	0.000	-32.787	21.284
4359	1662.000	-0.434	-0.454	0.000	-33.121	-12.324
4375	1662.000	-0.435	-0.477	0.000	-32.459	-15.208
5015	1662.000	-0.294	0.008	0.000	-23.614	24.376
5031	1662.000	-0.367	-0.291	0.000	-23.476	-5.672
5047	1662.000	-0.299	-0.185	0.000	-23.733	5.266
5063	1662.000	-0.288	-0.090	0.000	-23.673	14.704
5079	1662.000	-0.268	-0.078	0.000	-23.525	15.704
5095	1662.000	-0.261	-0.220	0.000	-23.637	1.625
5111	1662.000	-0.251	-0.319	0.000	-23.667	-8.277
5127	1662.000	-0.341	-0.130	0.000	-23.680	10.702
5143	1662.000	-0.316	-0.221	0.000	-23.876	1.769
5159	1662.000	-0.289	-0.099	0.000	-23.430	13.532
5175	1662.000	-0.341	-0.165	0.000	-23.871	7.327
5191	1662.000	-0.282	-0.206	0.000	-23.805	3.253
5207	1662.000	-0.328	-0.394	0.000	-23.813	-15.632
5223	1662.000	-0.314	-0.463	0.000	-24.166	-22.117
5239	1662.000	-0.361	-0.436	0.000	-24.106	-19.458
5255	1662.000	-0.311	-0.102	0.000	-23.610	13.453
5271	1662.000	-0.340	-0.456	0.000	-24.170	-21.479
5287	1662.000	-0.269	-0.054	0.000	-23.848	18.400
5303	1662.000	-0.294	-0.399	0.000	-23.808	-16.089
5319	1662.000	-0.319	-0.230	0.000	-23.935	0.979
5335	1662.000	-0.272	-0.290	0.000	-23.439	-5.594
5351	1662.000	-0.322	-0.058	0.000	-24.651	18.881
5367	1662.000	-0.296	-0.128	0.000	-23.664	10.834
5383	1662.000	-0.291	-0.334	0.000	-23.430	-9.954
5399	1662.000	-0.287	-0.196	0.000	-24.051	4.409
5415	1662.000	-0.283	-0.177	0.000	-23.698	6.029
5431	1662.000	-0.334	-0.455	0.000	-23.636	-21.901
5447	1662.000	-0.281	-0.326	0.000	-23.426	-9.139
5463	1662.000	-0.295	-0.086	0.000	-23.530	14.911
5479	1662.000	-0.278	-0.124	0.000	-23.638	11.226
5495	1662.000	-0.231	-0.008	0.000	-23.432	22.601
5511	1662.000	-0.345	-0.129	0.000	-23.425	10.491
5527	1662.000	-0.306	-0.449	0.000	-23.807	-21.099
5543	1662.000	-0.334	-0.412	0.000	-23.520	-17.662
5559	1662.000	-0.280	0.010	0.000	-23.519	24.560
5575	1662.000	-0.238	-0.051	0.000	-23.737	18.615
5591	1662.000	-0.288	-0.038	0.000	-23.678	19.905
5607	1662.000	-0.307	-0.217	0.000	-23.669	1.992
5623	1662.000	-0.282	-0.438	0.000	-23.599	-20.164
6263	1662.000	-1.095	-0.858	0.000	-81.380	-4.380
6279	1662.000	-0.894	-0.716	0.000	-81.339	9.691
6295	1662.000	-0.806	-0.932	0.000	-81.334	-11.907
6311	1662.000	-1.015	-0.649	0.000	-81.326	16.408
6327	1662.000	-0.590	4.021	1.000	-81.316	-16.625
6343	1662.000	-1.056	-1.057	0.000	-82.941	-22.724
6359	1662.000	-1.009	-0.647	0.000	-81.316	16.588
6375	1662.000	-0.993	-0.638	0.000	-81.318	17.563
6391	1662.000	-1.043	-0.739	0.000	-82.293	8.405
6407	1662.000	-1.125	-1.059	0.000	-84.748	-21.180
6423	1662.000	-1.009	-0.945	0.000	-82.307	-12.187
6439	1662.000	-0.982	-0.620	0.000	-82.294	20.288
6455	1662.000	-0.981	-0.604	0.000	-82.097	21.664
6471	1662.000	-0.891	-0.645	0.000	-82.328	17.861
6487	1662.000	-0.999	-0.744	0.000	-82.859	8.497
6503	1662.000	-0.990	-0.743	0.000	-81.377	7.060
6519	1662.000	-0.911	-0.630	0.000	-82.158	19.183
6535	1662.000	-1.015	-0.878	0.000	-82.227	-5.562
6551	1662.000	-1.083	-1.040	0.000	-83.687	-20.361
6567	1662.000	-1.047	-0.907	0.000	-81.700	-8.967
6583	1662.000	-1.038	-0.596	0.000	-83.694	24.107
6599	1662.000	-1.036	-0.644	0.000	-85.217	20.800
6615	1662.000	-1.067	-0.875	0.000	-83.948	-3.525
6631	1662.000	-1.030	-0.669	0.000	-83.379	16.506
6647	1662.000	-1.046	-0.849	0.000	-81.691	-3.168
6663	1662.000	-1.038	-0.943	0.000	-81.753	-12.534
6679	1662.000	-1.039	-0.984	0.000	-83.704	-14.717
6695	1662.000	-1.019	-0.621	0.000	-81.348	19.246
6711	1662.000	-1.014	-0.831	0.000	-82.131	-0.981
6727	1662.000	-1.088	-1.013	0.000	-84.366	-16.935
6743	1662.000	-1.027	-0.934	0.000	-81.316	-12.090
6759	1662.000	-0.963	-0.680	0.000	-81.317	13.324
6775	1662.000	-0.987	-0.576	0.000	-82.299	24.683
6791	1662.000	-1.037	-0.618	0.000	-81.727	19.883
6807	1662.000	-0.880	-0.772	0.000	-81.731	4.541
6823	1662.000	-1.088	-0.992	0.000	-82.961	-16.231
6839	1662.000	-1.002	-0.640	0.000	-81.335	17.287
6855	1662.000	-1.006	-0.910	0.000	-81.334	-9.707
6871	1662.000	-1.028	-0.586	0.000	-81.376	22.781
7511	1662.000	-0.955	-0.895	0.000	-78.467	-11.032
7527	1662.000	-0.941	-0.851	0.000	-78.472	-6.619
7543	1662.000	-0.886	-0.743	0.000	-78.456	4.188
7559	1662.000	-0.722	-0.627	0.000	-80.029	17.288
7575	1662.000	-1.027	-0.692	0.000	-80.224	10.987
7591	1662.000	-1.021	-0.927	0.000	-78.436	-14.273
7607	1662.000	-1.020	-0.673	0.000	-80.477	13.164
7623	1662.000	-1.001	-0.641	0.000	-79.099	15.023
7639	1662.000	-1.066	-0.807	0.000	-80.757	0.083
7655	1662.000	-0.945	-0.654	0.000	-78.493	13.134
7671	1662.000	-0.878	-0.931	0.000	-80.072	-13.032
7687	1662.000	-0.917	-0.721	0.000	-80.320	8.228
7703	1662.000	-0.989	-0.985	0.000	-78.535	-19.987
7719	1662.000	-0.969	-0.652	0.000	-78.506	13.339
7735	1662.000	-0.947	-1.008	0.000	-78.436	-22.409
7751	1662.000	-1.040	-0.925	0.000	-80.543	-11.944
7767	1662.000	-0.973	-1.002	0.000	-78.902	-21.277
7783	1662.000	-0.960	-0.955	0.000	-78.436	-17.079
7799	1662.000	-1.030	-0.733	0.000	-80.208	6.886
7815	1662.000	-0.953	-0.861	0.000	-78.486	-7.648
7831	1662.000	-1.002	-0.605	0.000	-79.203	18.699
7847	1662.000	-1.044	-0.740	0.000	-83.564	9.557
7863	1662.000	-0.949	-0.541	0.000	-78.436	24.303
7879	1662.000	-0.921	-0.544	0.000	-78.436	24.018
7895	1662.000	-1.111	-0.765	0.000	-82.620	6.162
7911	1662.000	-1.044	-0.753	0.000	-81.305	6.049
7927	1662.000	-1.039	-0.936	0.000	-79.230	-14.326
7943	1662.000	-0.957	-0.814	0.000	-78.768	-2.617
7959	1662.000	-0.997	-0.840	0.000	-79.272	-4.736
7975	1662.000	-0.955	-0.687	0.000	-80.580	11.853
7991	1662.000	-1.041	-1.009	0.000	-79.145	-21.732
8007	1662.000	-0.944	-0.561	0.000	-78.453	22.345
8023	1662.000	-0.954	-0.846	0.000	-78.451	-6.173
8039	1662.000	-1.000	-0.724	0.000	-78.845	6.447
8055	1662.000	-0.981	-0.833	0.000	-78.482	-4.834
8071	1662.000	-0.992	-0.585	0.000	-79.193	20.734
8087	1662.000	-0.974	-0.906	0.000	-78.471	-12.171
8103	1662.000	-0.993	-0.641	0.000	-78.499	14.439
8119	1662.000	-1.012	-0.924	0.000	-78.452	-13.928
8775	1662.000	-0.330	-0.081	0.000	-27.734	19.641
8791	1662.000	-0.363	-0.427	0.000	-27.628	-15.080
8807	1662.000	-0.358	-0.147	0.000	-27.430	12.695
8823	1662.000	-0.343	-0.399	0.000	-27.727	-12.136
8839	1662.000	-0.327	-0.446	0.000	-27.549	-17.044
8855	1662.000	-0.338	-0.362	0.000	-27.173	-8.998
8871	1662.000	-0.363	-0.291	0.000	-27.608	-1.514
8887	1662.000	-0.369	-0.480	0.000	-27.250	-20.743
8903	1662.000	-0.363	-0.144	0.000	-27.173	12.783
8919	1662.000	-0.340	-0.022	0.000	-27.192	24.994
8935	1662.000	-0.276	-0.130	0.000	-27.667	14.698
8951	1662.000	-0.354	-0.414	0.000	-27.385	-13.976
8967	1662.000	-0.362	-0.366	0.000	-27.631	-9.013
8983	1662.000	-0.324	-0.192	0.000	-27.622	8.375
8999	1662.000	-0.319	-0.126	0.000	-28.334	15.728
9015	1662.000	-0.358	-0.288	0.000	-27.970	-0.863
9031	1662.000	-0.420	-0.435	0.000	-28.072	-15.385
9047	1662.000	-0.325	-0.398	0.000	-28.056	-11.785
9063	1662.000	-0.391	-0.322	0.000	-27.276	-4.911
9079	1662.000	-0.362	-0.052	0.000	-27.258	22.108
9095	1662.000	-0.394	-0.501	0.000	-27.731	-22.394
9111	1662.000	-0.340	-0.161	0.000	-27.176	11.058
9127	1662.000	-0.319	-0.036	0.000	-27.176	23.624
9143	1662.000	-0.346	-0.498	0.000	-27.628	-22.163
9159	1662.000	-0.339	-0.453	0.000	-27.284	-17.968
9175	1662.000	-0.324	-0.320	0.000	-27.780	-4.226
9191	1662.000	-0.325	-0.344	0.000	-27.180	-7.237
9207	1662.000	-0.354	-0.447	0.000	-27.282	-17.394
9223	1662.000	-0.312	-0.028	0.000	-27.618	24.838
9239	1662.000	-0.274	-0.125	0.000	-27.173	14.689
9255	1662.000	-0.367	-0.382	0.000	-27.282	-10.926
9271	1662.000	-0.314	-0.159	0.000	-27.499	11.555
9287	1662.000	-0.323	-0.191	0.000	-27.381	8.282
9303	1662.000	-0.277	-0.093	0.000	-27.752	18.476
9319	1662.000	-0.359	-0.237	0.000	-27.343	3.667
9335	1662.000	-0.336	-0.325	0.000	-27.734	-4.753
9351	1662.000	-0.371	-0.314	0.000	-27.456	-3.910
9367	1662.000	-0.322	-0.193	0.000	-27.523	8.187
9383	1662.000	-0.370	-0.429	0.000	-27.631	-15.305
10023	1662.000	-0.398	-0.393	0.000	-32.563	-6.699
10039	1662.000	-0.458	-0.183	0.000	-32.719	14.424
10055	1662.000	-0.431	-0.368	0.000	-32.610	-4.234
10071	1662.000	-0.401	-0.110	0.000	-32.911	21.941
10087	1662.000	-0.476	-0.553	0.000	-33.138	-22.204
10103	1662.000	-0.392	-0.200	0.000	-32.719	12.690
10119	1662.000	-0.406	-0.258	0.000	-33.189	7.387
10135	1662.000	-0.420	-0.175	0.000	-32.853	15.353
10151	1662.000	-0.404	-0.466	0.000	-33.111	-13.467
10167	1662.000	-0.398	-0.457	0.000	-32.726	-13.018
10183	1662.000	-0.439	-0.428	0.000	-32.639	-10.186
10199	1662.000	-0.470	-0.528	0.000	-32.559	-20.248
10215	1662.000	-0.381	-0.438	0.000	-33.157	-10.655
10231	1662.000	-0.416	-0.548	0.000	-32.801	-21.998
10247	1662.000	-0.422	-0.212	0.000	-32.804	11.650
10263	1662.000	-0.380	-0.134	0.000	-32.854	19.419
10279	1662.000	-0.434	-0.175	0.000	-33.656	16.155
10295	1662.000	-0.421	-0.209	0.000	-32.771	11.834
10311	1662.000	-0.470	-0.337	0.000	-33.058	-0.654
10327	1662.000	-0.381	-0.117	0.000	-33.708	21.978
10343	1662.000	-0.390	-0.258	0.000	-33.474	7.679
10359	1662.000	-0.466	-0.441	0.000	-33.848	-10.234
10375	1662.000	-0.424	-0.382	0.000	-33.577	-4.657
10391	1662.000	-0.374	-0.144	0.000	-32.855	18.427
10407	1662.000	-0.412	-0.100	0.000	-33.135	23.160
10423	1662.000	-0.416	-0.113	0.000	-33.124	21.780
10439	1662.000	-0.411	-0.199	0.000	-32.782	12.925
10455	1662.000	-0.383	-0.414	0.000	-33.352	-8.065
10471	1662.000	-0.428	-0.513	0.000	-33.389	-17.886
10487	1662.000	-0.436	-0.398	0.000	-33.607	-6.166
10503	1662.000	-0.405	-0.277	0.000	-32.954	5.302
10519	1662.000	-0.418	-0.116	0.000	-33.762	22.182
10535	1662.000	-0.383	-0.365	0.000	-33.310	-3.216
10551	1662.000	-0.412	-0.380	0.000	-32.659	-5.383
10567	1662.000	-0.459	-0.437	0.000	-32.751	-10.947
10583	1662.000	-0.392	-0.163	0.000	-32.556	16.217
10599	1662.000	-0.425	-0.146	0.000	-32.571	17.937
10615	1662.000	-0.432	-0.550	0.000	-32.562	-22.394
10631	1662.000	-0.425	-0.397	0.000	-32.643	-7.012
11271	1662.000	-0.396	-0.365	0.000	-33.031	-3.471
11287	1662.000	-0.466	-0.558	0.000	-32.376	-23.460
11303	1662.000	-0.474	-0.359	0.000	-33.033	-2.863
11319	1662.000	-0.416	-0.235	0.000	-32.903	9.414
11335	1662.000	-0.400	-0.484	0.000	-31.894	-16.511
11351	1662.000	-0.377	-0.274	0.000	-32.578	5.137
11367	1662.000	-0.468	-0.425	0.000	-32.518	-9.969
11383	1662.000	-0.412	-0.160	0.000	-31.817	15.817
11399	1662.000	-0.330	-0.297	0.000	-32.165	2.483
11415	1662.000	-0.418	-0.442	0.000	-32.482	-11.762
11431	1662.000	-0.448	-0.490	0.000	-32.398	-16.646
11447	1662.000	-0.392	-0.242	0.000	-32.037	7.797
11463	1662.000	-0.380	-0.439	0.000	-32.256	-11.627
11479	1662.000	-0.453	-0.246	0.000	-32.986	8.376
11495	1662.000	-0.464	-0.407	0.000	-32.251	-8.441
11511	1662.000	-0.336	-0.484	0.000	-31.920	-16.433
11527	1662.000	-0.452	-0.496	0.000	-32.212	-17.437
11543	1662.000	-0.418	-0.508	0.000	-32.394	-18.369
11559	1662.000	-0.390	-0.542	0.000	-31.902	-22.268
11575	1662.000	-0.432	-0.473	0.000	-32.524	-14.735
11591	1662.000	-0.408	-0.260	0.000	-32.343	6.392
11607	1662.000	-0.416	-0.424	0.000	-31.910	-10.539
11623	1662.000	-0.411	-0.393	0.000	-33.400	-5.856
11639	1662.000	-0.364	-0.214	0.000	-31.918	10.522
11655	1662.000	-0.396	-0.334	0.000	-32.374	-1.022
11671	1662.000	-0.440	-0.546	0.000	-32.322	-22.312
11687	1662.000	-0.375	-0.311	0.000	-31.903	0.757
11703	1662.000	-0.375	-0.425	0.000	-32.120	-10.394
11719	1662.000	-0.417	-0.475	0.000	-32.252	-15.294
11735	1662.000	-0.404	-0.297	0.000	-31.821	2.099
11751	1662.000	-0.379	-0.480	0.000	-31.824	-16.151
11767	1662.000	-0.492	-0.293	0.000	-32.592	3.253
11783	1662.000	-0.399	-0.351	0.000	-31.840	-3.280
11799	1662.000	-0.354	-0.131	0.000	-31.877	18.822
11815	1662.000	-0.412	-0.293	0.000	-32.370	3.092
11831	1662.000	-0.355	-0.211	0.000	-32.010	10.894
11847	1662.000	-0.392	-0.190	0.000	-32.673	13.702
11863	1662.000	-0.413	-0.453	0.000	-32.311	-13.026
11879	1662.000	-0.413	-0.237	0.000	-32.735	9.009
12519	1662.000	-0.393	-0.084	0.000	-25.991	17.542
12535	1662.000	-0.318	-0.140	0.000	-25.756	11.713
12551	1662.000	-0.291	-0.016	0.000	-26.206	24.563
12567	1662.000	-0.299	-0.318	0.000	-25.738	-6.077
12583	1662.000	-0.346	-0.167	0.000	-25.541	8.880
12599	1662.000	-0.372	-0.368	0.000	-25.807	-10.965
12615	1662.000	-0.354	-0.077	0.000	-25.818	18.142
12631	1662.000	-0.361	-0.468	0.000	-25.579	-21.234
12647	1662.000	-0.346	-0.488	0.000	-26.376	-22.406
12663	1662.000	-0.380	-0.155	0.000	-25.702	10.189
12679	1662.000	-0.329	-0.465	0.000	-25.540	-20.944
12695	1662.000	-0.341	-0.099	0.000	-26.116	16.187
12711	1662.000	-0.307	-0.076	0.000	-25.540	17.927
12727	1662.000	-0.336	-0.023	0.000	-25.540	23.270
12743	1662.000	-0.393	-0.348	0.000	-25.547	-9.263
12759	1662.000	-0.270	-0.080	0.000	-25.885	17.875
12775	1662.000	-0.340	-0.107	0.000	-25.542	14.824
12791	1662.000	-0.349	-0.425	0.000	-25.623	-16.842
12807	1662.000	-0.271	-0.048	0.000	-26.092	21.315
12823	1662.000	-0.288	-0.090	0.000	-25.558	16.596
12839	1662.000	-0.339	-0.451	0.000	-26.105	-18.946
12855	1662.000	-0.358	-0.253	0.000	-26.117	0.802
12871	1662.000	-0.287	-0.141	0.000	-25.661	11.609
12887	1662.000	-0.357	-0.334	0.000	-25.712	-7.645
12903	1662.000	-0.323	-0.375	0.000	-25.656	-11.857
12919	1662.000	-0.384	-0.411	0.000	-25.540	-15.598
12935	1662.000	-0.297	-0.021	0.000	-25.551	23.453
12951	1662.000	-0.326	-0.134	0.000	-25.902	12.483
12967	1662.000	-0.322	-0.308	0.000	-26.185	-4.616
12983	1662.000	-0.335	-0.501	0.000	-25.583	-24.468
12999	1662.000	-0.308	-0.436	0.000	-25.771	-17.839
13015	1662.000	-0.267	-0.208	0.000	-26.211	5.414
13031	1662.000	-0.353	-0.084	0.000	-25.849	17.486
13047	1662.000	-0.286	-0.101	0.000	-25.708	15.609
13063	1662.000	-0.287	-0.388	0.000	-25.631	-13.122
13079	1662.000	-0.334	-0.256	0.000	-26.367	0.757
13095	1662.000	-0.315	-0.039	0.000	-26.536	22.659
13111	1662.000	-0.305	-0.389	0.000	-25.766	-13.157
13127	1662.000	-0.317	-0.421	0.000	-26.803	-15.304
13767	1662.000	-0.989	-0.846	0.000	-80.589	-3.986
13783	1662.000	-0.980	-0.588	0.000	-80.580	21.790
13799	1662.000	-1.034	-0.724	0.000	-83.019	10.580
13815	1662.000	-1.027	-0.656	0.000	-80.561	14.947
13831	1662.000	-0.992	-0.565	0.000	-80.583	24.040
13847	1662.000	-0.963	-0.822	0.000	-81.484	-0.723
13863	1662.000	-1.025	-0.855	0.000	-80.583	-4.931
13879	1662.000	-1.032	-1.032	0.000	-80.617	-22.617
13895	1662.000	-1.018	-0.591	0.000	-81.225	22.106
13911	1662.000	-1.005	-0.719	0.000	-80.583	8.725
13927	1662.000	-1.049	-0.697	0.000	-82.409	12.752
13943	1662.000	-1.040	-0.971	0.000	-80.561	-16.573
13959	1662.000	-0.992	-0.787	0.000	-80.561	1.824
13975	1662.000	-0.999	-0.564	0.000	-81.242	24.796
13991	1662.000	-0.762	-0.595	0.000	-80.569	21.103
14007	1662.000	-1.017	-0.762	0.000	-81.725	5.574
14023	1662.000	-0.938	-0.765	0.000	-80.561	4.067
14039	1662.000	-1.035	-0.759	0.000	-81.096	5.177
14055	1662.000	-1.060	-0.919	0.000	-80.877	-11.028
14071	1662.000	-1.061	-0.988	0.000	-81.757	-17.084
14087	1662.000	-1.007	-0.776	0.000	-80.915	3.325
14103	1662.000	-1.020	-0.708	0.000	-80.583	9.757
14119	1662.000	-1.052	-1.063	0.000	-82.680	-23.593
14135	1662.000	-1.038	-0.602	0.000	-84.706	24.538
14151	1662.000	-0.991	-0.622	0.000	-80.583	18.367
14167	1662.000	-1.030	-0.670	0.000	-82.639	15.617
14183	1662.000	-0.987	-0.697	0.000	-81.582	11.913
14199	1662.000	-0.802	-0.797	0.000	-81.417	1.756
14215	1662.000	-1.025	-0.629	0.000	-83.393	20.523
14231	1662.000	-1.024	-0.843	0.000	-80.561	-3.715
14247	1662.000	-1.011	-0.608	0.000	-83.960	23.141
14263	1662.000	-1.125	-1.033	0.000	-83.173	-20.091
14279	1662.000	-0.972	-0.766	0.000	-80.561	3.979
14295	1662.000	-1.087	-1.051	0.000	-82.910	-22.168
14311	1662.000	-0.956	-1.040	0.000	-81.551	-22.438
14327	1662.000	-0.950	-0.580	0.000	-80.561	22.546
14343	1662.000	-1.043	-0.961	0.000	-80.966	-15.088
14359	1662.000	-0.983	-0.643	0.000	-80.561	16.304
14375	1662.000	-0.911	-0.773	0.000	-80.561	3.223
7	1663.000	-1.022	-0.813	0.000	-77.593	-3.741
23	1663.000	-0.938	-0.714	0.000	-75.369	4.000
39	1663.000	-0.945	-0.690	0.000	-77.797	8.778
55	1663.000	-0.977	-0.898	0.000	-77.236	-12.520
71	1663.000	-0.971	-0.780	0.000	-75.349	-2.643
87	1663.000	-0.989	-0.918	0.000	-75.445	-16.351
103	1663.000	-0.966	-0.643	0.000	-76.043	11.713
119	1663.000	-0.970	-0.671	0.000	-76.119	9.054
135	1663.000	-0.955	-0.906	0.000	-76.111	-14.489
151	1663.000	-0.988	-0.868	0.000	-76.239	-10.597
167	1663.000	-0.937	-0.641	0.000	-77.148	13.066
183	1663.000	-0.966	-0.992	0.000	-75.402	-23.836
199	1663.000	-0.971	-0.749	0.000	-77.221	2.360
215	1663.000	-0.960	-0.872	0.000	-75.386	-11.765
231	1663.000	-0.941	-0.585	0.000	-75.357	16.872
247	1663.000	-0.935	-0.597	0.000	-75.349	15.659
263	1663.000	-0.929	-0.669	0.000	-75.349	8.499
279	1663.000	-0.933	-0.764	0.000	-75.349	-1.029
295	1663.000	-0.945	-0.521	0.000	-75.349	23.200
311	1663.000	-0.068	4.441	0.000	-75.365	19.464
327	1663.000	-0.958	-0.641	0.000	-75.749	11.619
343	1663.000	-0.672	-0.693	0.000	-75.382	6.110
359	1663.000	-0.659	-0.913	0.000	-76.881	-14.391
375	1663.000	-0.948	-0.702	0.000	-75.391	5.203
391	1663.000	-0.950	-0.796	0.000	-76.827	-2.755
407	1663.000	-0.952	-0.999	0.000	-75.349	-24.512
423	1663.000	-0.935	-0.611	0.000	-76.262	15.144
439	1663.000	-1.023	-0.669	0.000	-77.469	10.601
455	1663.000	-0.963	-0.748	0.000	-76.498	1.704
471	1663.000	-1.001	-0.537	0.000	-76.292	22.633
487	1663.000	-0.886	-0.655	0.000	-75.369	9.901
503	1663.000	-0.966	-0.890	0.000	-76.293	-12.709
519	1663.000	-0.935	-0.753	0.000	-75.365	0.075
535	1663.000	-0.857	-0.848	0.000	-76.162	-8.591
551	1663.000	-0.918	-0.527	0.000	-75.407	22.685
567	1663.000	-0.918	-0.870	0.000	-75.635	-11.354
583	1663.000	-0.931	-0.701	0.000	-77.433	7.284
599	1663.000	-0.966	-0.990	0.000	-75.424	-23.609
615	1663.000	-1.042	-0.660	0.000	-78.301	12.261
1255	1663.000	-0.251	-0.117	0.000	-23.724	11.988
1271	1663.000	-0.280	-0.379	0.000	-23.803	-14.114
1287	1663.000	-0.270	-0.034	0.000	-23.934	20.545
1303	1663.000	-0.305	-0.021	0.000	-23.670	21.562
1319	1663.000	-0.344	-0.002	0.000	-23.998	23.753
1335	1663.000	-0.297	-0.023	0.000	-23.700	21.449
1351	1663.000	-0.258	-0.101	0.000	-23.787	13.661
1367	1663.000	-0.276	-0.078	0.000	-23.560	15.778
1383	1663.000	-0.313	-0.153	0.000	-23.565	8.278
1399	1663.000	-0.376	-0.088	0.000	-24.057	15.218
1415	1663.000	-0.255	-0.149	0.000	-24.036	9.166
1431	1663.000	-0.316	-0.474	0.000	-23.643	-23.790
1447	1663.000	-0.332	-0.252	0.000	-23.802	-1.408
1463	1663.000	-0.330	-0.423	0.000	-23.895	-18.383
1479	1663.000	-0.264	-0.036	0.000	-23.628	20.027
1495	1663.000	-0.331	-0.158	0.000	-23.559	7.795
1511	1663.000	-0.272	-0.206	0.000	-23.563	3.001
1527	1663.000	-0.324	-0.278	0.000	-23.787	-4.012
1543	1663.000	-0.347	-0.313	0.000	-23.701	-7.567
1559	1663.000	-0.337	-0.339	0.000	-23.565	-10.297
1575	1663.000	-0.321	-0.361	0.000	-24.243	-11.862
1591	1663.000	-0.342	-0.342	0.000	-23.747	-10.468
1607	1663.000	-0.236	-0.000	0.000	-23.566	23.534
1623	1663.000	-0.288	-0.305	0.000	-23.652	-6.882
1639	1663.000	-0.337	-0.161	0.000	-24.379	8.271
1655	1663.000	-0.284	-0.360	0.000	-23.566	-12.465
1671	1663.000	-0.252	-0.255	0.000	-23.746	-1.759
1687	1663.000	-0.286	-0.431	0.000	-23.690	-19.418
1703	1663.000	-0.241	-0.379	0.000	-23.640	-14.292
1719	1663.000	-0.306	-0.363	0.000	-23.933	-12.389
1735	1663.000	-0.335	-0.234	0.000	-23.697	0.261
1751	1663.000	-0.332	-0.295	0.000	-23.824	-5.676
1767	1663.000	-0.347	-0.357	0.000	-23.894	-11.846
1783	1663.000	-0.228	0.005	0.000	-23.559	24.054
1799	1663.000	-0.307	-0.411	0.000	-24.251	-16.812
1815	1663.000	-0.282	-0.276	0.000	-24.458	-3.160
1831	1663.000	-0.301	-0.147	0.000	-23.563	8.823
1847	1663.000	-0.300	-0.124	0.000	-24.021	11.595
1863	1663.000	-0.229	-0.087	0.000	-23.872	15.193
2519	1663.000	-0.386	-0.138	0.000	-32.290	18.460
2535	1663.000	-0.430	-0.564	0.000	-31.863	-24.565
2551	1663.000	-0.438	-0.287	0.000	-32.715	4.061
2567	1663.000	-0.474	-0.570	0.000	-32.160	-24.810
2583	1663.000	-0.384	-0.151	0.000	-31.550	16.411
2599	1663.000	-0.375	-0.130	0.000	-31.823	18.831
2615	1663.000	-0.407	-0.488	0.000	-32.055	-16.718
2631	1663.000	-0.373	-0.171	0.000	-32.115	15.001
2647	1663.000	-0.401	-0.099	0.000	-31.782	21.905
2663	1663.000	-0.405	-0.513	0.000	-32.024	-19.301
2679	1663.000	-0.402	-0.500	0.000	-31.705	-18.261
2695	1663.000	-0.415	-0.361	0.000	-31.953	-4.181
2711	1663.000	-0.391	-0.118	0.000	-31.804	19.975
2727	1663.000	-0.347	-0.256	0.000	-31.552	5.953
2743	1663.000	-0.372	-0.152	0.000	-31.588	16.363
2759	1663.000	-0.380	-0.229	0.000	-32.062	9.158
2775	1663.000	-0.364	-0.127	0.000	-31.995	19.288
2791	1663.000	-0.398	-0.181	0.000	-31.590	13.474
2807	1663.000	-0.442	-0.270	0.000	-31.623	4.658
2823	1663.000	-0.370	-0.197	0.000	-31.752	12.079
2839	1663.000	-0.388	-0.255	0.000	-31.915	6.451
2855	1663.000	-0.386	-0.270	0.000	-31.632	4.603
2871	1663.000	-0.398	-0.075	0.000	-32.035	24.506
2887	1663.000	-0.415	-0.523	0.000	-32.233	-20.032
2903	1663.000	-0.420	-0.371	0.000	-31.554	-5.550
2919	1663.000	-0.341	-0.174	0.000	-31.770	14.392
2935	1663.000	-0.410	-0.524	0.000	-32.622	-19.759
2951	1663.000	-0.363	-0.123	0.000	-31.593	19.311
2967	1663.000	-0.418	-0.284	0.000	-31.811	3.361
2983	1663.000	-0.377	-0.186	0.000	-31.946	13.301
2999	1663.000	-0.391	-0.166	0.000	-31.554	14.945
3015	1663.000	-0.369	-0.208	0.000	-31.963	11.206
3031	1663.000	-0.427	-0.489	0.000	-31.722	-17.186
3047	1663.000	-0.404	-0.113	0.000	-31.791	20.522
3063	1663.000	-0.372	-0.128	0.000	-32.068	19.286
3079	1663.000	-0.417	-0.322	0.000	-32.021	-0.188
3095	1663.000	-0.383	-0.459	0.000	-32.246	-13.655
3111	1663.000	-0.360	-0.081	0.000	-32.610	24.508
3127	1663.000	-0.316	-0.276	0.000	-32.281	4.639
3767	1663.000	-0.405	-0.422	0.000	-31.453	-10.759
3783	1663.000	-0.398	-0.079	0.000	-31.450	23.569
3799	1663.000	-0.415	-0.446	0.000	-31.352	-13.262
3815	1663.000	-0.382	-0.488	0.000	-31.286	-17.508
3831	1663.000	-0.385	-0.552	0.000	-31.138	-24.050
3847	1663.000	-0.427	-0.309	0.000	-31.366	0.482
3863	1663.000	-0.383	-0.320	0.000	-31.630	-0.372
3879	1663.000	-0.399	-0.490	0.000	-31.396	-17.570
3895	1663.000	-0.429	-0.417	0.000	-31.782	-9.900
3911	1663.000	-0.381	-0.391	0.000	-31.566	-7.511
3927	1663.000	-0.365	-0.109	0.000	-31.336	20.455
3943	1663.000	-0.387	-0.249	0.000	-31.694	6.790
3959	1663.000	-0.350	-0.337	0.000	-31.399	-2.293
3975	1663.000	-0.420	-0.508	0.000	-31.638	-19.178
3991	1663.000	-0.431	-0.560	0.000	-31.753	-24.225
4007	1663.000	-0.368	-0.227	0.000	-31.402	8.657
4023	1663.000	-0.375	-0.204	0.000	-31.426	10.991
4039	1663.000	-0.424	-0.335	0.000	-31.639	-1.895
4055	1663.000	-0.350	-0.323	0.000	-31.355	-0.990
4071	1663.000	-0.389	-0.171	0.000	-31.936	14.823
4087	1663.000	-0.396	-0.139	0.000	-31.788	17.857
4103	1663.000	-0.418	-0.221	0.000	-31.367	9.225
4119	1663.000	-0.432	-0.325	0.000	-32.137	-0.346
4135	1663.000	-0.389	-0.500	0.000	-31.511	-18.509
4151	1663.000	-0.354	-0.149	0.000	-31.467	16.554
4167	1663.000	-0.454	-0.332	0.000	-31.752	-1.414
4183	1663.000	-0.398	-0.517	0.000	-31.146	-20.571
4199	1663.000	-0.360	-0.126	0.000	-31.919	19.344
4215	1663.000	-0.415	-0.543	0.000	-31.803	-22.524
4231	1663.000	-0.365	-0.210	0.000	-31.522	10.501
4247	1663.000	-0.384	-0.561	0.000	-32.152	-23.926
4263	1663.000	-0.381	-0.124	0.000	-31.358	18.960
4279	1663.000	-0.353	-0.241	0.000	-31.419	7.270
4295	1663.000	-0.354	-0.179	0.000	-31.305	13.449
4311	1663.000	-0.410	-0.209	0.000	-31.598	10.729
4327	1663.000	-0.370	-0.349	0.000	-31.215	-3.723
4343	1663.000	-0.309	-0.090	0.000	-31.431	22.406
4359	1663.000	-0.415	-0.526	0.000	-31.733	-20.866
4375	1663.000	-0.447	-0.540	0.000	-31.135	-22.903
5015	1663.000	-0.262	-0.206	0.000	-22.640	2.058
5031	1663.000	-0.342	-0.020	0.000	-22.516	20.498
5047	1663.000	-0.325	-0.430	0.000	-22.748	-20.251
5063	1663.000	-0.284	-0.295	0.000	-22.693	-6.819
5079	1663.000	-0.285	-0.275	0.000	-22.560	-4.977
5095	1663.000	-0.259	-0.312	0.000	-22.661	-8.550
5111	1663.000	-0.272	-0.446	0.000	-22.688	-21.874
5127	1663.000	-0.343	-0.408	0.000	-22.700	-18.083
5143	1663.000	-0.287	-0.188	0.000	-22.877	4.062
5159	1663.000	-0.281	-0.286	0.000	-22.474	-6.144
5175	1663.000	-0.294	0.015	0.000	-22.873	24.399
5191	1663.000	-0.287	-0.180	0.000	-22.813	4.790
5207	1663.000	-0.335	-0.437	0.000	-22.820	-20.927
5223	1663.000	-0.321	-0.425	0.000	-23.139	-19.384
5239	1663.000	-0.356	-0.240	0.000	-23.086	-0.882
5255	1663.000	-0.292	-0.362	0.000	-22.636	-13.603
5271	1663.000	-0.324	-0.339	0.000	-23.143	-10.782
5287	1663.000	-0.244	-0.103	0.000	-22.852	12.542
5303	1663.000	-0.269	-0.247	0.000	-22.816	-1.881
5319	1663.000	-0.285	-0.068	0.000	-22.930	16.091
5335	1663.000	-0.257	-0.304	0.000	-22.482	-7.892
5351	1663.000	-0.307	-0.231	0.000	-23.578	0.513
5367	1663.000	-0.271	-0.258	0.000	-22.685	-3.152
5383	1663.000	-0.300	-0.360	0.000	-22.473	-13.484
5399	1663.000	-0.280	-0.113	0.000	-23.035	11.741
5415	1663.000	-0.267	-0.257	0.000	-22.716	-3.008
5431	1663.000	-0.311	-0.253	0.000	-22.660	-2.645
5447	1663.000	-0.270	-0.334	0.000	-22.470	-10.917
5463	1663.000	-0.282	-0.400	0.000	-22.564	-17.412
5479	1663.000	-0.278	-0.335	0.000	-22.661	-10.844
5495	1663.000	-0.229	-0.193	0.000	-22.475	3.223
5511	1663.000	-0.302	0.015	0.000	-22.469	23.951
5527	1663.000	-0.286	-0.286	0.000	-22.815	-5.834
5543	1663.000	-0.284	-0.048	0.000	-22.555	17.708
5559	1663.000	-0.302	-0.342	0.000	-22.554	-11.675
5575	1663.000	-0.237	-0.059	0.000	-22.751	16.881
5591	1663.000	-0.278	-0.014	0.000	-22.698	21.313
5607	1663.000	-0.261	-0.091	0.000	-22.690	13.557
5623	1663.000	-0.274	-0.162	0.000	-22.626	6.435
6263	1663.000	-1.036	-0.877	0.000	-78.056	-9.629
6279	1663.000	-0.891	-0.781	0.000	-78.018	-0.083
6295	1663.000	-0.783	-0.793	0.000	-78.014	-1.270
6311	1663.000	-0.977	-0.658	0.000	-78.006	12.166
6327	1663.000	-0.661	-0.929	0.000	-77.998	-14.920
6343	1663.000	-0.995	-0.757	0.000	-79.468	3.810
6359	1663.000	-0.989	-1.026	0.000	-77.998	-24.619
6375	1663.000	-0.519	-0.556	0.000	-77.999	22.417
6391	1663.000	-1.003	-0.883	0.000	-78.881	-9.400
6407	1663.000	-1.055	-0.718	0.000	-81.103	9.294
6423	1663.000	-0.973	-1.028	0.000	-78.894	-23.945
6439	1663.000	-0.912	-0.601	0.000	-78.882	18.776
6455	1663.000	-0.981	-1.014	0.000	-78.704	-22.728
6471	1663.000	-0.897	-1.025	0.000	-78.913	-23.610
6487	1663.000	-0.964	-0.968	0.000	-79.394	-17.366
6503	1663.000	-0.033	4.261	0.000	-78.053	4.191
6519	1663.000	-0.872	-0.555	0.000	-78.760	23.281
6535	1663.000	-0.986	-0.907	0.000	-78.822	-11.892
6551	1663.000	-1.035	-0.917	0.000	-80.143	-11.548
6567	1663.000	-1.012	-0.749	0.000	-78.345	3.419
6583	1663.000	-1.005	-0.952	0.000	-80.149	-15.083
6599	1663.000	-0.108	4.190	0.000	-81.527	0.508
6615	1663.000	-1.033	-0.994	0.000	-80.379	-19.037
6631	1663.000	-0.973	-0.652	0.000	-79.864	14.622
6647	1663.000	-1.008	-1.010	0.000	-78.336	-22.639
6663	1663.000	-1.030	-1.011	0.000	-78.393	-22.721
6679	1663.000	-1.001	-0.932	0.000	-80.159	-13.017
6695	1663.000	-0.969	-0.630	0.000	-78.027	15.025
6711	1663.000	-0.997	-0.803	0.000	-78.735	-1.522
6727	1663.000	-1.074	-0.989	0.000	-80.757	-18.094
6743	1663.000	-0.992	-0.718	0.000	-77.998	6.152
6759	1663.000	-0.909	-0.761	0.000	-77.998	1.944
6775	1663.000	-0.975	-0.940	0.000	-78.887	-15.066
6791	1663.000	-0.970	-0.568	0.000	-78.370	21.561
6807	1663.000	-0.845	-0.689	0.000	-78.373	9.466
6823	1663.000	-1.019	-0.683	0.000	-79.486	11.182
6839	1663.000	-0.991	-1.015	0.000	-78.015	-23.501
6855	1663.000	-0.957	-0.844	0.000	-78.014	-6.342
6871	1663.000	-1.013	-0.873	0.000	-78.052	-9.282
7511	1663.000	-0.936	-0.774	0.000	-75.263	-2.123
7527	1663.000	-0.884	-0.594	0.000	-75.267	15.888
7543	1663.000	-0.868	-0.591	0.000	-75.253	16.149
7559	1663.000	-0.723	-0.663	0.000	-76.676	10.403
7575	1663.000	-0.963	-0.663	0.000	-76.853	10.568
7591	1663.000	-0.965	-0.598	0.000	-75.235	15.418
7607	1663.000	-0.996	-0.787	0.000	-77.082	-1.643
7623	1663.000	-0.991	-0.977	0.000	-75.835	-21.910
7639	1663.000	-1.010	-0.769	0.000	-77.335	0.391
7655	1663.000	-0.949	-0.931	0.000	-75.287	-17.781
7671	1663.000	-0.873	-0.696	0.000	-76.716	7.125
7687	1663.000	-0.922	-0.969	0.000	-76.940	-20.002
7703	1663.000	-0.927	-0.508	0.000	-75.325	24.550
7719	1663.000	-0.932	-0.892	0.000	-75.299	-13.901
7735	1663.000	-0.896	-0.765	0.000	-75.235	-1.250
7751	1663.000	-1.006	-0.947	0.000	-77.142	-17.575
7767	1663.000	-0.938	-0.846	0.000	-75.656	-8.939
7783	1663.000	-0.910	-0.720	0.000	-75.235	3.263
7799	1663.000	-0.990	-0.632	0.000	-76.838	13.680
7815	1663.000	-0.912	-0.731	0.000	-75.280	2.188
7831	1663.000	-0.918	-0.538	0.000	-75.929	22.087
7847	1663.000	-1.015	-1.028	0.000	-79.875	-22.926
7863	1663.000	-0.939	-0.887	0.000	-75.235	-13.463
7879	1663.000	-0.885	-0.689	0.000	-75.235	6.305
7895	1663.000	-1.051	-0.715	0.000	-79.021	7.533
7911	1663.000	-0.974	-0.695	0.000	-77.831	8.375
7927	1663.000	-0.098	4.295	0.000	-75.953	5.425
7943	1663.000	-0.925	-0.610	0.000	-75.536	14.585
7959	1663.000	-0.958	-0.946	0.000	-75.991	-18.616
7975	1663.000	-0.886	-0.607	0.000	-77.175	16.452
7991	1663.000	-0.976	-0.730	0.000	-75.877	2.858
8007	1663.000	-0.911	-0.913	0.000	-75.250	-16.090
8023	1663.000	-0.917	-0.703	0.000	-75.248	4.983
8039	1663.000	-0.964	-0.889	0.000	-75.605	-13.262
8055	1663.000	-0.012	4.407	0.000	-75.277	16.024
8071	1663.000	-0.964	-0.897	0.000	-75.920	-13.752
8087	1663.000	-0.926	-0.829	0.000	-75.267	-7.674
8103	1663.000	-0.959	-0.982	0.000	-75.292	-22.936
8119	1663.000	-0.981	-0.977	0.000	-75.249	-22.438
8775	1663.000	-0.349	-0.381	0.000	-26.572	-11.524
8791	1663.000	-0.330	-0.093	0.000	-26.476	17.218
8807	1663.000	-0.341	-0.274	0.000	-26.297	-1.070
8823	1663.000	-0.354	-0.294	0.000	-26.565	-2.831
8839	1663.000	-0.310	-0.130	0.000	-26.404	13.361
8855	1663.000	-0.315	-0.155	0.000	-26.064	10.530
8871	1663.000	-0.323	-0.189	0.000	-26.458	7.562
8887	1663.000	-0.373	-0.332	0.000	-26.134	-7.044
8903	1663.000	-0.376	-0.454	0.000	-26.064	-19.289
8919	1663.000	-0.337	-0.158	0.000	-26.081	10.274
8935	1663.000	-0.281	-0.201	0.000	-26.511	6.406
8951	1663.000	-0.338	-0.409	0.000	-26.256	-14.687
8967	1663.000	-0.361	-0.370	0.000	-26.479	-10.541
8983	1663.000	-0.355	-0.476	0.000	-26.470	-21.094
8999	1663.000	-0.299	-0.034	0.000	-27.114	23.704
9015	1663.000	-0.346	-0.139	0.000	-26.786	12.887
9031	1663.000	-0.381	-0.084	0.000	-26.878	18.438
9047	1663.000	-0.293	-0.197	0.000	-26.863	7.128
9063	1663.000	-0.398	-0.503	0.000	-26.157	-24.164
9079	1663.000	-0.369	-0.310	0.000	-26.141	-4.819
9095	1663.000	-0.345	-0.164	0.000	-26.569	10.218
9111	1663.000	-0.320	-0.247	0.000	-26.067	1.320
9127	1663.000	-0.305	-0.244	0.000	-26.066	1.646
9143	1663.000	-0.303	-0.131	0.000	-26.476	13.378
9159	1663.000	-0.327	-0.059	0.000	-26.164	20.242
9175	1663.000	-0.290	-0.163	0.000	-26.614	10.279
9191	1663.000	-0.307	-0.222	0.000	-26.070	3.821
9207	1663.000	-0.326	-0.230	0.000	-26.162	3.115
9223	1663.000	-0.318	-0.383	0.000	-26.467	-11.854
9239	1663.000	-0.264	-0.141	0.000	-26.064	11.980
9255	1663.000	-0.313	-0.044	0.000	-26.162	21.774
9271	1663.000	-0.292	-0.138	0.000	-26.359	12.588
9287	1663.000	-0.309	-0.410	0.000	-26.253	-14.699
9303	1663.000	-0.293	-0.472	0.000	-26.588	-20.565
9319	1663.000	-0.350	-0.231	0.000	-26.218	3.092
9335	1663.000	-0.343	-0.396	0.000	-26.571	-13.005
9351	1663.000	-0.375	-0.359	0.000	-26.320	-9.615
9367	1663.000	-0.339	-0.463	0.000	-26.380	-19.968
9383	1663.000	-0.327	-0.152	0.000	-26.478	11.261
10023	1663.000	-0.404	-0.317	0.000	-31.233	-0.440
10039	1663.000	-0.425	-0.235	0.000	-31.375	7.826
10055	1663.000	-0.371	-0.085	0.000	-31.276	22.824
10071	1663.000	-0.356	-0.184	0.000	-31.548	13.191
10087	1663.000	-0.439	-0.357	0.000	-31.754	-3.960
10103	1663.000	-0.409	-0.478	0.000	-31.374	-16.469
10119	1663.000	-0.379	-0.396	0.000	-31.800	-7.785
10135	1663.000	-0.407	-0.278	0.000	-31.496	3.725
10151	1663.000	-0.409	-0.536	0.000	-31.730	-21.885
10167	1663.000	-0.397	-0.340	0.000	-31.381	-2.585
10183	1663.000	-0.404	-0.238	0.000	-31.302	7.545
10199	1663.000	-0.451	-0.368	0.000	-31.230	-5.569
10215	1663.000	-0.346	-0.236	0.000	-31.771	8.217
10231	1663.000	-0.366	-0.149	0.000	-31.449	16.511
10247	1663.000	-0.420	-0.503	0.000	-31.452	-18.813
10263	1663.000	-0.377	-0.532	0.000	-31.497	-21.661
10279	1663.000	-0.417	-0.485	0.000	-32.223	-16.280
10295	1663.000	-0.403	-0.310	0.000	-31.422	0.433
10311	1663.000	-0.426	-0.143	0.000	-31.681	17.348
10327	1663.000	-0.368	-0.238	0.000	-32.269	8.428
10343	1663.000	-0.390	-0.413	0.000	-32.058	-9.270
10359	1663.000	-0.440	-0.233	0.000	-32.397	9.055
10375	1663.000	-0.395	-0.264	0.000	-32.151	5.788
10391	1663.000	-0.374	-0.299	0.000	-31.498	1.614
10407	1663.000	-0.397	-0.171	0.000	-31.751	14.622
10423	1663.000	-0.407	-0.413	0.000	-31.741	-9.594
10439	1663.000	-0.389	-0.120	0.000	-31.432	19.437
10455	1663.000	-0.347	-0.137	0.000	-31.947	18.210
10471	1663.000	-0.367	-0.085	0.000	-31.981	23.488
10487	1663.000	-0.414	-0.527	0.000	-32.178	-20.510
10503	1663.000	-0.412	-0.378	0.000	-31.587	-6.236
10519	1663.000	-0.377	-0.136	0.000	-32.319	18.669
10535	1663.000	-0.366	-0.398	0.000	-31.909	-7.909
10551	1663.000	-0.404	-0.418	0.000	-31.320	-10.512
10567	1663.000	-0.423	-0.248	0.000	-31.404	6.575
10583	1663.000	-0.355	-0.265	0.000	-31.227	4.730
10599	1663.000	-0.408	-0.134	0.000	-31.241	17.831
10615	1663.000	-0.423	-0.352	0.000	-31.233	-3.972
10631	1663.000	-0.417	-0.422	0.000	-31.306	-10.869
11271	1663.000	-0.362	-0.087	0.000	-31.617	22.877
11287	1663.000	-0.443	-0.461	0.000	-31.024	-15.106
11303	1663.000	-0.422	-0.267	0.000	-31.619	4.918
11319	1663.000	-0.387	-0.139	0.000	-31.502	17.641
11335	1663.000	-0.361	-0.135	0.000	-30.588	17.133
11351	1663.000	-0.333	-0.160	0.000	-31.207	15.203
11367	1663.000	-0.452	-0.358	0.000	-31.153	-4.674
11383	1663.000	-0.397	-0.134	0.000	-30.519	17.144
11399	1663.000	-0.325	-0.153	0.000	-30.834	15.565
11415	1663.000	-0.405	-0.157	0.000	-31.120	15.406
11431	1663.000	-0.420	-0.309	0.000	-31.044	0.141
11447	1663.000	-0.383	-0.521	0.000	-30.717	-21.350
11463	1663.000	-0.356	-0.176	0.000	-30.915	13.344
11479	1663.000	-0.422	-0.282	0.000	-31.576	3.362
11495	1663.000	-0.439	-0.263	0.000	-30.911	4.632
11511	1663.000	-0.322	-0.264	0.000	-30.612	4.239
11527	1663.000	-0.468	-0.546	0.000	-30.876	-23.746
11543	1663.000	-0.388	-0.294	0.000	-31.040	1.676
11559	1663.000	-0.393	-0.357	0.000	-30.595	-5.116
11575	1663.000	-0.423	-0.520	0.000	-31.158	-20.811
11591	1663.000	-0.385	-0.341	0.000	-30.995	-3.132
11607	1663.000	-0.396	-0.226	0.000	-30.603	8.021
11623	1663.000	-0.380	-0.363	0.000	-31.951	-4.332
11639	1663.000	-0.352	-0.182	0.000	-30.610	12.381
11655	1663.000	-0.383	-0.478	0.000	-31.022	-16.767
11671	1663.000	-0.425	-0.330	0.000	-30.975	-2.007
11687	1663.000	-0.332	-0.191	0.000	-30.596	11.488
11703	1663.000	-0.357	-0.403	0.000	-30.793	-9.472
11719	1663.000	-0.427	-0.536	0.000	-30.912	-22.702
11735	1663.000	-0.414	-0.508	0.000	-30.522	-20.251
11751	1663.000	-0.330	-0.068	0.000	-30.525	23.712
11767	1663.000	-0.449	-0.344	0.000	-31.220	-3.148
11783	1663.000	-0.382	-0.249	0.000	-30.540	5.657
11799	1663.000	-0.329	-0.275	0.000	-30.573	3.069
11815	1663.000	-0.386	-0.355	0.000	-31.019	-4.471
11831	1663.000	-0.356	-0.448	0.000	-30.693	-14.151
11847	1663.000	-0.378	-0.394	0.000	-31.293	-8.080
11863	1663.000	-0.375	-0.306	0.000	-30.965	0.315
11879	1663.000	-0.426	-0.511	0.000	-31.349	-19.740
12519	1663.000	-0.393	-0.475	0.000	-24.906	-22.569
12535	1663.000	-0.285	-0.095	0.000	-24.693	15.229
12551	1663.000	-0.284	-0.130	0.000	-25.101	12.052
12567	1663.000	-0.288	-0.324	0.000	-24.677	-7.722
12583	1663.000	-0.331	-0.447	0.000	-24.499	-20.160
12599	1663.000	-0.348	-0.194	0.000	-24.739	5.322
12615	1663.000	-0.319	-0.099	0.000	-24.750	14.867
12631	1663.000	-0.337	-0.422	0.000	-24.533	-17.683
12647	1663.000	-0.325	-0.326	0.000	-25.254	-7.366
12663	1663.000	-0.333	-0.076	0.000	-24.644	17.001
12679	1663.000	-0.325	-0.315	0.000	-24.498	-6.983
12695	1663.000	-0.339	-0.235	0.000	-25.019	1.514
12711	1663.000	-0.285	-0.157	0.000	-24.498	8.763
12727	1663.000	-0.286	-0.009	0.000	-24.498	23.583
12743	1663.000	-0.375	-0.221	0.000	-24.504	2.356
12759	1663.000	-0.243	-0.081	0.000	-24.810	16.745
12775	1663.000	-0.319	-0.348	0.000	-24.500	-10.318
12791	1663.000	-0.346	-0.324	0.000	-24.573	-7.870
12807	1663.000	-0.298	-0.492	0.000	-24.997	-24.193
12823	1663.000	-0.298	-0.448	0.000	-24.514	-20.246
12839	1663.000	-0.329	-0.161	0.000	-25.009	8.925
12855	1663.000	-0.308	-0.148	0.000	-25.020	10.262
12871	1663.000	-0.306	-0.386	0.000	-24.607	-14.022
12887	1663.000	-0.352	-0.267	0.000	-24.653	-2.079
12903	1663.000	-0.306	-0.192	0.000	-24.602	5.446
12919	1663.000	-0.353	-0.139	0.000	-24.498	10.588
12935	1663.000	-0.291	-0.377	0.000	-24.508	-13.238
12951	1663.000	-0.327	-0.495	0.000	-24.825	-24.651
12967	1663.000	-0.285	-0.032	0.000	-25.081	21.844
12983	1663.000	-0.297	-0.244	0.000	-24.536	0.158
12999	1663.000	-0.317	-0.416	0.000	-24.707	-16.932
13015	1663.000	-0.283	-0.363	0.000	-25.105	-11.217
13031	1663.000	-0.333	-0.401	0.000	-24.777	-15.373
13047	1663.000	-0.268	-0.166	0.000	-24.650	8.041
13063	1663.000	-0.270	-0.070	0.000	-24.580	17.565
13079	1663.000	-0.307	-0.256	0.000	-25.246	-0.397
13095	1663.000	-0.326	-0.446	0.000	-25.399	-19.210
13111	1663.000	-0.309	-0.206	0.000	-24.702	4.101
13127	1663.000	-0.310	-0.289	0.000	-25.641	-3.235
13767	1663.000	-0.963	-0.710	0.000	-77.298	6.302
13783	1663.000	-0.909	-0.548	0.000	-77.291	22.502
13799	1663.000	-0.988	-0.804	0.000	-79.497	-0.861
13815	1663.000	-0.502	4.256	1.000	-77.274	2.834
13831	1663.000	-0.945	-0.869	0.000	-77.294	-9.557
13847	1663.000	-0.918	-0.607	0.000	-78.109	17.409
13863	1663.000	-0.996	-0.910	0.000	-77.293	-13.692
13879	1663.000	-0.959	-0.547	0.000	-77.324	22.642
13895	1663.000	-0.987	-1.007	0.000	-77.874	-22.851
13911	1663.000	-0.975	-0.893	0.000	-77.293	-12.029
13927	1663.000	-1.002	-0.902	0.000	-78.945	-11.264
13943	1663.000	-0.986	-0.736	0.000	-77.274	3.699
13959	1663.000	-0.980	-0.879	0.000	-77.274	-10.623
13975	1663.000	-0.959	-0.859	0.000	-77.889	-8.023
13991	1663.000	-0.795	-0.999	0.000	-77.281	-22.639
14007	1663.000	-0.957	-0.639	0.000	-78.327	14.453
14023	1663.000	-0.938	-0.989	0.000	-77.274	-21.656
14039	1663.000	-0.996	-0.684	0.000	-77.757	9.328
14055	1663.000	-1.013	-0.898	0.000	-77.559	-12.265
14071	1663.000	-1.013	-0.963	0.000	-78.356	-17.941
14087	1663.000	-0.981	-0.844	0.000	-77.594	-6.776
14103	1663.000	-0.953	-0.553	0.000	-77.293	22.042
14119	1663.000	-1.004	-0.997	0.000	-79.190	-20.485
14135	1663.000	-0.970	-0.673	0.000	-81.024	13.713
14151	1663.000	-0.915	-0.587	0.000	-77.293	18.610
14167	1663.000	-0.973	-0.721	0.000	-79.153	7.057
14183	1663.000	-0.942	-0.632	0.000	-78.197	14.952
14199	1663.000	-0.766	-0.637	0.000	-78.048	14.384
14215	1663.000	-0.987	-0.866	0.000	-79.836	-6.717
14231	1663.000	-0.978	-0.869	0.000	-77.274	-9.658
14247	1663.000	-0.985	-0.861	0.000	-80.349	-5.791
14263	1663.000	-1.075	-1.010	0.000	-79.637	-21.387
14279	1663.000	-0.916	-0.708	0.000	-77.274	6.466
14295	1663.000	-1.038	-0.933	0.000	-79.399	-13.921
14311	1663.000	-0.905	-0.633	0.000	-78.169	14.915
14327	1663.000	-0.944	-0.856	0.000	-77.274	-8.307
14343	1663.000	-1.033	-1.022	0.000	-77.639	-24.511
14359	1663.000	-0.033	4.173	0.000	-77.274	-5.475
14375	1663.000	-0.892	-1.010	0.000	-77.274	-23.746
7	1664.000	-0.990	-0.805	0.000	-75.644	-4.895
23	1664.000	-0.870	-0.536	0.000	-73.633	20.043
39	1664.000	-0.888	-0.556	0.000	-75.829	20.236
55	1664.000	-0.906	-0.584	0.000	-75.322	16.947
71	1664.000	-0.923	-0.601	0.000	-73.615	13.466
87	1664.000	-0.964	-0.761	0.000	-73.701	-2.409
103	1664.000	-0.910	-0.685	0.000	-74.242	5.756
119	1664.000	-0.902	-0.570	0.000	-74.310	17.311
135	1664.000	-0.914	-0.584	0.000	-74.304	15.922
151	1664.000	-0.923	-0.682	0.000	-74.419	6.202
167	1664.000	-0.909	-0.929	0.000	-75.242	-17.687
183	1664.000	-0.931	-0.903	0.000	-73.662	-16.609
199	1664.000	-0.951	-0.956	0.000	-75.308	-20.243
215	1664.000	-0.898	-0.491	0.000	-73.648	24.510
231	1664.000	-0.881	-0.662	0.000	-73.621	7.407
247	1664.000	-0.869	-0.517	0.000	-73.615	21.934
263	1664.000	-0.885	-0.706	0.000	-73.615	3.020
279	1664.000	-0.916	-0.842	0.000	-73.615	-10.565
295	1664.000	-0.889	-0.635	0.000	-73.615	10.143
311	1664.000	0.683	4.123	0.000	-73.629	-14.044
327	1664.000	-0.934	-0.671	0.000	-73.976	6.889
343	1664.000	-0.692	-0.620	0.000	-73.644	11.611
359	1664.000	-0.640	-0.563	0.000	-75.001	18.689
375	1664.000	-0.915	-0.852	0.000	-73.652	-11.515
391	1664.000	-0.913	-0.713	0.000	-74.952	3.653
407	1664.000	-0.912	-0.907	0.000	-73.615	-17.126
423	1664.000	-0.885	-0.683	0.000	-74.441	6.092
439	1664.000	-0.991	-0.725	0.000	-76.522	4.050
455	1664.000	-0.951	-0.936	0.000	-74.654	-18.967
471	1664.000	-0.947	-0.499	0.000	-74.468	24.564
487	1664.000	-0.861	-0.536	0.000	-73.632	20.060
503	1664.000	-0.917	-0.577	0.000	-74.468	16.763
519	1664.000	-0.863	-0.531	0.000	-73.629	20.542
535	1664.000	-0.806	-0.629	0.000	-74.350	11.410
551	1664.000	-0.888	-0.682	0.000	-73.667	5.434
567	1664.000	-0.400	4.296	1.000	-73.873	3.520
583	1664.000	-0.898	-0.716	0.000	-75.500	3.925
599	1664.000	-0.923	-0.640	0.000	-73.682	9.726
615	1664.000	-0.994	-0.812	0.000	-76.285	-4.881
1255	1664.000	-0.225	-0.001	0.000	-22.747	22.650
1271	1664.000	-0.278	-0.456	0.000	-22.819	-22.748
1287	1664.000	-0.267	-0.189	0.000	-22.937	4.010
1303	1664.000	-0.291	-0.229	0.000	-22.698	-0.216
1319	1664.000	-0.313	-0.115	0.000	-22.995	11.536
1335	1664.000	-0.299	-0.175	0.000	-22.725	5.237
1351	1664.000	-0.250	-0.093	0.000	-22.804	13.459
1367	1664.000	-0.258	-0.211	0.000	-22.599	1.527
1383	1664.000	-0.322	-0.357	0.000	-22.603	-13.080
1399	1664.000	-0.355	-0.196	0.000	-23.048	3.438
1415	1664.000	-0.252	-0.414	0.000	-23.029	-18.321
1431	1664.000	-0.283	-0.016	0.000	-22.674	21.071
1447	1664.000	-0.296	-0.021	0.000	-22.818	20.753
1463	1664.000	-0.292	-0.026	0.000	-22.902	20.328
1479	1664.000	-0.238	-0.078	0.000	-22.660	14.879
1495	1664.000	-0.294	-0.113	0.000	-22.597	11.316
1511	1664.000	-0.274	-0.291	0.000	-22.601	-6.484
1527	1664.000	-0.296	0.001	0.000	-22.803	22.943
1543	1664.000	-0.345	-0.415	0.000	-22.726	-18.800
1559	1664.000	-0.315	-0.131	0.029	-22.603	-5.000
1575	1664.000	-0.295	-0.209	0.000	-23.216	2.363
1591	1664.000	-0.324	-0.094	0.000	-22.768	13.329
1607	1664.000	-0.215	-0.120	0.000	-22.604	10.627
1623	1664.000	-0.261	-0.018	0.000	-22.681	20.893
1639	1664.000	-0.309	-0.347	0.000	-23.340	-11.364
1655	1664.000	-0.242	0.004	0.000	-22.604	22.970
1671	1664.000	-0.259	-0.140	0.000	-22.767	8.791
1687	1664.000	-0.269	-0.032	0.000	-22.716	19.523
1703	1664.000	-0.265	-0.316	0.000	-22.671	-8.953
1719	1664.000	-0.271	-0.122	0.000	-22.936	10.738
1735	1664.000	-0.306	-0.226	0.000	-22.723	0.123
1751	1664.000	-0.316	-0.447	0.000	-22.837	-21.843
1767	1664.000	-0.291	0.013	0.000	-22.901	24.181
1783	1664.000	-0.214	-0.177	0.000	-22.597	4.895
1799	1664.000	-0.274	-0.180	0.000	-23.223	5.218
1815	1664.000	-0.267	-0.307	0.000	-23.411	-7.278
1831	1664.000	-0.297	-0.115	0.000	-22.601	11.112
1847	1664.000	-0.276	-0.270	0.000	-23.016	-3.936
1863	1664.000	-0.230	-0.112	0.006	-22.881	8.585
2519	1664.000	-0.362	-0.292	0.000	-30.932	1.700
2535	1664.000	-0.404	-0.375	0.000	-30.545	-6.931
2551	1664.000	-0.390	-0.120	0.000	-31.316	19.289
2567	1664.000	-0.411	0.037	0.030	-30.814	19.645
2583	1664.000	-0.354	-0.179	0.000	-30.262	12.383
2599	1664.000	-0.359	-0.136	0.000	-30.509	16.889
2615	1664.000	-0.413	-0.500	0.000	-30.719	-19.268
2631	1664.000	-0.340	-0.283	0.000	-30.774	2.468
2647	1664.000	-0.425	-0.530	0.000	-30.472	-22.566
2663	1664.000	-0.364	-0.239	0.000	-30.692	6.784
2679	1664.000	-0.348	-0.071	0.000	-30.403	23.258
2695	1664.000	-0.408	-0.403	0.000	-30.627	-9.713
2711	1664.000	-0.388	-0.537	0.000	-30.492	-23.198
2727	1664.000	-0.353	-0.285	0.000	-30.264	1.775
2743	1664.000	-0.374	-0.496	0.000	-30.297	-19.303
2759	1664.000	-0.404	-0.517	0.000	-30.725	-21.000
2775	1664.000	-0.354	-0.326	0.000	-30.665	-1.896
2791	1664.000	-0.390	-0.462	0.000	-30.298	-15.899
2807	1664.000	-0.441	-0.440	0.000	-30.328	-13.703
2823	1664.000	-0.325	-0.158	0.000	-30.445	14.606
2839	1664.000	-0.411	-0.485	0.000	-30.592	-17.862
2855	1664.000	-0.381	-0.280	0.000	-30.336	2.293
2871	1664.000	-0.367	-0.139	0.000	-30.701	16.753
2887	1664.000	-0.395	-0.220	0.000	-30.880	8.902
2903	1664.000	-0.385	-0.077	0.000	-30.266	22.570
2919	1664.000	-0.322	0.043	0.021	-30.462	24.350
2935	1664.000	-0.382	-0.284	0.000	-31.232	2.853
2951	1664.000	-0.341	-0.374	0.000	-30.301	-7.136
2967	1664.000	-0.406	-0.169	0.000	-30.499	13.618
2983	1664.000	-0.367	-0.107	0.000	-30.620	19.871
2999	1664.000	-0.376	-0.083	0.000	-30.266	21.988
3015	1664.000	-0.330	-0.219	0.000	-30.636	8.750
3031	1664.000	-0.397	-0.322	0.000	-30.418	-1.766
3047	1664.000	-0.388	-0.248	0.000	-30.481	5.646
3063	1664.000	-0.394	-0.454	0.000	-30.731	-14.662
3079	1664.000	-0.396	-0.232	0.000	-30.689	7.537
3095	1664.000	-0.362	-0.088	0.000	-30.892	22.139
3111	1664.000	-0.348	-0.342	0.000	-31.222	-3.022
3127	1664.000	-0.331	-0.270	0.000	-30.924	3.948
3767	1664.000	-0.384	-0.422	0.000	-30.152	-12.021
3783	1664.000	-0.384	-0.405	0.000	-30.150	-10.354
3799	1664.000	-0.415	-0.510	0.000	-30.061	-20.981
3815	1664.000	-0.359	-0.363	0.000	-30.001	-6.275
3831	1664.000	-0.327	-0.053	0.000	-29.867	24.523
3847	1664.000	-0.410	-0.361	0.000	-30.074	-6.053
3863	1664.000	-0.369	-0.441	0.000	-30.312	-13.823
3879	1664.000	-0.405	-0.375	0.000	-30.101	-7.425
3895	1664.000	-0.416	-0.442	0.000	-30.450	-13.784
3911	1664.000	-0.388	-0.399	0.000	-30.254	-9.642
3927	1664.000	-0.369	-0.483	0.000	-30.046	-18.292
3943	1664.000	-0.367	-0.372	0.000	-30.370	-6.854
3959	1664.000	-0.348	-0.477	0.000	-30.103	-17.623
3975	1664.000	-0.401	-0.505	0.000	-30.320	-20.210
3991	1664.000	-0.400	-0.225	0.000	-30.423	7.965
4007	1664.000	-0.359	-0.425	0.000	-30.106	-12.377
4023	1664.000	-0.388	-0.416	0.000	-30.128	-11.519
4039	1664.000	-0.406	-0.357	0.000	-30.320	-5.414
4055	1664.000	-0.329	-0.382	0.000	-30.064	-8.170
4071	1664.000	-0.341	-0.083	0.000	-30.589	22.240
4087	1664.000	-0.381	-0.171	0.000	-30.455	13.391
4103	1664.000	-0.419	-0.392	0.000	-30.074	-9.165
4119	1664.000	-0.423	-0.273	0.000	-30.771	3.465
4135	1664.000	-0.390	-0.396	0.000	-30.205	-9.427
4151	1664.000	-0.362	-0.399	0.000	-30.164	-9.755
4167	1664.000	-0.416	-0.214	0.000	-30.422	9.042
4183	1664.000	-0.388	-0.295	0.000	-29.874	0.383
4199	1664.000	-0.340	-0.339	0.000	-30.574	-3.356
4215	1664.000	-0.423	-0.474	0.000	-30.469	-16.924
4231	1664.000	-0.321	-0.082	0.000	-30.215	21.986
4247	1664.000	-0.386	-0.322	0.000	-30.785	-1.453
4263	1664.000	-0.361	-0.303	0.000	-30.066	-0.260
4279	1664.000	-0.345	-0.275	0.000	-30.121	2.611
4295	1664.000	-0.324	-0.128	0.000	-30.018	17.261
4311	1664.000	-0.391	-0.425	0.000	-30.283	-12.232
4327	1664.000	-0.349	-0.157	0.000	-29.937	14.231
4343	1664.000	-0.295	-0.245	0.000	-30.132	5.593
4359	1664.000	-0.415	-0.479	0.000	-30.405	-17.452
4375	1664.000	-0.420	-0.138	0.000	-29.864	16.017
5015	1664.000	-0.295	-0.463	0.000	-21.707	-24.635
5031	1664.000	-0.333	-0.289	0.000	-21.594	-7.340
5047	1664.000	-0.307	-0.342	0.000	-21.804	-12.402
5063	1664.000	-0.260	-0.180	0.000	-21.755	3.729
5079	1664.000	-0.289	-0.328	0.000	-21.634	-11.163
5095	1664.000	-0.275	-0.437	0.000	-21.726	-21.941
5111	1664.000	-0.246	-0.074	0.000	-21.750	14.396
5127	1664.000	-0.322	-0.391	0.000	-21.761	-17.329
5143	1664.000	-0.284	-0.434	0.000	-21.922	-21.519
5159	1664.000	-0.270	-0.235	0.000	-21.556	-1.991
5175	1664.000	-0.282	-0.040	0.000	-21.917	17.935
5191	1664.000	-0.289	-0.330	0.000	-21.863	-11.158
5207	1664.000	-0.309	-0.225	0.000	-21.869	-0.676
5223	1664.000	-0.327	-0.415	0.000	-22.158	-19.323
5239	1664.000	-0.349	-0.376	0.000	-22.110	-15.452
5255	1664.000	-0.285	-0.284	0.000	-21.703	-6.739
5271	1664.000	-0.314	-0.265	0.000	-22.162	-4.310
5287	1664.000	-0.256	-0.455	0.000	-21.899	-23.605
5303	1664.000	-0.224	-0.030	0.000	-21.866	18.826
5319	1664.000	-0.243	-0.108	0.000	-21.969	11.178
5335	1664.000	-0.254	-0.151	0.032	-21.564	-9.760
5351	1664.000	-0.304	-0.149	0.000	-22.556	7.639
5367	1664.000	-0.295	-0.431	0.000	-21.748	-21.389
5383	1664.000	-0.284	-0.218	0.000	-21.556	-0.286
5399	1664.000	-0.247	-0.092	0.000	-22.065	12.853
5415	1664.000	-0.268	-0.221	0.000	-21.775	-0.285
5431	1664.000	-0.277	-0.081	0.000	-21.725	13.673
5447	1664.000	-0.275	-0.390	0.000	-21.553	-17.437
5463	1664.000	-0.284	-0.252	0.000	-21.638	-3.575
5479	1664.000	-0.260	-0.332	0.000	-21.726	-11.513
5495	1664.000	-0.212	-0.248	0.000	-21.558	-3.266
5511	1664.000	-0.267	-0.042	0.000	-21.552	17.346
5527	1664.000	-0.287	-0.434	0.000	-21.865	-21.508
5543	1664.000	-0.290	-0.455	0.000	-21.629	-23.856
5559	1664.000	-0.270	-0.158	0.000	-21.629	5.825
5575	1664.000	-0.215	-0.062	0.000	-21.807	15.593
5591	1664.000	-0.282	-0.285	0.000	-21.759	-6.720
5607	1664.000	-0.280	-0.369	0.000	-21.752	-15.147
5623	1664.000	-0.285	-0.315	0.000	-21.694	-9.812
6263	1664.000	-0.986	-0.964	0.000	-76.207	-20.157
6279	1664.000	-0.884	-0.947	0.000	-76.173	-18.519
6295	1664.000	-0.786	-0.895	0.000	-76.169	-13.348
6311	1664.000	-0.965	-0.867	0.000	-76.162	-10.586
6327	1664.000	-0.667	-0.852	0.000	-76.155	-9.005
6343	1664.000	-0.960	-0.756	0.000	-77.485	1.910
6359	1664.000	-0.950	-0.822	0.000	-76.155	-6.053
6375	1664.000	-0.570	-0.754	0.000	-76.156	0.789
6391	1664.000	-0.925	-0.604	0.000	-76.954	16.543
6407	1664.000	-1.002	-0.760	0.000	-78.965	2.923
6423	1664.000	-0.904	-0.649	0.000	-76.966	12.079
6439	1664.000	-0.845	-0.530	0.000	-76.955	23.927
6455	1664.000	-0.946	-0.642	0.000	-76.794	12.613
6471	1664.000	-0.870	-0.725	0.000	-76.983	4.527
6487	1664.000	-0.954	-0.970	0.000	-77.418	-19.627
6503	1664.000	0.742	4.450	0.000	-76.204	21.184
6519	1664.000	-0.825	-0.571	0.000	-76.844	19.757
6535	1664.000	-0.929	-0.706	0.000	-76.901	6.324
6551	1664.000	-0.997	-0.900	0.000	-78.096	-11.889
6567	1664.000	-0.937	-0.622	0.000	-76.469	14.262
6583	1664.000	-0.970	-0.889	0.000	-78.101	-10.827
6599	1664.000	0.688	4.401	0.000	-79.348	19.467
6615	1664.000	-1.022	-0.956	0.000	-78.309	-17.260
6631	1664.000	-0.948	-0.815	0.000	-77.843	-3.662
6647	1664.000	-0.942	-0.522	0.000	-76.461	24.288
6663	1664.000	-0.973	-0.837	0.000	-76.512	-7.237
6679	1664.000	-0.967	-0.835	0.000	-78.110	-5.394
6695	1664.000	-0.932	-0.971	0.000	-76.181	-20.887
6711	1664.000	-0.939	-0.576	0.000	-76.822	19.248
6727	1664.000	-0.994	-0.665	0.000	-78.651	12.165
6743	1664.000	-0.945	-0.591	0.000	-76.155	17.096
6759	1664.000	-0.910	-0.987	0.000	-76.155	-22.510
6775	1664.000	-0.935	-0.886	0.000	-76.959	-11.605
6791	1664.000	-0.938	-0.751	0.000	-82.105	7.009
6807	1664.000	-0.868	-0.974	0.000	-76.494	-20.911
6823	1664.000	-0.945	-0.572	0.000	-77.501	20.299
6839	1664.000	-0.956	-0.668	0.000	-78.252	11.405
6855	1664.000	-0.949	-0.918	0.000	-76.169	-15.659
6871	1664.000	-1.001	-0.978	0.000	-76.204	-21.634
7511	1664.000	-0.885	-0.526	0.000	-72.190	19.604
7527	1664.000	-0.837	-0.559	0.000	-72.194	16.248
7543	1664.000	-0.820	-0.662	0.000	-72.181	5.981
7559	1664.000	-0.736	-0.930	0.000	-73.469	-19.482
7575	1664.000	-0.904	-0.753	0.000	-73.629	-1.700
7591	1664.000	-0.905	-0.729	0.000	-72.164	-0.770
7607	1664.000	-0.927	-0.676	0.000	-73.836	6.267
7623	1664.000	-0.940	-0.650	0.000	-72.707	7.658
7639	1664.000	-0.958	-0.510	0.000	-74.065	23.037
7655	1664.000	-0.908	-0.920	0.000	-72.212	-19.815
7671	1664.000	-0.858	-0.942	0.000	-73.504	-20.690
7687	1664.000	-0.855	-0.530	0.000	-73.707	20.755
7703	1664.000	-0.903	-0.688	0.000	-72.246	3.447
7719	1664.000	-0.902	-0.946	0.000	-72.222	-22.404
7735	1664.000	-0.873	-0.771	0.000	-72.164	-4.985
7751	1664.000	-0.965	-0.603	0.000	-73.890	13.601
7767	1664.000	-0.889	-0.527	0.000	-72.546	19.880
7783	1664.000	-0.883	-0.652	0.000	-72.164	7.000
7799	1664.000	-0.978	-0.894	0.000	-73.615	-15.752
7815	1664.000	-0.894	-0.868	0.000	-72.205	-14.576
7831	1664.000	-0.899	-0.665	0.000	-72.792	6.276
7847	1664.000	-0.964	-0.848	0.000	-76.363	-8.410
7863	1664.000	-0.910	-0.821	0.000	-72.164	-9.901
7879	1664.000	-0.850	-0.752	0.000	-72.164	-2.987
7895	1664.000	-1.006	-0.919	0.000	-75.590	-16.339
7911	1664.000	-0.934	-0.935	0.000	-74.514	-19.018
7927	1664.000	0.705	4.517	0.000	-72.814	24.515
7943	1664.000	-0.867	-0.707	0.000	-72.437	1.755
7959	1664.000	-0.910	-0.536	0.000	-72.849	19.210
7975	1664.000	-0.857	-0.525	0.000	-73.920	21.414
7991	1664.000	-0.958	-0.848	0.000	-72.745	-12.062
8007	1664.000	-0.855	-0.598	0.000	-72.178	12.380
8023	1664.000	-0.857	-0.670	0.000	-72.176	5.130
8039	1664.000	-0.912	-0.587	0.000	-72.499	13.799
8055	1664.000	0.777	4.274	0.000	-72.202	-0.358
8071	1664.000	-0.926	-0.943	0.000	-72.784	-21.524
8087	1664.000	-0.890	-0.853	0.000	-72.193	-13.153
8103	1664.000	-0.919	-0.876	0.000	-72.216	-15.347
8119	1664.000	-0.941	-0.963	0.000	-72.178	-24.119
8775	1664.000	-0.339	-0.178	0.000	-25.460	7.664
8791	1664.000	-0.315	-0.430	0.000	-25.373	-17.581
8807	1664.000	-0.333	-0.237	0.000	-25.211	1.474
8823	1664.000	-0.334	-0.301	0.000	-25.454	-4.654
8839	1664.000	-0.281	-0.026	0.000	-25.308	22.695
8855	1664.000	-0.329	-0.495	0.000	-25.000	-24.495
8871	1664.000	-0.324	-0.373	0.000	-25.357	-11.932
8887	1664.000	-0.349	-0.093	0.000	-25.063	15.758
8903	1664.000	-0.330	-0.140	0.000	-25.000	11.036
8919	1664.000	-0.345	-0.335	0.000	-25.016	-8.460
8935	1664.000	-0.281	-0.118	0.000	-25.405	13.627
8951	1664.000	-0.339	-0.428	0.000	-25.174	-17.585
8967	1664.000	-0.324	-0.195	0.000	-25.376	5.840
8983	1664.000	-0.379	-0.476	0.000	-25.368	-22.250
8999	1664.000	-0.280	-0.101	0.000	-25.951	15.877
9015	1664.000	-0.340	-0.366	0.000	-25.653	-10.955
9031	1664.000	-0.366	-0.460	0.000	-25.737	-20.297
9047	1664.000	-0.291	-0.079	0.000	-25.724	17.837
9063	1664.000	-0.369	-0.123	0.000	-25.084	12.762
9079	1664.000	-0.344	-0.432	0.000	-25.070	-18.147
9095	1664.000	-0.328	-0.221	0.000	-25.457	3.330
9111	1664.000	-0.294	-0.193	0.000	-25.003	5.684
9127	1664.000	-0.302	-0.251	0.000	-25.002	-0.131
9143	1664.000	-0.319	-0.357	0.000	-25.373	-10.349
9159	1664.000	-0.311	-0.333	0.000	-25.091	-8.206
9175	1664.000	-0.294	-0.283	0.000	-25.498	-2.776
9191	1664.000	-0.275	-0.129	0.000	-25.006	12.076
9207	1664.000	-0.355	-0.489	0.000	-25.089	-23.848
9223	1664.000	-0.290	-0.242	0.000	-25.365	1.116
9239	1664.000	-0.227	-0.019	0.000	-25.000	23.072
9255	1664.000	-0.335	-0.474	0.000	-25.089	-22.272
9271	1664.000	-0.262	-0.103	0.000	-25.268	15.017
9287	1664.000	-0.308	-0.135	0.000	-25.171	11.631
9303	1664.000	-0.286	-0.326	0.000	-25.475	-7.149
9319	1664.000	-0.319	-0.108	0.000	-25.139	14.365
9335	1664.000	-0.297	-0.031	0.000	-25.459	22.330
9351	1664.000	-0.387	-0.475	0.000	-25.232	-22.268
9367	1664.000	-0.313	-0.029	0.000	-25.287	22.348
9383	1664.000	-0.310	-0.413	0.000	-25.375	-15.951
10023	1664.000	-0.386	-0.400	0.000	-29.958	-10.053
10039	1664.000	-0.405	-0.440	0.000	-30.087	-13.891
10055	1664.000	-0.359	-0.143	0.000	-29.997	15.657
10071	1664.000	-0.324	-0.259	0.000	-30.243	4.306
10087	1664.000	-0.401	-0.233	0.000	-30.429	7.153
10103	1664.000	-0.356	-0.113	0.000	-30.086	18.791
10119	1664.000	-0.405	-0.513	0.000	-30.471	-20.801
10135	1664.000	-0.373	-0.235	0.000	-30.196	6.688
10151	1664.000	-0.391	-0.114	0.000	-30.407	19.027
10167	1664.000	-0.371	-0.083	0.000	-30.092	21.746
10183	1664.000	-0.373	-0.323	0.000	-30.020	-2.278
10199	1664.000	-0.402	-0.203	0.000	-29.955	9.608
10215	1664.000	-0.335	-0.156	0.000	-30.445	14.819
10231	1664.000	-0.341	-0.226	0.000	-30.154	7.561
10247	1664.000	-0.433	-0.492	0.000	-30.156	-19.068
10263	1664.000	-0.360	-0.263	0.000	-30.196	3.908
10279	1664.000	-0.401	-0.183	0.000	-30.854	12.519
10295	1664.000	-0.353	-0.098	0.000	-30.129	20.377
10311	1664.000	-0.372	-0.181	0.000	-30.364	12.215
10327	1664.000	-0.326	-0.061	0.000	-30.896	24.781
10343	1664.000	-0.390	-0.460	0.000	-30.704	-15.305
10359	1664.000	-0.392	-0.188	0.000	-31.011	12.168
10375	1664.000	-0.355	-0.164	0.000	-30.789	14.407
10391	1664.000	-0.327	-0.115	0.000	-30.197	18.687
10407	1664.000	-0.399	-0.418	0.000	-30.427	-11.345
10423	1664.000	-0.360	-0.119	0.000	-30.418	18.484
10439	1664.000	-0.353	-0.124	0.000	-30.138	17.691
10455	1664.000	-0.340	-0.202	0.000	-30.604	10.373
10471	1664.000	-0.357	-0.518	0.000	-30.635	-21.215
10487	1664.000	-0.369	-0.243	0.000	-30.813	6.551
10503	1664.000	-0.368	-0.222	0.000	-30.278	8.070
10519	1664.000	-0.352	-0.144	0.000	-30.940	16.558
10535	1664.000	-0.347	-0.168	0.000	-30.570	13.819
10551	1664.000	-0.407	-0.341	0.000	-30.037	-4.081
10567	1664.000	-0.430	-0.416	0.000	-30.112	-11.520
10583	1664.000	-0.379	-0.504	0.000	-29.952	-20.467
10599	1664.000	-0.403	-0.420	0.000	-29.965	-12.043
10615	1664.000	-0.378	-0.160	0.000	-29.958	13.936
10631	1664.000	-0.403	-0.389	0.000	-30.024	-8.840
11271	1664.000	-0.342	-0.404	0.000	-30.267	-10.169
11287	1664.000	-0.431	-0.381	0.000	-29.731	-8.358
11303	1664.000	-0.404	-0.507	0.000	-30.269	-20.432
11319	1664.000	-0.384	-0.351	0.000	-30.163	-4.889
11335	1664.000	-0.338	-0.188	0.000	-29.336	10.488
11351	1664.000	-0.348	-0.369	0.000	-29.896	-7.001
11367	1664.000	-0.412	-0.070	0.000	-29.847	22.895
11383	1664.000	-0.368	-0.184	0.000	-29.273	10.869
11399	1664.000	-0.321	-0.146	0.000	-29.558	15.003
11415	1664.000	-0.391	-0.489	0.000	-29.817	-19.051
11431	1664.000	-0.380	-0.192	0.000	-29.748	10.535
11447	1664.000	-0.384	-0.254	0.000	-29.453	4.102
11463	1664.000	-0.323	-0.183	0.000	-29.632	11.367
11479	1664.000	-0.431	-0.466	0.000	-30.230	-16.385
11495	1664.000	-0.397	-0.318	0.000	-29.628	-2.122
11511	1664.000	-0.308	-0.418	0.000	-29.358	-12.456
11527	1664.000	-0.462	-0.368	0.000	-29.596	-7.166
11543	1664.000	-0.351	-0.052	0.000	-29.745	24.553
11559	1664.000	-0.349	-0.190	0.000	-29.343	10.364
11575	1664.000	-0.384	-0.144	0.000	-29.852	15.453
11591	1664.000	-0.355	-0.231	0.000	-29.704	6.594
11607	1664.000	-0.386	-0.526	0.000	-29.349	-23.229
11623	1664.000	-0.379	-0.320	0.000	-30.569	-1.386
11639	1664.000	-0.376	-0.507	0.000	-29.356	-21.311
11655	1664.000	-0.370	-0.139	0.000	-29.729	15.805
11671	1664.000	-0.380	-0.255	0.000	-29.686	4.169
11687	1664.000	-0.332	-0.170	0.000	-29.343	12.347
11703	1664.000	-0.338	-0.088	0.000	-29.521	20.716
11719	1664.000	-0.401	-0.128	0.000	-29.630	16.812
11735	1664.000	-0.420	-0.489	0.000	-29.276	-19.618
11751	1664.000	-0.342	-0.344	0.000	-29.279	-5.168
11767	1664.000	-0.420	-0.336	0.000	-29.908	-3.708
11783	1664.000	-0.355	-0.106	0.000	-29.292	18.669
11799	1664.000	-0.306	-0.102	0.000	-29.322	19.109
11815	1664.000	-0.379	-0.341	0.000	-29.726	-4.351
11831	1664.000	-0.338	-0.364	0.000	-29.431	-6.987
11847	1664.000	-0.334	-0.066	0.000	-29.974	23.415
11863	1664.000	-0.367	-0.230	0.000	-29.677	6.717
11879	1664.000	-0.402	-0.106	0.000	-30.025	19.425
12519	1664.000	-0.373	-0.185	0.000	-23.867	5.361
12535	1664.000	-0.295	-0.216	0.000	-23.675	2.101
12551	1664.000	-0.248	-0.097	0.000	-24.044	14.339
12567	1664.000	-0.256	-0.100	0.000	-23.660	13.705
12583	1664.000	-0.293	0.005	0.000	-23.499	24.025
12599	1664.000	-0.332	-0.378	0.000	-23.717	-14.103
12615	1664.000	-0.317	-0.348	0.000	-23.726	-11.073
12631	1664.000	-0.337	-0.354	0.000	-23.530	-11.873
12647	1664.000	-0.340	-0.364	0.000	-24.182	-12.217
12663	1664.000	-0.303	-0.147	0.000	-23.631	8.882
12679	1664.000	-0.305	-0.137	0.000	-23.498	9.818
12695	1664.000	-0.331	-0.418	0.000	-23.970	-17.866
12711	1664.000	-0.286	-0.313	0.000	-23.498	-7.781
12727	1664.000	-0.258	-0.169	0.000	-23.498	6.623
12743	1664.000	-0.333	-0.219	0.000	-23.504	1.622
12759	1664.000	-0.228	0.011	0.000	-23.780	24.872
12775	1664.000	-0.292	-0.150	0.000	-23.500	8.477
12791	1664.000	-0.318	-0.367	0.000	-23.566	-13.149
12807	1664.000	-0.246	-0.020	0.000	-23.950	21.960
12823	1664.000	-0.280	-0.110	0.000	-23.513	12.517
12839	1664.000	-0.269	-0.006	0.000	-23.961	23.388
12855	1664.000	-0.274	-0.142	0.000	-23.970	9.801
12871	1664.000	-0.254	-0.045	0.000	-23.597	19.062
12887	1664.000	-0.334	-0.189	0.000	-23.639	4.765
12903	1664.000	-0.267	-0.126	0.000	-23.593	10.970
12919	1664.000	-0.323	-0.133	0.000	-23.498	10.245
12935	1664.000	-0.296	-0.372	0.000	-23.507	-13.676
12951	1664.000	-0.274	-0.036	0.000	-23.794	20.203
12967	1664.000	-0.285	-0.172	0.000	-24.026	6.805
12983	1664.000	-0.259	-0.111	0.000	-23.533	12.388
12999	1664.000	-0.305	-0.199	0.000	-23.687	3.744
13015	1664.000	-0.308	-0.436	0.000	-24.047	-19.516
13031	1664.000	-0.290	0.011	0.000	-23.751	24.875
13047	1664.000	-0.236	-0.150	0.000	-23.635	8.683
13063	1664.000	-0.264	-0.353	0.000	-23.573	-11.765
13079	1664.000	-0.310	-0.457	0.000	-24.175	-21.514
13095	1664.000	-0.308	-0.028	0.000	-24.313	21.560
13111	1664.000	-0.281	-0.171	0.000	-23.683	6.605
13127	1664.000	-0.316	-0.228	0.000	-24.532	1.700
13767	1664.000	-0.930	-0.714	0.000	-74.142	2.702
13783	1664.000	-0.866	-0.620	0.000	-74.136	12.182
13799	1664.000	-0.954	-0.778	0.000	-76.132	-1.634
13815	1664.000	-0.543	-0.924	0.000	-74.120	-18.288
13831	1664.000	-0.893	-0.779	0.000	-74.138	-3.726
13847	1664.000	-0.890	-0.901	0.000	-74.876	-15.263
13863	1664.000	-0.956	-0.605	0.000	-74.138	13.644
13879	1664.000	-0.924	-0.774	0.000	-74.166	-3.246
13895	1664.000	-0.919	-0.603	0.000	-74.663	14.403
13911	1664.000	-0.948	-0.871	0.000	-74.138	-13.000
13927	1664.000	-0.953	-0.591	0.000	-75.632	16.540
13943	1664.000	-0.973	-0.920	0.000	-74.120	-17.908
13959	1664.000	-0.960	-0.868	0.000	-74.120	-12.647
13975	1664.000	-0.955	-0.882	0.000	-74.677	-13.534
13991	1664.000	-0.762	-0.622	0.000	-74.127	11.942
14007	1664.000	-0.892	-0.525	0.000	-75.073	22.540
14023	1664.000	-0.940	-0.972	0.000	-74.120	-23.038
14039	1664.000	-0.948	-0.723	0.000	-74.558	2.210
14055	1664.000	-0.961	-0.906	0.000	-74.378	-16.248
14071	1664.000	-0.998	-0.948	0.000	-75.099	-19.659
14087	1664.000	-0.936	-0.905	0.000	-74.410	-16.073
14103	1664.000	-0.928	-0.715	0.000	-74.138	2.648
14119	1664.000	-0.965	-0.687	0.000	-75.854	7.200
14135	1664.000	-0.950	-0.781	0.000	-77.513	-0.608
14151	1664.000	-0.879	-0.536	0.000	-74.138	20.520
14167	1664.000	-0.941	-0.951	0.000	-75.821	-19.262
14183	1664.000	-0.930	-0.999	0.000	-74.956	-24.913
14199	1664.000	-0.770	-0.936	0.000	-74.821	-18.790
14215	1664.000	-0.958	-0.906	0.000	-76.439	-14.182
14231	1664.000	-0.915	-0.614	0.000	-74.120	12.731
14247	1664.000	-0.944	-0.805	0.000	-76.903	-3.556
14263	1664.000	-1.044	-0.957	0.000	-76.258	-19.489
14279	1664.000	-0.867	-0.556	0.000	-74.120	18.475
14295	1664.000	-1.029	-0.992	0.000	-76.043	-23.113
14311	1664.000	-0.853	-0.531	0.000	-74.930	21.870
14327	1664.000	-0.877	-0.613	0.000	-74.120	12.861
14343	1664.000	-0.969	-0.820	0.000	-74.451	-7.526
14359	1664.000	0.774	4.370	0.000	-74.120	11.129
14375	1664.000	-0.862	-0.921	0.000	-74.120	-17.975
7	1665.000	-1.009	-1.152	0.000	-126.910	11.699
23	1665.000	-0.931	-1.401	0.000	-121.028	-19.121
39	1665.000	-0.943	-1.232	0.000	-127.078	3.908
55	1665.000	-0.978	-1.474	0.000	-133.510	-13.884
71	1665.000	-0.971	-1.414	0.000	-121.011	-20.348
87	1665.000	-0.981	-1.027	0.000	-121.090	18.409
103	1665.000	-0.950	-1.358	0.000	-125.642	-10.188
119	1665.000	-0.908	-1.021	0.000	-125.704	23.602
135	1665.000	-0.947	-1.338	0.000	-132.589	-1.232
151	1665.000	-0.959	-1.246	0.000	-121.739	-2.832
167	1665.000	-0.979	-1.388	0.000	-131.032	-7.796
183	1665.000	-0.959	-1.259	0.000	-133.666	7.754
199	1665.000	-0.934	-1.062	0.033	-126.606	4.086
215	1665.000	-0.929	-1.292	0.000	-122.972	-6.275
231	1665.000	-0.949	-1.310	0.000	-121.017	-10.024
247	1665.000	-0.909	-1.342	0.000	-121.011	-13.157
263	1665.000	-0.928	-1.397	0.000	-122.942	-16.789
279	1665.000	-0.977	-1.429	0.000	-121.011	-21.863
295	1665.000	-0.927	-1.404	0.000	-125.074	-15.304
311	1665.000	1.232	3.484	0.000	-135.061	-16.588
327	1665.000	-1.002	-1.461	0.000	-121.338	-24.767
343	1665.000	-0.752	-1.199	0.000	-121.038	1.178
359	1665.000	-0.770	-1.584	0.000	-139.213	-19.171
375	1665.000	-0.956	-1.376	0.000	-121.046	-16.531
391	1665.000	-0.954	-1.181	0.000	-122.221	4.124
407	1665.000	-0.982	-1.498	0.000	-129.137	-20.682
423	1665.000	-0.925	-1.392	0.000	-121.759	-17.447
439	1665.000	-1.029	-1.189	0.000	-129.636	10.731
455	1665.000	-0.996	-1.454	0.000	-136.968	-8.407
471	1665.000	-0.947	-0.885	0.036	-125.846	19.348
487	1665.000	-0.922	-1.346	0.000	-121.028	-13.527
503	1665.000	-0.947	-1.118	0.000	-121.784	10.023
519	1665.000	-0.913	-1.417	0.000	-121.024	-20.723
535	1665.000	-0.886	-1.301	0.000	-121.676	-8.428
551	1665.000	-0.842	-0.815	0.122	-121.058	-21.357
567	1665.000	-0.511	-0.987	0.000	-121.245	22.551
583	1665.000	-0.924	-1.140	0.000	-122.717	8.748
599	1665.000	-0.980	-1.445	0.000	-121.073	-23.457
615	1665.000	-1.050	-1.384	0.000	-133.907	-4.487
1255	1665.000	-0.245	-0.328	0.000	-21.811	-11.016
1271	1665.000	-0.254	-0.105	0.000	-21.875	11.333
1287	1665.000	-0.229	-0.056	0.006	-21.982	13.309
1303	1665.000	-0.193	0.342	0.071	-21.766	20.663
1319	1665.000	-0.253	0.094	0.040	-22.035	11.233
1335	1665.000	-0.250	-0.137	0.014	-21.790	1.309
1351	1665.000	-0.211	-0.008	0.047	-21.862	-2.635
1367	1665.000	-0.207	-0.012	0.064	-21.676	-11.503
1383	1665.000	-0.205	0.283	0.081	-21.680	9.676
1399	1665.000	-0.279	0.065	0.046	-22.083	5.636
1415	1665.000	-0.219	-0.052	0.000	-22.066	16.839
1431	1665.000	-0.283	-0.200	0.000	-21.744	1.770
1447	1665.000	-0.283	-0.034	0.000	-21.875	18.498
1463	1665.000	-0.289	-0.461	0.000	-21.951	-24.118
1479	1665.000	-0.188	0.098	0.038	-21.732	12.336
1495	1665.000	-0.300	-0.281	0.012	-21.675	-12.427
1511	1665.000	-0.137	0.435	0.145	-21.679	-7.436
1527	1665.000	-0.170	0.318	0.117	-21.862	-4.602
1543	1665.000	-0.264	-0.103	0.064	-21.792	-20.551
1559	1665.000	-0.268	-0.074	0.029	-21.680	-0.229
1575	1665.000	-0.300	-0.380	0.000	-22.235	-15.783
1591	1665.000	-0.225	0.316	0.068	-21.830	19.386
1607	1665.000	-0.187	-0.072	0.076	-21.681	-23.398
1623	1665.000	-0.233	-0.107	0.000	-21.751	11.051
1639	1665.000	-0.273	-0.151	0.000	-22.347	7.282
1655	1665.000	-0.140	0.347	0.097	-21.681	7.947
1671	1665.000	-0.255	-0.267	0.000	-21.829	-4.874
1687	1665.000	-0.257	-0.212	0.000	-21.783	0.620
1703	1665.000	-0.205	0.197	0.047	-21.741	17.692
1719	1665.000	-0.198	0.050	0.049	-21.982	2.654
1735	1665.000	-0.127	0.567	0.204	-21.788	-23.268
1751	1665.000	-0.247	0.169	0.062	-21.892	7.579
1767	1665.000	-0.251	0.047	0.035	-21.950	9.118
1783	1665.000	-0.076	0.461	0.133	-21.675	1.512
1799	1665.000	-0.167	0.271	0.116	-22.241	-8.689
1815	1665.000	-0.225	-0.028	0.000	-22.411	19.595
1831	1665.000	-0.260	-0.149	0.011	-21.678	1.326
1847	1665.000	-0.275	-0.118	0.000	-22.054	10.267
1863	1665.000	-0.225	-0.250	0.010	-21.932	-8.249
2519	1665.000	-0.350	-0.142	0.000	-29.633	15.429
2535	1665.000	-0.371	-0.255	0.013	-29.283	-2.868
2551	1665.000	-0.331	0.032	0.017	-29.981	24.701
2567	1665.000	-0.329	0.218	0.067	-29.527	18.017
2583	1665.000	-0.288	-0.100	0.045	-29.027	-3.331
2599	1665.000	-0.344	-0.394	0.000	-29.251	-10.152
2615	1665.000	-0.266	0.495	0.159	-29.441	-0.578
2631	1665.000	-0.317	-0.362	0.027	-29.490	-20.414
2647	1665.000	-0.400	-0.122	0.000	-29.217	17.058
2663	1665.000	-0.360	-0.488	0.010	-29.415	-24.339
2679	1665.000	-0.327	-0.342	0.024	-29.154	-16.985
2695	1665.000	-0.385	-0.279	0.000	-29.357	1.440
2711	1665.000	-0.307	-0.017	0.093	-29.235	-18.967
2727	1665.000	-0.268	0.133	0.048	-29.028	18.385
2743	1665.000	-0.341	-0.226	0.000	-29.058	6.495
2759	1665.000	-0.308	0.116	0.110	-29.446	-14.185
2775	1665.000	-0.252	0.064	0.095	-29.391	-11.664
2791	1665.000	-0.320	-0.035	0.076	-29.060	-12.591
2807	1665.000	-0.366	-0.062	0.050	-29.087	-2.288
2823	1665.000	-0.290	-0.126	0.000	-29.193	16.615
2839	1665.000	-0.297	0.172	0.114	-29.326	-10.419
2855	1665.000	-0.325	-0.166	0.022	-29.094	1.343
2871	1665.000	-0.281	0.175	0.054	-29.424	19.873
2887	1665.000	-0.408	-0.525	0.000	-29.586	-22.931
2903	1665.000	-0.289	0.009	0.076	-29.030	-8.264
2919	1665.000	-0.244	0.005	0.108	-29.207	-24.187
2935	1665.000	-0.347	-0.146	0.000	-29.904	15.354
2951	1665.000	-0.299	0.088	0.033	-29.062	21.539
2967	1665.000	-0.329	0.020	0.073	-29.241	-5.388
2983	1665.000	-0.282	0.135	0.056	-29.351	14.671
2999	1665.000	-0.311	0.068	0.059	-29.030	6.178
3015	1665.000	-0.273	0.073	0.071	-29.365	1.098
3031	1665.000	-0.388	-0.258	0.000	-29.168	3.361
3047	1665.000	-0.351	-0.291	0.000	-29.225	0.093
3063	1665.000	-0.387	-0.384	0.010	-29.451	-13.798
3079	1665.000	-0.355	-0.172	0.041	-29.413	-8.545
3095	1665.000	-0.225	0.484	0.111	-29.597	22.561
3111	1665.000	-0.340	-0.482	0.000	-29.895	-18.276
3127	1665.000	-0.293	-0.167	0.000	-29.626	12.939
3767	1665.000	-0.372	-0.467	0.000	-28.906	-17.760
3783	1665.000	-0.336	-0.062	0.000	-28.904	22.654
3799	1665.000	-0.424	-0.466	0.000	-28.824	-17.826
3815	1665.000	-0.241	0.424	0.119	-28.769	11.623
3831	1665.000	-0.295	0.064	0.021	-28.648	24.414
3847	1665.000	-0.351	0.014	0.056	-28.835	2.307
3863	1665.000	-0.350	-0.315	0.000	-29.051	-2.443
3879	1665.000	-0.335	-0.030	0.048	-28.859	1.991
3895	1665.000	-0.411	-0.395	0.015	-29.175	-17.728
3911	1665.000	-0.401	-0.402	0.000	-28.998	-11.210
3927	1665.000	-0.346	-0.337	0.000	-28.810	-4.857
3943	1665.000	-0.343	-0.330	0.039	-29.103	-23.198
3959	1665.000	-0.261	0.049	0.065	-28.862	1.267
3975	1665.000	-0.384	-0.233	0.000	-29.058	5.805
3991	1665.000	-0.358	-0.233	0.005	-29.151	3.515
4007	1665.000	-0.348	-0.348	0.019	-28.864	-15.596
4023	1665.000	-0.359	-0.192	0.000	-28.884	9.666
4039	1665.000	-0.388	-0.112	0.000	-29.058	17.903
4055	1665.000	-0.242	0.342	0.124	-28.826	1.109
4071	1665.000	-0.166	0.794	0.172	-29.301	22.489
4087	1665.000	-0.402	-0.538	0.000	-29.180	-24.610
4103	1665.000	-0.368	-0.071	0.000	-28.836	21.710
4119	1665.000	-0.339	-0.019	0.056	-29.466	-0.214
4135	1665.000	-0.380	-0.283	0.030	-28.954	-14.242
4151	1665.000	-0.362	-0.394	0.000	-28.917	-10.496
4167	1665.000	-0.362	-0.088	0.000	-29.150	20.352
4183	1665.000	-0.178	0.838	0.187	-28.654	19.060
4199	1665.000	-0.333	-0.490	0.000	-29.287	-19.694
4215	1665.000	-0.404	-0.339	0.005	-29.193	-6.943
4231	1665.000	-0.242	0.240	0.061	-28.963	22.465
4247	1665.000	-0.273	0.093	0.096	-29.478	-9.129
4263	1665.000	-0.368	-0.532	0.000	-28.828	-24.355
4279	1665.000	-0.234	0.177	0.115	-28.878	-10.853
4295	1665.000	-0.312	-0.380	0.027	-28.785	-22.740
4311	1665.000	-0.386	-0.365	0.000	-29.024	-7.434
4327	1665.000	-0.314	-0.344	0.034	-28.711	-22.927
4343	1665.000	-0.258	-0.099	0.021	-28.888	8.554
4359	1665.000	-0.329	0.267	0.063	-29.135	24.284
4375	1665.000	-0.344	0.009	0.107	-28.645	-23.721
5015	1665.000	-0.201	0.286	0.077	-20.813	10.837
5031	1665.000	-0.293	-0.045	0.000	-20.711	16.171
5047	1665.000	-0.307	-0.444	0.000	-20.901	-23.516
5063	1665.000	-0.237	-0.261	0.000	-20.856	-5.255
5079	1665.000	-0.222	0.091	0.079	-20.747	-9.891
5095	1665.000	-0.290	-0.434	0.000	-20.830	-22.579
5111	1665.000	-0.250	-0.371	0.007	-20.851	-19.721
5127	1665.000	-0.231	0.079	0.054	-20.861	1.684
5143	1665.000	-0.265	-0.349	0.013	-21.007	-20.262
5159	1665.000	-0.183	0.315	0.077	-20.676	13.750
5175	1665.000	-0.075	0.964	0.261	-21.003	-13.161
5191	1665.000	-0.210	-0.016	0.060	-20.954	-10.780
5207	1665.000	-0.266	0.002	0.009	-20.960	16.663
5223	1665.000	-0.184	0.462	0.098	-21.221	18.300
5239	1665.000	-0.323	-0.393	0.000	-21.177	-18.153
5255	1665.000	-0.190	0.294	0.094	-20.809	3.093
5271	1665.000	-0.277	0.023	0.000	-21.224	23.477
5287	1665.000	-0.187	0.120	0.052	-20.986	6.882
5303	1665.000	-0.180	-0.118	0.052	-20.956	-17.094
5319	1665.000	-0.225	-0.155	0.000	-21.050	5.525
5335	1665.000	-0.227	-0.063	0.057	-20.683	-13.909
5351	1665.000	-0.260	0.006	0.000	-21.581	22.163
5367	1665.000	-0.199	0.416	0.089	-20.849	17.808
5383	1665.000	-0.279	-0.165	0.000	-20.676	4.219
5399	1665.000	-0.210	-0.072	0.031	-21.136	-1.833
5415	1665.000	-0.228	0.028	0.000	-20.874	23.642
5431	1665.000	-0.287	-0.324	0.000	-20.829	-11.610
5447	1665.000	-0.260	-0.388	0.000	-20.673	-18.150
5463	1665.000	-0.255	-0.257	0.000	-20.751	-4.914
5479	1665.000	-0.249	-0.164	0.000	-20.830	4.392
5495	1665.000	-0.221	-0.133	0.000	-20.677	7.400
5511	1665.000	-0.266	-0.238	0.000	-20.672	-3.157
5527	1665.000	-0.270	-0.153	0.000	-20.956	5.630
5543	1665.000	-0.086	0.962	0.192	-20.743	21.174
5559	1665.000	-0.206	0.146	0.075	-20.742	-2.177
5575	1665.000	-0.224	-0.432	0.000	-20.903	-22.251
5591	1665.000	-0.247	-0.158	0.040	-20.860	-15.191
5607	1665.000	-0.180	0.299	0.081	-20.854	10.160
5623	1665.000	-0.238	0.024	0.059	-20.801	-6.396
6263	1665.000	-1.043	-1.464	0.000	-133.137	-13.248
6279	1665.000	-0.937	-1.239	0.000	-135.037	11.154
6295	1665.000	-0.840	-1.138	0.000	-122.148	8.382
6311	1665.000	-1.029	-1.572	0.000	-133.096	-24.112
6327	1665.000	-0.740	-1.335	0.020	-126.198	-17.083
6343	1665.000	-0.976	-1.227	0.000	-125.270	2.566
6359	1665.000	-0.939	-0.985	0.091	-134.746	-9.381
6375	1665.000	-0.660	-1.228	0.090	-146.844	-21.013
6391	1665.000	-0.975	-1.292	0.000	-133.813	4.597
6407	1665.000	-1.037	-1.343	0.000	-124.678	-9.648
6423	1665.000	-0.890	-1.001	0.073	-128.075	-8.565
6439	1665.000	-0.809	-0.722	0.082	-128.853	15.799
6455	1665.000	-0.973	-1.160	0.000	-124.645	8.624
6471	1665.000	-0.892	-1.135	0.000	-122.885	9.343
6487	1665.000	-1.002	-1.304	0.000	-123.278	-7.151
6503	1665.000	1.288	3.400	0.000	-136.217	-23.810
6519	1665.000	-0.900	-1.450	0.000	-122.759	-22.231
6535	1665.000	-0.931	-0.998	0.000	-122.810	23.044
6551	1665.000	-1.060	-1.511	0.000	-126.812	-24.264
6567	1665.000	-0.932	-0.990	0.000	-122.420	23.378
6583	1665.000	-1.003	-1.284	0.000	-123.896	-4.488
6599	1665.000	1.256	3.662	0.000	-132.218	-1.566
6615	1665.000	-1.033	-1.146	0.000	-124.085	9.473
6631	1665.000	-0.976	-1.183	0.000	-123.663	5.409
6647	1665.000	-0.999	-1.282	0.000	-123.402	-4.846
6663	1665.000	-1.022	-1.302	0.000	-122.459	-7.784
6679	1665.000	-0.936	-0.834	0.063	-123.905	9.008
6695	1665.000	-1.002	-1.470	0.000	-122.159	-24.799
6711	1665.000	-0.954	-1.185	0.000	-122.739	4.288
6727	1665.000	-1.018	-1.382	0.000	-124.394	-13.772
6743	1665.000	-1.031	-1.577	0.000	-134.746	-22.937
6759	1665.000	-0.969	-1.206	0.000	-133.089	12.517
6775	1665.000	-0.964	-1.155	0.037	-122.863	-11.268
6791	1665.000	-0.950	-1.267	0.033	-138.473	-4.811
6807	1665.000	-0.917	-1.308	0.000	-126.505	-4.255
6823	1665.000	-0.970	-1.255	0.000	-123.354	-2.188
6839	1665.000	-0.988	-1.338	0.000	-136.644	2.854
6855	1665.000	-0.972	-1.336	0.035	-134.759	-16.425
6871	1665.000	-1.022	-1.024	0.000	-122.180	19.825
7511	1665.000	-0.906	-1.189	0.000	-119.644	0.765
7527	1665.000	-0.879	-1.257	0.000	-123.710	-2.005
7543	1665.000	-0.846	-1.085	0.000	-119.636	11.129
7559	1665.000	-0.821	-1.538	0.000	-129.349	-24.466
7575	1665.000	-0.960	-1.335	0.000	-122.876	-10.672
7591	1665.000	-0.919	-1.088	0.000	-128.168	19.359
7607	1665.000	-0.958	-1.183	0.000	-125.195	6.863
7623	1665.000	-0.966	-1.100	0.000	-120.112	10.106
7639	1665.000	-0.929	-0.708	0.060	-121.340	20.749
7655	1665.000	-0.937	-1.014	0.000	-121.594	20.161
7671	1665.000	-0.917	-1.301	0.000	-120.833	-9.266
7687	1665.000	-0.871	-0.967	0.000	-121.017	24.273
7703	1665.000	-0.911	-1.103	0.000	-119.694	9.347
7719	1665.000	-0.880	-0.859	0.022	-119.673	22.712
7735	1665.000	-0.915	-1.204	0.000	-119.620	-0.767
7751	1665.000	-0.964	-1.097	0.000	-121.182	11.490
7767	1665.000	-0.955	-1.188	0.000	-143.530	24.758
7783	1665.000	-0.920	-1.195	0.000	-127.745	8.228
7799	1665.000	-1.032	-1.400	0.000	-126.139	-13.818
7815	1665.000	-0.929	-1.036	0.000	-123.720	20.107
7831	1665.000	-0.910	-0.951	0.065	-142.096	14.726
7847	1665.000	-0.970	-1.102	0.028	-128.626	4.467
7863	1665.000	-0.872	-0.962	0.088	-130.574	-9.646
7879	1665.000	-0.937	-1.500	0.000	-125.614	-24.358
7895	1665.000	-1.035	-1.110	0.000	-122.720	11.763
7911	1665.000	-0.969	-1.393	0.000	-125.809	-13.530
7927	1665.000	1.286	3.821	0.000	-136.176	18.298
7943	1665.000	-0.907	-1.153	0.000	-119.867	4.540
7959	1665.000	-0.940	-1.067	0.000	-120.240	13.546
7975	1665.000	-0.895	-1.215	0.000	-123.139	1.600
7991	1665.000	-1.005	-1.437	0.000	-120.146	-23.551
8007	1665.000	-0.878	-1.003	0.000	-121.564	21.216
8023	1665.000	-0.925	-1.422	0.000	-130.585	-11.573
8039	1665.000	-0.971	-1.319	0.000	-119.923	-12.002
8055	1665.000	1.317	3.422	0.000	-137.754	-20.036
8071	1665.000	-0.995	-1.455	0.000	-124.244	-21.244
8087	1665.000	-0.927	-1.160	0.020	-119.647	-6.188
8103	1665.000	-0.890	-0.765	0.078	-126.804	11.380
8119	1665.000	-0.868	-0.648	0.073	-119.632	18.186
8775	1665.000	-0.222	0.363	0.080	-24.396	20.860
8791	1665.000	-0.235	0.272	0.070	-24.317	16.532
8807	1665.000	-0.320	-0.298	0.000	-24.171	-5.629
8823	1665.000	-0.275	0.054	0.057	-24.391	1.124
8839	1665.000	-0.171	0.154	0.121	-24.259	-20.919
8855	1665.000	-0.337	-0.311	0.000	-23.980	-7.142
8871	1665.000	-0.233	0.186	0.070	-24.302	7.991
8887	1665.000	-0.299	-0.047	0.066	-24.037	-13.664
8903	1665.000	-0.318	-0.274	0.000	-23.980	-3.396
8919	1665.000	-0.320	-0.388	0.000	-23.994	-14.825
8935	1665.000	-0.225	-0.112	0.059	-24.346	-16.604
8951	1665.000	-0.199	0.553	0.139	-24.137	10.021
8967	1665.000	-0.315	-0.241	0.000	-24.320	0.245
8983	1665.000	-0.375	-0.472	0.000	-24.312	-22.879
8999	1665.000	-0.290	-0.433	0.000	-24.840	-18.504
9015	1665.000	-0.235	0.193	0.058	-24.571	14.737
9031	1665.000	-0.315	-0.121	0.033	-24.646	-3.983
9047	1665.000	-0.311	-0.390	0.000	-24.634	-14.318
9063	1665.000	-0.371	-0.422	0.000	-24.056	-18.111
9079	1665.000	-0.275	0.111	0.058	-24.043	5.913
9095	1665.000	-0.256	0.246	0.050	-24.393	24.066
9111	1665.000	-0.240	-0.120	0.040	-23.982	-8.017
9127	1665.000	-0.251	-0.119	0.049	-23.982	-12.498
9143	1665.000	-0.260	-0.043	0.023	-24.317	8.687
9159	1665.000	-0.300	-0.041	0.000	-24.062	19.984
9175	1665.000	-0.300	-0.252	0.000	-24.430	-0.729
9191	1665.000	-0.152	0.410	0.090	-23.985	20.109
9207	1665.000	-0.240	0.446	0.089	-24.061	24.041
9223	1665.000	-0.277	-0.228	0.000	-24.310	1.513
9239	1665.000	-0.242	-0.318	0.000	-23.980	-7.791
9255	1665.000	-0.162	0.742	0.177	-24.061	9.567
9271	1665.000	-0.007	1.164	0.250	-24.222	15.844
9287	1665.000	-0.297	-0.173	0.000	-24.135	6.808
9303	1665.000	-0.067	0.902	0.214	-24.409	7.394
9319	1665.000	-0.304	-0.325	0.000	-24.106	-8.388
9335	1665.000	-0.324	-0.410	0.000	-24.395	-16.557
9351	1665.000	-0.314	0.101	0.078	-24.190	-4.490
9367	1665.000	-0.277	-0.156	0.058	-24.239	-20.501
9383	1665.000	-0.308	-0.370	0.000	-24.319	-12.719
10023	1665.000	-0.393	-0.403	0.000	-28.735	-11.566
10039	1665.000	-0.350	-0.066	0.053	-28.851	-4.433
10055	1665.000	-0.372	-0.326	0.000	-28.770	-3.821
10071	1665.000	-0.297	-0.285	0.000	-28.993	0.537
10087	1665.000	-0.182	0.810	0.204	-29.161	8.115
10103	1665.000	-0.337	-0.345	0.015	-28.851	-13.265
10119	1665.000	-0.373	-0.324	0.009	-29.199	-7.720
10135	1665.000	-0.206	0.600	0.184	-28.950	-2.840
10151	1665.000	-0.305	0.154	0.060	-29.142	14.458
10167	1665.000	-0.280	0.216	0.058	-28.856	21.330
10183	1665.000	-0.342	-0.207	0.000	-28.791	8.109
10199	1665.000	-0.402	-0.486	0.000	-28.733	-19.900
10215	1665.000	-0.337	-0.338	0.017	-29.175	-12.951
10231	1665.000	-0.271	0.011	0.047	-28.912	6.671
10247	1665.000	-0.381	0.022	0.024	-28.914	19.169
10263	1665.000	-0.353	-0.302	0.000	-28.951	-1.201
10279	1665.000	-0.402	-0.298	0.000	-29.545	-0.291
10295	1665.000	-0.275	-0.030	0.088	-28.889	-18.156
10311	1665.000	-0.345	-0.172	0.037	-29.102	-6.719
10327	1665.000	-0.321	-0.342	0.000	-29.583	-4.571
10343	1665.000	-0.394	-0.360	0.000	-29.410	-6.607
10359	1665.000	-0.307	0.054	0.110	-29.688	-19.682
10375	1665.000	-0.297	-0.103	0.024	-29.487	7.392
10391	1665.000	-0.316	-0.164	0.028	-28.952	-1.535
10407	1665.000	-0.389	-0.317	0.018	-29.159	-11.740
10423	1665.000	-0.339	-0.167	0.028	-29.151	-1.445
10439	1665.000	-0.325	-0.124	0.030	-28.898	1.730
10455	1665.000	-0.335	-0.121	0.000	-29.320	17.216
10471	1665.000	-0.289	-0.128	0.048	-29.348	-7.676
10487	1665.000	-0.110	1.209	0.256	-29.509	22.599
10503	1665.000	-0.353	-0.447	0.011	-29.025	-21.232
10519	1665.000	-0.326	-0.097	0.000	-29.624	19.959
10535	1665.000	-0.337	-0.257	0.011	-29.289	-1.948
10551	1665.000	-0.355	-0.051	0.007	-28.807	20.290
10567	1665.000	-0.353	-0.115	0.058	-28.875	-11.473
10583	1665.000	-0.304	0.155	0.070	-28.730	9.361
10599	1665.000	-0.389	-0.522	0.000	-28.741	-23.470
10615	1665.000	-0.391	-0.459	0.000	-28.735	-17.118
10631	1665.000	-0.324	0.010	0.046	-28.795	7.074
11271	1665.000	-0.328	-0.340	0.000	-28.977	-5.023
11287	1665.000	-0.374	-0.056	0.043	-28.492	1.193
11303	1665.000	-0.356	-0.087	0.000	-28.979	20.234
11319	1665.000	-0.359	-0.074	0.000	-28.883	21.508
11335	1665.000	-0.346	-0.287	0.000	-28.135	-0.543
11351	1665.000	-0.358	-0.278	0.000	-28.642	0.801
11367	1665.000	-0.366	-0.149	0.000	-28.598	13.732
11383	1665.000	-0.212	0.316	0.154	-28.078	-17.376
11399	1665.000	-0.237	0.197	0.053	-28.336	21.775
11415	1665.000	-0.217	0.471	0.153	-28.571	-1.021
11431	1665.000	-0.197	0.704	0.167	-28.509	15.591
11447	1665.000	-0.297	0.187	0.063	-28.241	15.288
11463	1665.000	-0.306	-0.235	0.000	-28.403	4.950
11479	1665.000	-0.407	-0.183	0.021	-28.944	0.223
11495	1665.000	-0.359	-0.012	0.024	-28.400	15.083
11511	1665.000	-0.327	-0.504	0.000	-28.155	-22.266
11527	1665.000	-0.405	-0.248	0.021	-28.371	-7.099
11543	1665.000	-0.280	-0.118	0.059	-28.506	-12.775
11559	1665.000	-0.340	-0.292	0.000	-28.141	-1.039
11575	1665.000	-0.331	-0.105	0.000	-28.602	18.102
11591	1665.000	-0.257	0.081	0.071	-28.468	1.170
11607	1665.000	-0.393	-0.349	0.000	-28.148	-6.738
11623	1665.000	-0.303	-0.010	0.094	-29.251	-18.706
11639	1665.000	-0.266	0.149	0.098	-28.154	-6.071
11655	1665.000	-0.364	-0.332	0.000	-28.491	-4.721
11671	1665.000	-0.343	-0.135	0.009	-28.452	10.238
11687	1665.000	-0.213	0.322	0.168	-28.142	-23.411
11703	1665.000	-0.282	0.014	0.034	-28.303	12.545
11719	1665.000	-0.343	-0.042	0.000	-28.401	24.229
11735	1665.000	-0.411	-0.463	0.009	-28.081	-22.584
11751	1665.000	-0.244	0.222	0.092	-28.084	4.265
11767	1665.000	-0.145	1.062	0.300	-28.653	-15.318
11783	1665.000	-0.260	0.155	0.048	-28.096	19.699
11799	1665.000	-0.263	-0.165	0.063	-28.123	-20.041
11815	1665.000	-0.347	-0.169	0.032	-28.488	-4.149
11831	1665.000	-0.328	-0.493	0.000	-28.221	-21.112
11847	1665.000	-0.321	-0.289	0.000	-28.712	-0.235
11863	1665.000	-0.377	-0.438	0.000	-28.444	-15.334
11879	1665.000	-0.384	-0.220	0.000	-28.759	6.803
12519	1665.000	-0.333	-0.007	0.000	-22.873	22.184
12535	1665.000	-0.272	-0.039	0.001	-22.699	18.170
12551	1665.000	-0.110	0.562	0.113	-23.033	22.788
12567	1665.000	-0.121	0.507	0.109	-22.685	18.684
12583	1665.000	-0.262	-0.066	0.000	-22.540	15.977
12599	1665.000	-0.302	0.006	0.000	-22.737	23.293
12615	1665.000	-0.292	-0.148	0.000	-22.745	7.903
12631	1665.000	-0.305	0.019	0.018	-22.568	15.479
12647	1665.000	-0.271	-0.041	0.069	-23.158	-15.670
12663	1665.000	-0.292	-0.416	0.000	-22.659	-18.978
12679	1665.000	-0.271	-0.106	0.000	-22.539	11.937
12695	1665.000	-0.274	-0.150	0.058	-22.966	-20.969
12711	1665.000	-0.176	0.320	0.079	-22.539	15.141
12727	1665.000	-0.168	0.053	0.087	-22.539	-15.672
12743	1665.000	-0.323	-0.432	0.000	-22.544	-20.607
12759	1665.000	-0.222	-0.030	0.000	-22.795	19.766
12775	1665.000	-0.233	-0.102	0.046	-22.541	-10.765
12791	1665.000	-0.258	0.134	0.030	-22.601	21.206
12807	1665.000	-0.252	-0.337	0.000	-22.948	-10.790
12823	1665.000	-0.290	-0.283	0.000	-22.552	-5.791
12839	1665.000	-0.186	0.107	0.055	-22.958	6.014
12855	1665.000	-0.289	-0.280	0.000	-22.967	-5.044
12871	1665.000	-0.053	0.963	0.207	-22.629	15.587
12887	1665.000	-0.265	0.075	0.019	-22.666	20.670
12903	1665.000	-0.249	-0.239	0.029	-22.625	-15.742
12919	1665.000	-0.016	1.368	0.339	-22.539	-10.015
12935	1665.000	-0.170	0.370	0.102	-22.548	8.722
12951	1665.000	0.004	1.231	0.295	-22.807	-1.649
12967	1665.000	-0.014	1.356	0.268	-23.017	24.517
12983	1665.000	-0.277	-0.454	0.000	-22.571	-22.877
12999	1665.000	-0.266	-0.022	0.060	-22.710	-9.387
13015	1665.000	-0.259	0.127	0.023	-23.036	24.306
13031	1665.000	-0.265	-0.048	0.000	-22.768	17.931
13047	1665.000	-0.181	-0.013	0.083	-22.663	-20.137
13063	1665.000	-0.262	-0.351	0.000	-22.607	-12.457
13079	1665.000	-0.314	-0.390	0.000	-23.151	-15.847
13095	1665.000	-0.286	-0.198	0.000	-23.277	3.484
13111	1665.000	-0.203	-0.034	0.076	-22.706	-18.483
13127	1665.000	-0.322	-0.447	0.000	-23.475	-21.187
13767	1665.000	-0.934	-1.020	0.033	-126.722	8.195
13783	1665.000	-0.958	-1.567	0.000	-136.527	-20.148
13799	1665.000	-0.879	-0.503	0.133	-123.317	6.714
13815	1665.000	-0.626	-0.971	0.000	-121.496	24.355
13831	1665.000	-0.912	-1.134	0.000	-127.506	14.135
13847	1665.000	-0.966	-1.394	0.000	-122.180	-17.260
13863	1665.000	-1.007	-1.426	0.000	-121.512	-21.097
13879	1665.000	-0.974	-1.538	0.000	-130.086	-23.680
13895	1665.000	-0.965	-1.215	0.000	-121.987	0.502
13911	1665.000	-0.998	-1.317	0.000	-121.512	-10.213
13927	1665.000	-0.971	-1.136	0.000	-126.927	13.355
13943	1665.000	-1.003	-1.461	0.000	-121.496	-24.633
13959	1665.000	-0.979	-1.345	0.000	-121.496	-12.986
13975	1665.000	-0.983	-1.180	0.000	-132.954	14.986
13991	1665.000	-0.828	-1.456	0.000	-121.502	-24.080
14007	1665.000	-0.887	-0.974	0.009	-126.421	24.648
14023	1665.000	-0.934	-1.104	0.023	-126.702	4.592
14039	1665.000	-1.002	-1.304	0.000	-121.892	-8.512
14055	1665.000	-0.976	-1.331	0.021	-136.746	-6.683
14071	1665.000	-1.033	-1.161	0.000	-138.542	22.407
14087	1665.000	-0.962	-1.317	0.000	-121.758	-9.928
14103	1665.000	-0.966	-1.307	0.000	-130.060	-0.662
14119	1665.000	-0.928	-0.923	0.075	-127.128	-2.452
14135	1665.000	-1.011	-1.341	0.000	-124.566	-9.484
14151	1665.000	-0.935	-1.417	0.000	-134.123	-7.572
14167	1665.000	-0.885	-0.815	0.081	-124.966	2.924
14183	1665.000	-0.949	-0.979	0.000	-122.252	24.307
14199	1665.000	-0.829	-1.185	0.000	-122.130	3.629
14215	1665.000	-0.973	-0.998	0.045	-140.691	18.474
14231	1665.000	-0.945	-0.994	0.000	-121.496	22.129
14247	1665.000	-1.009	-1.392	0.000	-124.014	-15.221
14263	1665.000	-1.023	-0.999	0.053	-146.996	20.727
14279	1665.000	-0.925	-1.238	0.000	-121.496	-2.316
14295	1665.000	-1.102	-1.550	0.000	-134.190	-20.798
14311	1665.000	-0.807	-0.744	0.091	-132.708	12.685
14327	1665.000	-0.835	-0.691	0.081	-130.044	20.458
14343	1665.000	-0.887	-0.605	0.098	-129.921	20.343
14359	1665.000	1.311	3.573	0.000	-135.533	-7.139
14375	1665.000	-0.891	-1.010	0.000	-123.427	22.452
