# NEST version: 3.6.0-post0.dev0
# RecordingBackendASCII version: 2
sender	time_ms	V_m	I_tot	I_exc	I_inh	I_noise
11	1662.000	-0.977	-0.760	0.000	-79.896	3.862
27	1662.000	-0.961	-0.914	0.000	-78.555	-12.869
43	1662.000	-0.996	-0.768	0.000	-80.519	3.731
59	1662.000	-1.051	-1.036	0.000	-81.156	-22.408
75	1662.000	-1.018	-0.925	0.000	-78.555	-13.938
91	1662.000	-1.017	-0.778	0.000	-79.328	1.498
107	1662.000	-1.017	-0.862	0.000	-81.451	-4.751
123	1662.000	-1.000	-1.020	0.000	-79.322	-22.629
139	1662.000	-1.017	-0.954	0.000	-78.668	-16.775
155	1662.000	-1.001	-0.901	0.000	-78.572	-11.533
171	1662.000	-1.031	-0.924	0.000	-79.765	-12.612
187	1662.000	-0.927	-0.690	0.000	-78.580	9.557
203	1662.000	-0.951	-0.572	0.000	-78.555	21.370
219	1662.000	-1.056	-0.828	0.000	-84.118	1.357
235	1662.000	-0.976	-0.838	0.000	-78.563	-5.226
251	1662.000	-0.915	-0.684	0.000	-78.574	10.160
267	1662.000	-0.853	-0.847	0.000	-79.715	-4.995
283	1662.000	-0.986	-0.544	0.000	-78.555	24.203
299	1662.000	-0.964	-0.876	0.000	-78.577	-8.978
315	1662.000	-1.001	-0.797	0.000	-78.577	-1.115
331	1662.000	-0.792	-0.626	0.000	-78.925	16.332
347	1662.000	-0.723	-0.615	0.000	-78.555	17.084
363	1662.000	-0.978	-0.900	0.000	-79.416	-10.582
379	1662.000	-1.001	-0.930	0.000	-82.451	-10.532
395	1662.000	-1.021	-0.800	0.000	-80.180	0.162
411	1662.000	-1.001	-0.712	0.000	-80.219	9.000
427	1662.000	-1.040	-0.663	0.000	-81.770	15.434
443	1662.000	-0.833	-0.698	0.000	-80.655	10.887
459	1662.000	-0.981	-0.609	0.000	-78.555	17.684
475	1662.000	-0.927	-0.605	0.000	-78.555	18.067
491	1662.000	-0.693	-0.627	0.000	-79.396	16.737
507	1662.000	-0.953	-0.783	0.000	-78.563	0.234
523	1662.000	-0.981	-0.892	0.000	-78.583	-10.611
539	1662.000	-0.769	-0.761	0.000	-78.577	2.446
555	1662.000	-0.905	-0.551	0.000	-78.572	23.460
571	1662.000	-0.802	-0.634	0.000	-78.572	15.161
587	1662.000	-0.875	-0.907	0.000	-79.417	-11.295
603	1662.000	-0.950	-0.788	0.000	-78.555	-0.235
619	1662.000	-0.993	-0.717	0.000	-80.088	8.352
1259	1662.000	-0.277	-0.123	0.000	-25.175	12.888
1275	1662.000	-0.319	-0.284	0.000	-25.285	-3.093
1291	1662.000	-0.359	-0.380	0.000	-24.904	-13.054
1307	1662.000	-0.326	-0.297	0.000	-24.738	-5.006
1323	1662.000	-0.322	-0.472	0.000	-24.714	-22.489
1339	1662.000	-0.360	-0.347	0.000	-24.964	-9.765
1355	1662.000	-0.288	-0.060	0.000	-24.572	18.542
1371	1662.000	-0.379	-0.451	0.000	-25.051	-20.057
1387	1662.000	-0.281	-0.141	0.000	-25.463	11.403
1403	1662.000	-0.354	-0.409	0.000	-24.770	-16.129
1419	1662.000	-0.289	-0.168	0.000	-24.561	7.770
1435	1662.000	-0.326	-0.407	0.000	-24.655	-16.037
1451	1662.000	-0.265	-0.387	0.000	-24.766	-13.909
1467	1662.000	-0.278	-0.072	0.000	-24.768	17.609
1483	1662.000	-0.261	-0.116	0.000	-24.816	13.236
1499	1662.000	-0.301	-0.288	0.000	-24.919	-3.881
1515	1662.000	-0.321	-0.434	0.000	-24.644	-18.720
1531	1662.000	-0.243	-0.003	0.000	-24.564	24.256
1547	1662.000	-0.339	-0.432	0.000	-24.652	-18.520
1563	1662.000	-0.298	-0.027	0.000	-25.144	22.424
1579	1662.000	-0.315	-0.267	0.000	-24.735	-1.997
1595	1662.000	-0.253	-0.168	0.000	-24.779	8.006
1611	1662.000	-0.330	-0.474	0.000	-25.824	-21.598
1627	1662.000	-0.268	-0.233	0.000	-25.139	1.877
1643	1662.000	-0.310	-0.410	0.000	-24.786	-16.209
1659	1662.000	-0.304	-0.471	0.000	-24.923	-22.134
1675	1662.000	-0.317	-0.133	0.000	-24.881	11.606
1691	1662.000	-0.340	-0.456	0.000	-25.321	-20.296
1707	1662.000	-0.357	-0.021	0.000	-24.742	22.666
1723	1662.000	-0.376	-0.231	0.000	-24.650	1.550
1739	1662.000	-0.350	-0.340	0.000	-25.082	-8.879
1755	1662.000	-0.292	-0.304	0.000	-24.567	-5.831
1771	1662.000	-0.321	-0.112	0.000	-24.721	13.514
1787	1662.000	-0.275	-0.043	0.000	-24.822	20.557
1803	1662.000	-0.295	-0.037	0.000	-24.563	20.866
1819	1662.000	-0.279	-0.323	0.000	-24.769	-7.504
1835	1662.000	-0.321	-0.163	0.000	-24.922	8.644
1851	1662.000	-0.272	-0.234	0.000	-25.154	1.787
1867	1662.000	-0.350	-0.361	0.000	-25.703	-10.373
2507	1662.000	-0.415	-0.318	0.000	-33.495	1.739
2523	1662.000	-0.441	-0.274	0.000	-33.643	6.289
2539	1662.000	-0.440	-0.150	0.000	-33.165	18.190
2555	1662.000	-0.408	-0.235	0.000	-33.098	9.580
2571	1662.000	-0.440	-0.571	0.000	-33.389	-23.734
2587	1662.000	-0.418	-0.497	0.000	-32.997	-16.749
2603	1662.000	-0.363	-0.230	0.000	-33.675	10.689
2619	1662.000	-0.435	-0.123	0.000	-33.583	21.247
2635	1662.000	-0.379	-0.401	0.000	-32.974	-7.087
2651	1662.000	-0.446	-0.328	0.000	-33.349	0.562
2667	1662.000	-0.401	-0.186	0.000	-33.564	14.946
2683	1662.000	-0.453	-0.538	0.000	-33.384	-20.463
2699	1662.000	-0.423	-0.491	0.000	-33.056	-16.050
2715	1662.000	-0.426	-0.377	0.000	-33.544	-4.178
2731	1662.000	-0.422	-0.273	0.000	-33.219	5.874
2747	1662.000	-0.467	-0.233	0.000	-34.161	10.824
2763	1662.000	-0.429	-0.560	0.000	-33.311	-22.737
2779	1662.000	-0.414	-0.169	0.000	-32.891	16.020
2795	1662.000	-0.399	-0.192	0.000	-33.482	14.282
2811	1662.000	-0.389	-0.156	0.000	-32.978	17.425
2827	1662.000	-0.390	-0.216	0.000	-32.984	11.362
2843	1662.000	-0.457	-0.352	0.000	-33.068	-2.173
2859	1662.000	-0.493	-0.344	0.000	-33.350	-1.042
2875	1662.000	-0.430	-0.534	0.000	-32.891	-20.555
2891	1662.000	-0.417	-0.455	0.000	-33.411	-12.073
2907	1662.000	-0.459	-0.105	0.000	-33.587	23.134
2923	1662.000	-0.425	-0.265	0.000	-32.945	6.423
2939	1662.000	-0.456	-0.098	0.000	-33.568	23.804
2955	1662.000	-0.446	-0.236	0.000	-33.085	9.459
2971	1662.000	-0.380	-0.119	0.000	-32.984	21.073
2987	1662.000	-0.406	-0.255	0.000	-34.172	8.668
3003	1662.000	-0.442	-0.367	0.000	-33.232	-3.456
3019	1662.000	-0.378	-0.088	0.000	-33.131	24.344
3035	1662.000	-0.385	-0.301	0.000	-33.622	3.551
3051	1662.000	-0.430	-0.439	0.000	-32.938	-10.958
3067	1662.000	-0.411	-0.294	0.000	-33.167	3.812
3083	1662.000	-0.480	-0.421	0.000	-33.419	-8.660
3099	1662.000	-0.397	-0.085	0.000	-33.222	24.687
3115	1662.000	-0.435	-0.425	0.000	-33.655	-8.893
3755	1662.000	-0.398	-0.314	0.000	-32.546	1.182
3771	1662.000	-0.430	-0.279	0.000	-32.677	4.732
3787	1662.000	-0.376	-0.077	0.000	-32.717	24.984
3803	1662.000	-0.390	-0.182	0.000	-33.163	14.971
3819	1662.000	-0.386	-0.097	0.000	-33.143	23.417
3835	1662.000	-0.419	-0.263	0.000	-32.753	6.478
3851	1662.000	-0.420	-0.393	0.000	-32.939	-6.404
3867	1662.000	-0.407	-0.418	0.000	-33.070	-8.735
3883	1662.000	-0.370	-0.307	0.000	-32.865	2.140
3899	1662.000	-0.432	-0.430	0.000	-32.657	-10.314
3915	1662.000	-0.430	-0.247	0.000	-33.571	8.867
3931	1662.000	-0.353	-0.142	0.000	-33.088	18.879
3947	1662.000	-0.374	-0.120	0.000	-32.734	20.771
3963	1662.000	-0.418	-0.167	0.000	-33.415	16.699
3979	1662.000	-0.465	-0.402	0.000	-32.910	-7.311
3995	1662.000	-0.453	-0.274	0.000	-33.820	6.436
4011	1662.000	-0.410	-0.395	0.000	-33.022	-6.483
4027	1662.000	-0.386	-0.223	0.000	-32.747	10.479
4043	1662.000	-0.423	-0.236	0.000	-32.886	9.324
4059	1662.000	-0.406	-0.258	0.000	-32.753	6.935
4075	1662.000	-0.378	-0.289	0.000	-32.764	3.852
4091	1662.000	-0.433	-0.527	0.000	-32.782	-19.905
4107	1662.000	-0.437	-0.129	0.000	-32.796	19.860
4123	1662.000	-0.383	-0.291	0.000	-33.589	4.487
4139	1662.000	-0.393	-0.258	0.000	-32.804	7.013
4155	1662.000	-0.403	-0.100	0.000	-32.838	22.844
4171	1662.000	-0.386	-0.450	0.000	-32.955	-12.028
4187	1662.000	-0.408	-0.383	0.000	-32.564	-5.692
4203	1662.000	-0.456	-0.420	0.000	-33.001	-8.949
4219	1662.000	-0.454	-0.481	0.000	-32.561	-15.499
4235	1662.000	-0.428	-0.323	0.000	-32.468	0.205
4251	1662.000	-0.401	-0.337	0.000	-32.815	-0.899
4267	1662.000	-0.386	-0.397	0.000	-32.544	-7.139
4283	1662.000	-0.456	-0.323	0.000	-32.554	0.256
4299	1662.000	-0.453	-0.388	0.000	-33.261	-5.573
4315	1662.000	-0.380	-0.392	0.000	-32.580	-6.573
4331	1662.000	-0.428	-0.337	0.000	-32.553	-1.120
4347	1662.000	-0.427	-0.536	0.000	-32.700	-20.925
4363	1662.000	-0.434	-0.453	0.000	-32.819	-12.433
4379	1662.000	-0.372	-0.500	0.000	-32.459	-17.569
5019	1662.000	-0.277	-0.101	0.000	-23.823	13.749
5035	1662.000	-0.251	0.004	0.000	-23.479	23.885
5051	1662.000	-0.241	-0.150	0.000	-23.432	8.479
5067	1662.000	-0.323	-0.340	0.000	-23.700	-10.312
5083	1662.000	-0.328	-0.277	0.000	-23.785	-3.926
5099	1662.000	-0.294	-0.291	0.000	-23.471	-5.594
5115	1662.000	-0.296	-0.227	0.000	-23.765	1.103
5131	1662.000	-0.327	-0.316	0.000	-23.708	-7.855
5147	1662.000	-0.279	-0.040	0.000	-23.613	19.590
5163	1662.000	-0.318	-0.407	0.000	-24.168	-16.509
5179	1662.000	-0.267	-0.176	0.000	-23.700	6.107
5195	1662.000	-0.312	-0.037	0.000	-23.620	19.904
5211	1662.000	-0.281	-0.207	0.000	-24.602	3.904
5227	1662.000	-0.263	-0.077	0.000	-23.659	15.914
5243	1662.000	-0.272	-0.103	0.000	-23.588	13.269
5259	1662.000	-0.327	-0.171	0.000	-23.894	6.799
5275	1662.000	-0.333	-0.452	0.000	-23.827	-21.363
5291	1662.000	-0.321	-0.057	0.000	-24.199	18.507
5307	1662.000	-0.259	-0.403	0.000	-23.695	-16.596
5323	1662.000	-0.275	-0.329	0.000	-23.794	-9.141
5339	1662.000	-0.301	-0.318	0.000	-23.470	-8.363
5355	1662.000	-0.296	-0.112	0.000	-24.249	13.073
5371	1662.000	-0.300	-0.162	0.000	-23.745	7.512
5387	1662.000	-0.239	-0.029	0.000	-23.528	20.616
5403	1662.000	-0.303	-0.050	0.000	-24.646	19.597
5419	1662.000	-0.273	-0.450	0.000	-23.666	-21.311
5435	1662.000	-0.322	-0.290	0.000	-23.430	-5.553
5451	1662.000	-0.291	-0.112	0.000	-23.937	12.755
5467	1662.000	-0.301	-0.409	0.000	-23.429	-17.518
5483	1662.000	-0.297	-0.294	0.000	-23.425	-5.937
5499	1662.000	-0.286	-0.285	0.000	-23.736	-4.770
5515	1662.000	-0.267	-0.230	0.000	-23.521	0.565
5531	1662.000	-0.263	-0.264	0.000	-23.628	-2.729
5547	1662.000	-0.300	-0.189	0.000	-23.643	4.742
5563	1662.000	-0.213	-0.132	0.000	-23.427	10.218
5579	1662.000	-0.263	-0.330	0.000	-23.759	-9.229
5595	1662.000	-0.317	-0.349	0.000	-23.757	-11.168
5611	1662.000	-0.301	-0.228	0.000	-23.434	0.649
5627	1662.000	-0.263	-0.209	0.000	-23.430	2.560
6267	1662.000	-1.010	-0.893	0.000	-82.178	-7.163
6283	1662.000	-1.002	-0.796	0.000	-81.334	1.707
6299	1662.000	-1.015	-0.661	0.000	-81.316	15.245
6315	1662.000	-1.071	-1.027	0.000	-81.326	-21.335
6331	1662.000	-0.986	-0.665	0.000	-81.338	14.838
6347	1662.000	-1.022	-1.026	0.000	-81.317	-21.257
6363	1662.000	-0.951	-0.700	0.000	-81.317	11.334
6379	1662.000	-1.092	-0.825	0.000	-82.078	-0.376
6395	1662.000	-1.059	-0.777	0.000	-84.565	6.816
6411	1662.000	-1.015	-0.626	0.000	-82.264	19.689
6427	1662.000	-1.059	-1.044	0.000	-81.336	-23.051
6443	1662.000	-1.043	-0.620	0.000	-84.382	22.404
6459	1662.000	-1.054	-0.970	0.000	-84.156	-12.868
6475	1662.000	-1.022	-0.792	0.000	-81.317	2.107
6491	1662.000	-1.061	-1.032	0.000	-83.075	-20.076
6507	1662.000	-1.026	-0.590	0.000	-82.238	23.191
6523	1662.000	-1.032	-0.798	0.000	-82.850	3.088
6539	1662.000	-0.716	-0.624	0.000	-81.316	18.950
6555	1662.000	-1.011	-0.868	0.000	-81.377	-5.381
6571	1662.000	-1.092	-1.076	0.000	-83.415	-24.146
6587	1662.000	-0.975	-0.955	0.000	-81.318	-14.189
6603	1662.000	-1.057	-0.942	0.000	-81.721	-12.465
6619	1662.000	-1.048	-1.037	0.000	-81.377	-22.285
6635	1662.000	-1.024	-0.776	0.000	-82.092	4.505
6651	1662.000	-1.018	-0.924	0.000	-82.471	-9.894
6667	1662.000	-1.033	-0.972	0.000	-81.695	-15.475
6683	1662.000	-1.023	-0.681	0.000	-83.446	15.376
6699	1662.000	-1.007	-0.565	0.000	-81.331	24.852
6715	1662.000	-0.835	-0.583	0.000	-81.333	23.075
6731	1662.000	-1.038	-0.796	0.000	-82.224	2.618
6747	1662.000	-0.999	-0.622	0.000	-81.317	19.082
6763	1662.000	-1.027	-0.903	0.000	-81.317	-9.006
6779	1662.000	-1.102	-0.781	0.000	-84.648	6.514
6795	1662.000	-0.966	-0.634	0.000	-81.725	18.300
6811	1662.000	-0.614	-0.847	0.000	-81.317	-3.392
6827	1662.000	-1.020	-0.841	0.000	-82.299	-1.787
6843	1662.000	-1.041	-0.617	0.000	-84.290	22.600
6859	1662.000	-1.022	-0.916	0.000	-81.318	-10.257
6875	1662.000	-1.049	-0.936	0.000	-82.952	-10.687
7515	1662.000	-1.025	-0.968	0.000	-79.328	-17.503
7531	1662.000	-0.953	-0.687	0.000	-78.436	9.750
7547	1662.000	-0.993	-0.685	0.000	-78.456	9.970
7563	1662.000	-0.998	-0.624	0.000	-80.573	18.140
7579	1662.000	-0.986	-0.858	0.000	-78.436	-7.330
7595	1662.000	-0.980	-0.669	0.000	-79.453	12.579
7611	1662.000	-1.014	-0.828	0.000	-79.558	-3.206
7627	1662.000	-0.962	-0.927	0.000	-79.120	-13.561
7643	1662.000	-0.967	-0.684	0.000	-79.451	11.065
7659	1662.000	-1.008	-0.804	0.000	-78.436	-1.959
7675	1662.000	-0.964	-0.823	0.000	-78.472	-3.787
7691	1662.000	-1.046	-0.825	0.000	-80.503	-2.006
7707	1662.000	-0.978	-0.934	0.000	-78.436	-14.920
7723	1662.000	-0.949	-0.722	0.000	-78.472	6.240
7739	1662.000	-1.022	-0.736	0.000	-82.710	9.147
7755	1662.000	-1.011	-1.042	0.000	-79.252	-24.900
7771	1662.000	-1.012	-0.853	0.000	-78.478	-6.845
7787	1662.000	-1.011	-0.875	0.000	-78.795	-8.737
7803	1662.000	-1.045	-0.744	0.000	-81.276	6.901
7819	1662.000	-0.934	-0.886	0.000	-79.052	-9.516
7835	1662.000	-0.999	-0.591	0.000	-80.504	21.427
7851	1662.000	-0.979	-0.694	0.000	-78.436	9.024
7867	1662.000	-0.988	-0.981	0.000	-78.454	-19.617
7883	1662.000	-0.957	-0.777	0.000	-79.418	1.749
7899	1662.000	-0.662	-0.772	0.000	-80.208	2.983
7915	1662.000	-0.987	-0.983	0.000	-78.436	-19.820
7931	1662.000	-1.041	-1.015	0.000	-78.436	-23.025
7947	1662.000	-0.926	-0.834	0.000	-78.751	-4.642
7963	1662.000	-0.931	-0.808	0.000	-79.213	-1.613
7979	1662.000	-1.009	-0.577	0.000	-78.457	20.786
7995	1662.000	-0.956	-0.593	0.000	-78.436	19.095
8011	1662.000	-1.055	-0.815	0.000	-78.444	-3.008
8027	1662.000	-0.963	-0.688	0.000	-78.489	9.721
8043	1662.000	-1.026	-0.573	0.000	-80.650	23.341
8059	1662.000	-0.960	-0.558	0.000	-78.436	22.620
8075	1662.000	-0.955	-0.854	0.000	-79.193	-6.181
8091	1662.000	-0.751	-0.924	0.000	-82.073	-10.334
8107	1662.000	-0.497	4.130	1.000	-78.436	-8.568
8123	1662.000	-1.026	-0.935	0.000	-80.477	-12.995
8763	1662.000	-0.390	-0.303	0.000	-27.265	-2.998
8779	1662.000	-0.302	-0.310	0.000	-27.282	-3.748
8795	1662.000	-0.352	-0.452	0.000	-27.173	-18.037
8811	1662.000	-0.317	-0.164	0.000	-27.339	10.911
8827	1662.000	-0.295	-0.081	0.000	-27.258	19.191
8843	1662.000	-0.281	-0.137	0.000	-27.384	13.733
8859	1662.000	-0.362	-0.120	0.000	-27.747	15.713
8875	1662.000	-0.310	-0.333	0.000	-27.254	-6.090
8891	1662.000	-0.307	-0.386	0.000	-27.818	-10.825
8907	1662.000	-0.371	-0.302	0.000	-27.677	-2.553
8923	1662.000	-0.356	-0.525	0.000	-27.915	-24.610
8939	1662.000	-0.306	-0.210	0.000	-27.443	6.404
8955	1662.000	-0.335	-0.370	0.000	-27.560	-9.411
8971	1662.000	-0.399	-0.446	0.000	-28.271	-16.292
8987	1662.000	-0.298	-0.393	0.000	-27.287	-11.968
9003	1662.000	-0.365	-0.512	0.000	-27.481	-23.724
9019	1662.000	-0.358	-0.382	0.000	-27.729	-10.484
9035	1662.000	-0.319	-0.191	0.000	-27.180	8.056
9051	1662.000	-0.345	-0.132	0.000	-27.595	14.393
9067	1662.000	-0.356	-0.372	0.000	-27.888	-9.262
9083	1662.000	-0.368	-0.214	0.000	-27.513	6.071
9099	1662.000	-0.413	-0.145	0.000	-28.077	13.567
9115	1662.000	-0.341	-0.222	0.000	-27.366	5.127
9131	1662.000	-0.355	-0.364	0.000	-27.179	-9.195
9147	1662.000	-0.382	-0.307	0.000	-28.353	-2.334
9163	1662.000	-0.297	-0.106	0.000	-27.173	16.536
9179	1662.000	-0.315	-0.150	0.000	-27.175	12.215
9195	1662.000	-0.346	-0.483	0.000	-27.888	-20.406
9211	1662.000	-0.292	-0.275	0.000	-27.262	-0.248
9227	1662.000	-0.350	-0.332	0.000	-27.358	-5.810
9243	1662.000	-0.266	-0.328	0.000	-27.637	-5.191
9259	1662.000	-0.332	-0.169	0.000	-27.287	10.434
9275	1662.000	-0.389	-0.503	0.000	-27.441	-22.867
9291	1662.000	-0.381	-0.380	0.000	-27.779	-10.223
9307	1662.000	-0.373	-0.138	0.000	-27.464	13.692
9323	1662.000	-0.375	-0.437	0.000	-27.343	-16.381
9339	1662.000	-0.399	-0.482	0.000	-27.377	-20.845
9355	1662.000	-0.339	-0.099	0.000	-27.258	17.382
9371	1662.000	-0.399	-0.251	0.000	-27.343	2.285
10027	1662.000	-0.459	-0.535	0.000	-32.747	-20.755
10043	1662.000	-0.370	-0.107	0.000	-32.786	22.096
10059	1662.000	-0.421	-0.268	0.000	-32.638	5.835
10075	1662.000	-0.360	-0.514	0.000	-32.755	-18.618
10091	1662.000	-0.433	-0.375	0.000	-33.024	-4.429
10107	1662.000	-0.449	-0.552	0.000	-32.789	-22.406
10123	1662.000	-0.420	-0.552	0.000	-33.158	-22.058
10139	1662.000	-0.403	-0.290	0.000	-32.951	3.938
10155	1662.000	-0.426	-0.332	0.000	-32.639	-0.514
10171	1662.000	-0.418	-0.221	0.000	-33.647	11.529
10187	1662.000	-0.401	-0.380	0.000	-32.598	-5.402
10203	1662.000	-0.441	-0.488	0.000	-33.188	-15.596
10219	1662.000	-0.424	-0.241	0.000	-32.818	8.753
10235	1662.000	-0.376	-0.431	0.000	-32.554	-10.499
10251	1662.000	-0.375	-0.100	0.000	-33.361	23.389
10267	1662.000	-0.386	-0.085	0.000	-32.637	24.167
10283	1662.000	-0.427	-0.463	0.000	-32.846	-13.450
10299	1662.000	-0.407	-0.319	0.000	-32.967	1.078
10315	1662.000	-0.361	-0.398	0.000	-32.742	-7.084
10331	1662.000	-0.387	-0.430	0.000	-33.548	-9.473
10347	1662.000	-0.425	-0.269	0.000	-32.921	6.033
10363	1662.000	-0.384	-0.084	0.000	-32.780	24.363
10379	1662.000	-0.439	-0.535	0.000	-33.169	-20.324
10395	1662.000	-0.420	-0.323	0.000	-33.209	0.937
10411	1662.000	-0.440	-0.406	0.000	-33.210	-7.344
10427	1662.000	-0.448	-0.443	0.000	-33.312	-10.990
10443	1662.000	-0.389	-0.399	0.000	-33.273	-6.616
10459	1662.000	-0.462	-0.354	0.000	-33.315	-2.054
10475	1662.000	-0.374	-0.080	0.000	-32.646	24.691
10491	1662.000	-0.430	-0.276	0.000	-32.768	5.168
10507	1662.000	-0.416	-0.423	0.000	-33.028	-9.274
10523	1662.000	-0.400	-0.126	0.000	-32.813	20.234
10539	1662.000	-0.418	-0.225	0.000	-32.855	10.382
10555	1662.000	-0.392	-0.279	0.000	-32.940	5.064
10571	1662.000	-0.375	-0.116	0.000	-33.412	21.764
10587	1662.000	-0.411	-0.086	0.000	-32.858	24.257
10603	1662.000	-0.402	-0.192	0.000	-32.987	13.741
10619	1662.000	-0.394	-0.419	0.000	-32.555	-9.358
10635	1662.000	-0.377	-0.083	0.000	-32.567	24.271
11275	1662.000	-0.431	-0.554	0.000	-32.394	-22.981
11291	1662.000	-0.336	-0.226	0.000	-32.162	9.587
11307	1662.000	-0.380	-0.192	0.000	-31.898	12.738
11323	1662.000	-0.414	-0.293	0.000	-32.728	3.436
11339	1662.000	-0.325	-0.151	0.000	-31.864	16.762
11355	1662.000	-0.402	-0.515	0.000	-31.817	-19.643
11371	1662.000	-0.433	-0.460	0.000	-32.796	-13.219
11387	1662.000	-0.361	-0.263	0.000	-31.817	5.548
11403	1662.000	-0.428	-0.422	0.000	-32.265	-9.920
11419	1662.000	-0.381	-0.274	0.000	-32.093	4.743
11435	1662.000	-0.382	-0.212	0.000	-31.987	10.805
11451	1662.000	-0.402	-0.386	0.000	-31.983	-6.585
11467	1662.000	-0.405	-0.516	0.000	-31.936	-19.660
11483	1662.000	-0.372	-0.429	0.000	-32.225	-10.642
11499	1662.000	-0.405	-0.118	0.000	-32.068	20.282
11515	1662.000	-0.383	-0.181	0.000	-32.059	13.978
11531	1662.000	-0.439	-0.529	0.000	-32.309	-20.587
11547	1662.000	-0.386	-0.285	0.000	-32.941	4.437
11563	1662.000	-0.421	-0.429	0.000	-31.910	-10.954
11579	1662.000	-0.371	-0.188	0.000	-31.952	13.154
11595	1662.000	-0.408	-0.555	0.000	-32.414	-23.072
11611	1662.000	-0.341	-0.202	0.000	-31.906	11.754
11627	1662.000	-0.453	-0.486	0.000	-32.690	-15.911
11643	1662.000	-0.445	-0.465	0.000	-31.924	-14.617
11659	1662.000	-0.409	-0.308	0.000	-32.042	1.253
11675	1662.000	-0.410	-0.283	0.000	-33.184	4.924
11691	1662.000	-0.354	-0.184	0.000	-31.929	13.490
11707	1662.000	-0.414	-0.104	0.000	-32.251	21.870
11723	1662.000	-0.440	-0.133	0.000	-31.990	18.729
11739	1662.000	-0.377	-0.174	0.000	-31.826	14.437
11755	1662.000	-0.448	-0.466	0.000	-31.954	-14.643
11771	1662.000	-0.400	-0.420	0.000	-32.005	-9.954
11787	1662.000	-0.406	-0.120	0.000	-31.909	19.874
11803	1662.000	-0.425	-0.529	0.000	-32.083	-20.856
11819	1662.000	-0.403	-0.552	0.000	-32.382	-22.815
11835	1662.000	-0.425	-0.453	0.000	-31.838	-13.446
11851	1662.000	-0.351	-0.178	0.000	-32.258	14.430
11867	1662.000	-0.357	-0.305	0.000	-32.211	1.716
11883	1662.000	-0.375	-0.154	0.000	-31.819	16.425
12523	1662.000	-0.284	-0.313	0.000	-25.919	-5.353
12539	1662.000	-0.354	-0.301	0.000	-25.882	-4.252
12555	1662.000	-0.307	-0.211	0.000	-25.798	4.703
12571	1662.000	-0.374	-0.294	0.000	-26.272	-3.166
12587	1662.000	-0.328	-0.283	0.000	-26.251	-2.049
12603	1662.000	-0.286	-0.039	0.000	-26.182	22.239
12619	1662.000	-0.289	-0.510	0.000	-26.291	-24.686
12635	1662.000	-0.293	-0.089	0.000	-25.702	16.812
12651	1662.000	-0.314	-0.207	0.000	-25.721	5.026
12667	1662.000	-0.330	-0.167	0.000	-25.549	8.850
12683	1662.000	-0.282	-0.010	0.000	-25.548	24.581
12699	1662.000	-0.319	-0.025	0.000	-25.874	23.356
12715	1662.000	-0.330	-0.401	0.000	-25.540	-14.601
12731	1662.000	-0.285	-0.280	0.000	-25.548	-2.442
12747	1662.000	-0.339	-0.218	0.000	-25.629	3.851
12763	1662.000	-0.313	-0.206	0.000	-26.034	5.417
12779	1662.000	-0.335	-0.207	0.000	-25.540	4.868
12795	1662.000	-0.303	-0.355	0.000	-25.540	-9.922
12811	1662.000	-0.309	-0.088	0.000	-26.465	17.713
12827	1662.000	-0.261	-0.185	0.000	-25.546	7.050
12843	1662.000	-0.317	-0.305	0.000	-25.544	-4.979
12859	1662.000	-0.363	-0.404	0.000	-25.873	-14.492
12875	1662.000	-0.341	-0.082	0.000	-25.603	17.360
12891	1662.000	-0.318	-0.364	0.000	-25.869	-10.563
12907	1662.000	-0.296	-0.371	0.000	-25.980	-11.124
12923	1662.000	-0.345	-0.261	0.000	-26.126	-0.010
12939	1662.000	-0.405	-0.422	0.000	-26.390	-15.846
12955	1662.000	-0.313	-0.071	0.000	-25.728	18.645
12971	1662.000	-0.355	-0.420	0.000	-25.754	-16.230
12987	1662.000	-0.392	-0.454	0.000	-25.716	-19.669
13003	1662.000	-0.346	-0.429	0.000	-26.634	-16.278
13019	1662.000	-0.357	-0.367	0.000	-25.910	-10.836
13035	1662.000	-0.296	-0.275	0.000	-25.553	-1.993
13051	1662.000	-0.362	-0.139	0.000	-26.055	12.157
13067	1662.000	-0.328	-0.188	0.000	-26.091	7.291
13083	1662.000	-0.344	-0.438	0.000	-25.627	-18.184
13099	1662.000	-0.309	-0.218	0.000	-26.052	4.259
13115	1662.000	-0.286	-0.083	0.000	-25.705	17.403
13131	1662.000	-0.324	-0.305	0.000	-25.839	-4.707
13771	1662.000	-1.046	-0.640	0.000	-84.118	20.118
13787	1662.000	-0.915	-0.671	0.000	-80.580	13.503
13803	1662.000	-1.040	-0.910	0.000	-81.375	-9.635
13819	1662.000	-1.011	-0.827	0.000	-81.225	-1.514
13835	1662.000	-1.017	-0.951	0.000	-80.613	-14.469
13851	1662.000	-0.836	-0.617	0.000	-82.705	21.048
13867	1662.000	-1.010	-0.668	0.000	-82.350	15.563
13883	1662.000	-1.018	-1.040	0.000	-80.561	-23.393
13899	1662.000	-0.986	-0.561	0.000	-80.561	24.475
13915	1662.000	-0.978	-0.565	0.000	-80.578	24.124
13931	1662.000	-1.039	-0.794	0.000	-84.403	4.976
13947	1662.000	-0.982	-0.896	0.000	-80.561	-9.027
13963	1662.000	-0.952	-0.705	0.000	-82.951	12.447
13979	1662.000	-1.054	-0.716	0.000	-85.195	13.575
13995	1662.000	-1.038	-0.989	0.000	-82.370	-16.507
14011	1662.000	-1.060	-0.794	0.000	-82.929	3.485
14027	1662.000	-1.052	-0.848	0.000	-82.003	-2.781
14043	1662.000	-0.987	-0.592	0.000	-82.422	23.189
14059	1662.000	-0.961	-0.633	0.000	-80.570	17.283
14075	1662.000	-1.021	-0.900	0.000	-80.597	-9.371
14091	1662.000	-1.035	-0.855	0.000	-80.578	-4.936
14107	1662.000	-1.057	-1.024	0.000	-80.583	-21.819
14123	1662.000	-0.990	-0.602	0.000	-80.608	20.410
14139	1662.000	-1.015	-0.896	0.000	-80.921	-8.668
14155	1662.000	-0.961	-0.618	0.000	-80.583	18.742
14171	1662.000	-1.018	-0.837	0.000	-81.351	-2.382
14187	1662.000	-1.003	-0.832	0.000	-81.947	-1.224
14203	1662.000	-0.990	-0.858	0.000	-80.561	-5.266
14219	1662.000	-1.012	-1.045	0.000	-80.629	-23.895
14235	1662.000	-1.016	-0.989	0.000	-82.223	-16.678
14251	1662.000	-0.970	-1.036	0.000	-80.561	-23.036
14267	1662.000	-1.041	-0.898	0.000	-80.650	-9.160
14283	1662.000	-0.970	-0.665	0.000	-80.561	14.024
14299	1662.000	-1.058	-0.744	0.000	-83.458	9.039
14315	1662.000	-1.011	-0.896	0.000	-80.590	-9.048
14331	1662.000	-0.976	-0.602	0.000	-80.597	20.420
14347	1662.000	-1.047	-1.067	0.000	-82.604	-24.114
14363	1662.000	-0.943	-0.624	0.000	-80.561	18.162
14379	1662.000	-1.015	-0.893	0.000	-80.597	-8.743
11	1663.000	-0.945	-0.680	0.000	-76.562	8.595
27	1663.000	-0.952	-0.826	0.000	-75.349	-7.236
43	1663.000	-0.942	-0.664	0.000	-77.127	10.723
59	1663.000	-1.020	-0.839	0.000	-77.703	-6.174
75	1663.000	-0.990	-0.998	0.000	-75.349	-24.414
91	1663.000	-0.940	-0.637	0.000	-76.048	12.351
107	1663.000	-0.974	-0.671	0.000	-77.969	10.856
123	1663.000	-0.947	-0.694	0.000	-76.043	6.619
139	1663.000	-1.009	-1.002	0.000	-75.452	-24.737
155	1663.000	-0.922	-0.566	0.000	-75.365	18.793
171	1663.000	-0.976	-0.574	0.000	-76.444	19.046
187	1663.000	-0.880	-0.514	0.000	-75.372	23.938
203	1663.000	-0.906	-0.799	0.000	-75.349	-4.579
219	1663.000	-0.994	-0.825	0.000	-80.383	-2.099
235	1663.000	-0.945	-0.855	0.000	-75.357	-10.193
251	1663.000	-0.878	-0.791	0.000	-75.367	-3.731
267	1663.000	0.063	4.157	0.000	-76.399	-7.896
283	1663.000	-0.946	-0.874	0.000	-75.349	-12.056
299	1663.000	-0.903	-0.722	0.000	-75.369	3.146
315	1663.000	-0.975	-0.739	0.000	-75.369	1.442
331	1663.000	-0.803	-0.996	0.000	-75.684	-23.937
347	1663.000	-0.743	-0.793	0.000	-75.349	-3.923
363	1663.000	-0.940	-0.568	0.000	-76.128	19.332
379	1663.000	-0.961	-0.882	0.000	-78.874	-9.297
395	1663.000	-0.978	-0.820	0.000	-76.820	-5.149
411	1663.000	-0.951	-0.747	0.000	-76.855	2.149
427	1663.000	-1.009	-0.837	0.000	-78.258	-5.479
443	1663.000	-0.832	-0.758	0.000	-77.249	1.425
459	1663.000	-0.933	-0.545	0.000	-75.349	20.800
475	1663.000	-0.887	-0.685	0.000	-75.349	6.843
491	1663.000	0.183	4.116	0.000	-76.110	-12.285
507	1663.000	-0.903	-0.740	0.000	-75.357	1.329
523	1663.000	-0.953	-0.924	0.000	-75.375	-17.007
539	1663.000	-0.730	-0.549	0.000	-75.369	20.504
555	1663.000	-0.887	-0.853	0.000	-75.365	-9.889
571	1663.000	-0.766	-0.542	0.000	-75.365	21.152
587	1663.000	-0.857	-0.971	0.000	-76.129	-20.972
603	1663.000	-0.920	-0.996	0.000	-75.349	-24.256
619	1663.000	-0.934	-0.620	0.000	-76.736	14.716
1259	1663.000	-0.252	-0.159	0.000	-24.114	8.263
1275	1663.000	-0.295	-0.055	0.000	-24.214	18.745
1291	1663.000	-0.322	-0.254	0.000	-23.869	-1.543
1307	1663.000	-0.346	-0.395	0.000	-23.719	-15.812
1323	1663.000	-0.268	0.001	0.000	-23.697	23.832
1339	1663.000	-0.338	-0.012	0.000	-23.924	22.696
1355	1663.000	-0.255	-0.050	0.000	-23.569	18.611
1371	1663.000	-0.343	-0.335	0.000	-24.002	-9.449
1387	1663.000	-0.281	-0.475	0.000	-24.374	-23.114
1403	1663.000	-0.352	-0.462	0.000	-23.748	-22.460
1419	1663.000	-0.286	-0.263	0.000	-23.559	-2.729
1435	1663.000	-0.300	-0.069	0.000	-23.643	16.790
1451	1663.000	-0.262	-0.427	0.000	-23.744	-18.915
1467	1663.000	-0.276	-0.203	0.000	-23.746	3.442
1483	1663.000	-0.251	-0.092	0.000	-23.789	14.577
1499	1663.000	-0.305	-0.265	0.000	-23.883	-2.573
1515	1663.000	-0.326	-0.431	0.000	-23.634	-19.470
1531	1663.000	-0.279	-0.426	0.000	-23.561	-19.082
1547	1663.000	-0.330	-0.188	0.000	-23.641	4.845
1563	1663.000	-0.311	-0.436	0.000	-24.086	-19.515
1579	1663.000	-0.318	-0.478	0.000	-23.716	-24.039
1595	1663.000	-0.277	-0.443	0.000	-23.756	-20.542
1611	1663.000	-0.337	-0.355	0.000	-24.701	-10.812
1627	1663.000	-0.268	-0.237	0.000	-24.082	0.351
1643	1663.000	-0.264	-0.108	0.000	-23.762	12.935
1659	1663.000	-0.285	-0.144	0.000	-23.886	9.467
1675	1663.000	-0.265	-0.025	0.000	-23.849	21.345
1691	1663.000	-0.348	-0.305	0.000	-24.247	-6.296
1707	1663.000	-0.317	-0.010	0.000	-23.722	22.744
1723	1663.000	-0.319	0.010	0.000	-23.639	24.600
1739	1663.000	-0.318	-0.025	0.000	-24.030	21.530
1755	1663.000	-0.250	-0.066	0.000	-23.564	16.929
1771	1663.000	-0.320	-0.244	0.000	-23.703	-0.745
1787	1663.000	-0.271	-0.038	0.000	-23.795	19.998
1803	1663.000	-0.267	-0.022	0.000	-23.561	21.387
1819	1663.000	-0.261	-0.021	0.000	-23.747	21.655
1835	1663.000	-0.317	-0.342	0.000	-23.885	-10.361
1851	1663.000	-0.273	-0.383	0.000	-24.096	-14.172
1867	1663.000	-0.356	-0.418	0.000	-24.592	-17.205
2507	1663.000	-0.378	-0.289	0.000	-32.095	3.241
2523	1663.000	-0.453	-0.483	0.000	-32.229	-16.036
2539	1663.000	-0.415	-0.092	0.000	-31.797	22.612
2555	1663.000	-0.383	-0.314	0.000	-31.736	0.323
2571	1663.000	-0.408	-0.285	0.000	-31.999	3.533
2587	1663.000	-0.379	-0.235	0.000	-31.645	8.111
2603	1663.000	-0.361	-0.433	0.000	-32.258	-11.078
2619	1663.000	-0.404	-0.080	0.000	-32.175	24.187
2635	1663.000	-0.386	-0.425	0.000	-31.624	-10.889
2651	1663.000	-0.426	-0.269	0.000	-31.963	5.015
2667	1663.000	-0.397	-0.225	0.000	-32.158	9.674
2683	1663.000	-0.462	-0.525	0.000	-31.995	-20.554
2699	1663.000	-0.437	-0.528	0.000	-31.698	-21.098
2715	1663.000	-0.391	-0.200	0.000	-32.139	12.094
2731	1663.000	-0.429	-0.399	0.000	-31.846	-8.037
2747	1663.000	-0.459	-0.396	0.000	-32.697	-6.918
2763	1663.000	-0.435	-0.569	0.000	-31.929	-24.968
2779	1663.000	-0.413	-0.456	0.000	-31.549	-14.100
2795	1663.000	-0.375	-0.213	0.000	-32.084	10.742
2811	1663.000	-0.362	-0.296	0.000	-31.627	2.060
2827	1663.000	-0.355	-0.296	0.000	-31.633	2.062
2843	1663.000	-0.430	-0.233	0.000	-31.709	8.390
2859	1663.000	-0.442	-0.306	0.000	-31.964	1.330
2875	1663.000	-0.383	-0.210	0.000	-31.548	10.561
2891	1663.000	-0.413	-0.542	0.000	-32.019	-22.159
2907	1663.000	-0.456	-0.355	0.000	-32.178	-3.312
2923	1663.000	-0.380	-0.079	0.000	-31.597	23.678
2939	1663.000	-0.407	-0.134	0.000	-32.161	18.808
2955	1663.000	-0.420	-0.339	0.000	-31.725	-2.160
2971	1663.000	-0.407	-0.495	0.000	-31.633	-17.833
2987	1663.000	-0.379	-0.101	0.000	-32.708	22.566
3003	1663.000	-0.403	-0.319	0.000	-31.857	-0.018
3019	1663.000	-0.365	-0.192	0.000	-31.766	12.585
3035	1663.000	-0.396	-0.395	0.000	-32.210	-7.278
3051	1663.000	-0.381	-0.224	0.000	-31.591	9.158
3067	1663.000	-0.381	-0.315	0.000	-31.798	0.295
3083	1663.000	-0.442	-0.110	0.000	-32.026	21.059
3099	1663.000	-0.371	-0.188	0.000	-31.848	13.098
3115	1663.000	-0.411	-0.312	0.000	-32.240	1.017
3755	1663.000	-0.365	-0.171	0.000	-31.213	14.105
3771	1663.000	-0.428	-0.370	0.000	-31.332	-5.653
3787	1663.000	-0.389	-0.377	0.000	-31.368	-6.308
3803	1663.000	-0.382	-0.318	0.000	-31.771	0.000
3819	1663.000	-0.373	-0.401	0.000	-31.753	-8.363
3835	1663.000	-0.424	-0.523	0.000	-31.400	-20.867
3851	1663.000	-0.367	-0.111	0.000	-31.569	20.471
3867	1663.000	-0.408	-0.343	0.000	-31.687	-2.602
3883	1663.000	-0.364	-0.465	0.000	-31.502	-14.949
3899	1663.000	-0.394	-0.195	0.000	-31.313	11.829
3915	1663.000	-0.375	-0.146	0.000	-32.141	17.573
3931	1663.000	-0.356	-0.403	0.000	-31.704	-8.603
3947	1663.000	-0.338	-0.107	0.000	-31.383	20.664
3963	1663.000	-0.392	-0.287	0.000	-31.999	3.337
3979	1663.000	-0.452	-0.322	0.000	-31.543	-0.700
3995	1663.000	-0.453	-0.387	0.000	-32.366	-6.349
4011	1663.000	-0.401	-0.192	0.000	-31.644	12.479
4027	1663.000	-0.371	-0.344	0.000	-31.395	-3.027
4043	1663.000	-0.402	-0.109	0.000	-31.520	20.607
4059	1663.000	-0.367	-0.128	0.000	-31.400	18.605
4075	1663.000	-0.355	-0.338	0.000	-31.410	-2.389
4091	1663.000	-0.398	-0.131	0.000	-31.427	18.306
4107	1663.000	-0.416	-0.436	0.000	-31.439	-12.178
4123	1663.000	-0.336	-0.097	0.000	-32.157	22.427
4139	1663.000	-0.396	-0.359	0.000	-31.446	-4.503
4155	1663.000	-0.373	-0.207	0.000	-31.478	10.812
4171	1663.000	-0.372	-0.382	0.000	-31.583	-6.661
4187	1663.000	-0.374	-0.166	0.000	-31.229	14.678
4203	1663.000	-0.432	-0.136	0.000	-31.625	18.029
4219	1663.000	-0.417	-0.193	0.000	-31.227	11.939
4235	1663.000	-0.410	-0.537	0.000	-31.142	-22.591
4251	1663.000	-0.373	-0.310	0.000	-31.456	0.427
4267	1663.000	-0.394	-0.511	0.000	-31.212	-19.894
4283	1663.000	-0.435	-0.441	0.000	-31.221	-12.839
4299	1663.000	-0.440	-0.565	0.000	-31.860	-24.611
4315	1663.000	-0.337	-0.190	0.000	-31.243	12.253
4331	1663.000	-0.413	-0.309	0.000	-31.220	0.287
4347	1663.000	-0.407	-0.122	0.000	-31.352	19.115
4363	1663.000	-0.435	-0.434	0.000	-31.460	-11.901
4379	1663.000	-0.364	-0.303	0.000	-31.135	0.830
5019	1663.000	-0.296	-0.409	0.000	-22.829	-18.029
5035	1663.000	-0.248	-0.253	0.000	-22.518	-2.794
5051	1663.000	-0.204	-0.036	0.000	-22.476	18.897
5067	1663.000	-0.290	-0.098	0.000	-22.718	12.885
5083	1663.000	-0.292	-0.240	0.000	-22.795	-1.194
5099	1663.000	-0.289	-0.249	0.000	-22.511	-2.366
5115	1663.000	-0.296	-0.332	0.000	-22.777	-10.387
5131	1663.000	-0.288	-0.050	0.000	-22.725	17.723
5147	1663.000	-0.233	-0.004	0.000	-22.639	22.195
5163	1663.000	-0.331	-0.440	0.000	-23.142	-20.906
5179	1663.000	-0.272	-0.440	0.000	-22.718	-21.281
5195	1663.000	-0.314	-0.196	0.000	-22.645	2.996
5211	1663.000	-0.302	-0.391	0.000	-23.534	-15.580
5227	1663.000	-0.230	-0.016	0.000	-22.681	21.039
5243	1663.000	-0.251	-0.265	0.000	-22.616	-3.854
5259	1663.000	-0.314	-0.321	0.000	-22.894	-9.161
5275	1663.000	-0.312	-0.321	0.000	-22.832	-9.221
5291	1663.000	-0.336	-0.376	0.000	-23.169	-14.401
5307	1663.000	-0.255	-0.270	0.000	-22.713	-4.262
5323	1663.000	-0.262	0.022	0.000	-22.803	24.976
5339	1663.000	-0.311	-0.330	0.000	-22.510	-10.458
5355	1663.000	-0.271	0.008	0.000	-23.215	23.973
5371	1663.000	-0.280	-0.273	0.000	-22.758	-4.584
5387	1663.000	-0.229	-0.182	0.000	-22.562	4.350
5403	1663.000	-0.310	-0.482	0.000	-23.574	-24.660
5419	1663.000	-0.302	-0.463	0.000	-22.687	-23.645
5435	1663.000	-0.324	-0.302	0.000	-22.473	-7.685
5451	1663.000	-0.239	-0.009	0.000	-22.932	22.053
5467	1663.000	-0.316	-0.400	0.000	-22.472	-17.523
5483	1663.000	-0.257	-0.008	0.000	-22.469	21.651
5499	1663.000	-0.305	-0.457	0.000	-22.751	-22.953
5515	1663.000	-0.269	-0.180	0.000	-22.556	4.530
5531	1663.000	-0.240	-0.144	0.000	-22.653	8.232
5547	1663.000	-0.303	-0.308	0.000	-22.667	-8.154
5563	1663.000	-0.220	-0.458	0.000	-22.471	-23.367
5579	1663.000	-0.224	-0.017	0.000	-22.771	21.031
5595	1663.000	-0.290	-0.186	0.000	-22.770	4.196
5611	1663.000	-0.301	-0.257	0.000	-22.478	-3.264
5627	1663.000	-0.271	-0.274	0.000	-22.473	-4.899
6267	1663.000	-0.943	-0.542	0.000	-78.777	24.577
6283	1663.000	-0.992	-0.956	0.000	-78.013	-17.626
6299	1663.000	-0.948	-0.550	0.000	-77.998	23.044
6315	1663.000	-0.997	-0.625	0.000	-78.007	15.517
6331	1663.000	-0.918	-0.586	0.000	-78.018	19.376
6347	1663.000	-0.979	-0.906	0.000	-77.998	-12.589
6363	1663.000	-0.930	-0.728	0.000	-77.999	5.169
6379	1663.000	-1.011	-0.556	0.000	-78.687	23.039
6395	1663.000	-0.109	4.403	0.000	-80.938	21.264
6411	1663.000	-0.939	-0.628	0.000	-78.855	16.067
6427	1663.000	-0.974	-0.571	0.000	-78.016	20.942
6443	1663.000	-1.022	-0.877	0.000	-80.772	-6.904
6459	1663.000	-1.007	-0.898	0.000	-80.567	-9.231
6475	1663.000	-0.991	-0.748	0.000	-77.998	3.212
6491	1663.000	-0.110	4.075	0.000	-79.589	-12.938
6507	1663.000	-1.004	-1.006	0.000	-78.832	-21.816
6523	1663.000	-0.970	-0.807	0.000	-79.385	-1.359
6539	1663.000	-0.765	-0.974	0.000	-77.998	-19.412
6555	1663.000	-0.974	-0.938	0.000	-78.052	-15.794
6571	1663.000	-1.048	-0.913	0.000	-79.896	-11.411
6587	1663.000	-0.960	-0.845	0.000	-77.999	-6.535
6603	1663.000	-1.001	-0.559	0.000	-78.364	22.467
6619	1663.000	-1.026	-1.019	0.000	-78.053	-23.896
6635	1663.000	-0.975	-0.652	0.000	-78.700	13.505
6651	1663.000	-0.996	-0.991	0.000	-79.043	-20.033
6667	1663.000	-1.005	-0.972	0.000	-78.341	-18.891
6683	1663.000	-0.975	-0.707	0.000	-79.925	9.275
6699	1663.000	-0.977	-0.945	0.000	-78.011	-16.484
6715	1663.000	-0.835	-0.816	0.000	-78.013	-3.630
6731	1663.000	-1.011	-0.792	0.000	-78.819	-0.368
6747	1663.000	-0.951	-0.783	0.000	-77.998	-0.278
6763	1663.000	-0.981	-0.563	0.000	-77.999	21.739
6779	1663.000	-1.059	-1.060	0.000	-81.012	-24.999
6795	1663.000	-0.929	-0.572	0.000	-78.368	21.150
6811	1663.000	-0.642	-0.678	0.000	-77.998	10.169
6827	1663.000	-0.980	-0.835	0.000	-78.887	-4.648
6843	1663.000	-1.009	-0.878	0.000	-80.688	-7.092
6859	1663.000	-0.991	-1.028	0.000	-77.999	-24.773
6875	1663.000	-1.000	-0.877	0.000	-79.478	-8.225
7515	1663.000	-1.001	-0.796	0.000	-76.042	-3.600
7531	1663.000	-0.939	-0.898	0.000	-75.235	-14.571
7547	1663.000	-0.061	4.170	0.000	-75.253	-7.764
7563	1663.000	-0.963	-0.644	0.000	-77.169	12.733
7579	1663.000	-0.939	-0.835	0.000	-75.235	-8.273
7595	1663.000	-0.937	-0.800	0.000	-76.155	-3.810
7611	1663.000	-0.949	-0.770	0.000	-76.250	-0.736
7627	1663.000	-0.922	-0.718	0.000	-75.854	4.062
7643	1663.000	-0.949	-0.740	0.000	-76.153	2.153
7659	1663.000	-0.927	-0.590	0.000	-75.235	16.215
7675	1663.000	-0.925	-0.672	0.000	-75.268	8.082
7691	1663.000	-0.979	-0.538	0.000	-77.105	23.298
7707	1663.000	-0.021	4.371	0.000	-75.235	12.338
7723	1663.000	-0.925	-0.931	0.000	-75.268	-17.813
7739	1663.000	-0.958	-0.597	0.000	-79.102	19.369
7755	1663.000	-0.951	-0.513	0.000	-75.973	24.692
7771	1663.000	-0.980	-0.684	0.000	-75.273	6.921
7787	1663.000	-1.001	-0.897	0.000	-75.560	-14.167
7803	1663.000	-1.033	-0.946	0.000	-77.805	-16.783
7819	1663.000	-0.907	-0.956	0.000	-75.792	-19.856
7835	1663.000	-0.960	-0.719	0.000	-77.106	5.193
7851	1663.000	-0.956	-0.967	0.000	-75.235	-21.448
7867	1663.000	-0.964	-0.922	0.000	-75.252	-16.981
7883	1663.000	-0.933	-0.803	0.000	-76.124	-4.223
7899	1663.000	-0.691	-0.702	0.000	-76.838	6.639
7915	1663.000	-0.910	-0.552	0.000	-75.235	19.998
7931	1663.000	-0.996	-0.998	0.000	-75.235	-24.525
7947	1663.000	-0.897	-0.962	0.000	-75.520	-20.644
7963	1663.000	-0.878	-0.549	0.000	-75.938	21.051
7979	1663.000	-0.943	-0.634	0.000	-75.254	11.840
7995	1663.000	-0.902	-0.568	0.000	-75.235	18.402
8011	1663.000	-1.024	-0.818	0.000	-75.242	-6.590
8027	1663.000	-0.929	-0.607	0.000	-75.283	14.585
8043	1663.000	-0.955	-0.532	0.000	-77.239	24.000
8059	1663.000	-0.933	-0.999	0.000	-75.235	-24.691
8075	1663.000	-0.923	-0.985	0.000	-75.920	-22.622
8091	1663.000	-0.773	-0.802	0.000	-78.526	-1.709
8107	1663.000	-0.559	-0.911	0.000	-75.235	-15.905
8123	1663.000	-0.965	-0.522	0.000	-77.082	24.897
8763	1663.000	-0.363	-0.283	0.000	-26.148	-2.107
8779	1663.000	-0.277	-0.211	0.000	-26.162	5.097
8795	1663.000	-0.365	-0.363	0.000	-26.064	-10.241
8811	1663.000	-0.299	-0.181	0.000	-26.214	8.104
8827	1663.000	-0.288	-0.040	0.000	-26.141	22.111
8843	1663.000	-0.258	-0.132	0.000	-26.255	13.010
8859	1663.000	-0.353	-0.178	0.000	-26.583	8.813
8875	1663.000	-0.277	-0.140	0.000	-26.137	12.154
8891	1663.000	-0.269	-0.108	0.000	-26.648	15.870
8907	1663.000	-0.381	-0.395	0.000	-26.520	-13.003
8923	1663.000	-0.348	-0.185	0.000	-26.735	8.240
8939	1663.000	-0.319	-0.318	0.000	-26.309	-5.472
8955	1663.000	-0.318	-0.237	0.000	-26.414	2.710
8971	1663.000	-0.390	-0.421	0.000	-27.057	-15.019
8987	1663.000	-0.283	-0.102	0.000	-26.167	15.946
9003	1663.000	-0.323	-0.089	0.000	-26.343	17.403
9019	1663.000	-0.333	-0.127	0.000	-26.567	13.825
9035	1663.000	-0.314	-0.091	0.000	-26.070	16.994
9051	1663.000	-0.361	-0.379	0.000	-26.446	-11.503
9067	1663.000	-0.353	-0.420	0.000	-26.711	-15.299
9083	1663.000	-0.349	-0.434	0.000	-26.372	-16.987
9099	1663.000	-0.368	-0.233	0.000	-26.882	3.613
9115	1663.000	-0.347	-0.344	0.000	-26.238	-8.173
9131	1663.000	-0.360	-0.426	0.000	-26.069	-16.491
9147	1663.000	-0.373	-0.477	0.000	-27.132	-20.577
9163	1663.000	-0.264	-0.122	0.000	-26.064	13.871
9179	1663.000	-0.280	-0.167	0.000	-26.066	9.401
9195	1663.000	-0.369	-0.466	0.000	-26.711	-19.891
9211	1663.000	-0.283	-0.211	0.000	-26.145	5.070
9227	1663.000	-0.368	-0.425	0.000	-26.231	-16.278
9243	1663.000	-0.278	-0.414	0.000	-26.484	-14.920
9259	1663.000	-0.339	-0.241	0.000	-26.168	2.047
9275	1663.000	-0.365	-0.379	0.000	-26.307	-11.630
9291	1663.000	-0.365	-0.212	0.000	-26.613	5.368
9307	1663.000	-0.346	-0.258	0.000	-26.328	0.548
9323	1663.000	-0.359	-0.490	0.000	-26.218	-22.816
9339	1663.000	-0.386	-0.287	0.000	-26.249	-2.495
9355	1663.000	-0.315	-0.254	0.000	-26.141	0.698
9371	1663.000	-0.389	-0.226	0.000	-26.218	3.569
10027	1663.000	-0.441	-0.213	0.000	-31.400	10.107
10043	1663.000	-0.379	-0.341	0.000	-31.435	-2.686
10059	1663.000	-0.382	-0.065	0.000	-31.302	24.770
10075	1663.000	-0.355	-0.536	0.000	-31.408	-22.198
10091	1663.000	-0.403	-0.292	0.000	-31.651	2.436
10107	1663.000	-0.445	-0.486	0.000	-31.438	-17.157
10123	1663.000	-0.387	-0.207	0.000	-31.772	11.036
10139	1663.000	-0.368	-0.289	0.000	-31.585	2.656
10155	1663.000	-0.425	-0.417	0.000	-31.302	-10.407
10171	1663.000	-0.364	-0.086	0.000	-32.214	23.587
10187	1663.000	-0.385	-0.452	0.000	-31.265	-13.954
10203	1663.000	-0.431	-0.549	0.000	-31.799	-23.141
10219	1663.000	-0.415	-0.268	0.000	-31.465	4.666
10235	1663.000	-0.331	-0.083	0.000	-31.225	22.923
10251	1663.000	-0.360	-0.477	0.000	-31.956	-15.776
10267	1663.000	-0.378	-0.198	0.000	-31.300	11.487
10283	1663.000	-0.393	-0.247	0.000	-31.489	6.826
10299	1663.000	-0.350	-0.091	0.000	-31.599	22.546
10315	1663.000	-0.340	-0.307	0.000	-31.395	0.730
10331	1663.000	-0.372	-0.371	0.000	-32.125	-4.973
10347	1663.000	-0.430	-0.512	0.000	-31.558	-19.641
10363	1663.000	-0.362	-0.240	0.000	-31.430	7.386
10379	1663.000	-0.422	-0.396	0.000	-31.782	-7.776
10395	1663.000	-0.408	-0.223	0.000	-31.819	9.555
10411	1663.000	-0.411	-0.357	0.000	-31.819	-3.872
10427	1663.000	-0.424	-0.103	0.000	-31.912	21.659
10443	1663.000	-0.376	-0.126	0.000	-31.876	19.292
10459	1663.000	-0.442	-0.209	0.000	-31.914	10.977
10475	1663.000	-0.391	-0.382	0.000	-31.309	-6.927
10491	1663.000	-0.410	-0.162	0.000	-31.419	15.237
10507	1663.000	-0.429	-0.561	0.000	-31.655	-24.485
10523	1663.000	-0.396	-0.262	0.000	-31.459	5.230
10539	1663.000	-0.389	-0.390	0.000	-31.497	-7.459
10555	1663.000	-0.356	-0.170	0.000	-31.575	14.585
10571	1663.000	-0.340	-0.124	0.000	-32.002	19.577
10587	1663.000	-0.400	-0.184	0.000	-31.501	13.125
10603	1663.000	-0.370	-0.093	0.000	-31.617	22.334
10619	1663.000	-0.396	-0.361	0.000	-31.226	-4.858
10635	1663.000	-0.361	-0.081	0.000	-31.237	23.148
11275	1663.000	-0.416	-0.283	0.000	-31.040	2.783
11291	1663.000	-0.318	-0.280	0.000	-30.830	2.843
11307	1663.000	-0.333	-0.161	0.000	-30.592	14.540
11323	1663.000	-0.373	-0.106	0.000	-31.343	20.778
11339	1663.000	-0.288	-0.142	0.000	-30.561	16.364
11355	1663.000	-0.380	-0.410	0.000	-30.518	-10.456
11371	1663.000	-0.427	-0.315	0.000	-31.405	-0.048
11387	1663.000	-0.317	-0.159	0.000	-30.519	14.606
11403	1663.000	-0.419	-0.325	0.000	-30.924	-1.531
11419	1663.000	-0.380	-0.328	0.000	-30.768	-1.985
11435	1663.000	-0.346	-0.290	0.000	-30.672	1.648
11451	1663.000	-0.392	-0.189	0.000	-30.669	11.762
11467	1663.000	-0.392	-0.493	0.000	-30.626	-18.689
11483	1663.000	-0.370	-0.199	0.000	-30.887	10.943
11499	1663.000	-0.414	-0.522	0.000	-30.746	-21.483
11515	1663.000	-0.348	-0.085	0.000	-30.737	22.260
11531	1663.000	-0.431	-0.278	0.000	-30.964	3.161
11547	1663.000	-0.382	-0.529	0.000	-31.536	-21.381
11563	1663.000	-0.412	-0.479	0.000	-30.603	-17.261
11579	1663.000	-0.355	-0.340	0.000	-30.640	-3.370
11595	1663.000	-0.393	-0.228	0.000	-31.059	8.243
11611	1663.000	-0.327	-0.439	0.000	-30.599	-13.258
11627	1663.000	-0.408	-0.196	0.000	-31.308	11.747
11643	1663.000	-0.438	-0.436	0.000	-30.616	-12.958
11659	1663.000	-0.402	-0.391	0.000	-30.722	-8.412
11675	1663.000	-0.417	-0.542	0.000	-31.756	-22.450
11691	1663.000	-0.334	-0.105	0.000	-30.619	20.164
11707	1663.000	-0.362	-0.116	0.000	-30.911	19.315
11723	1663.000	-0.425	-0.321	0.000	-30.675	-1.430
11739	1663.000	-0.377	-0.428	0.000	-30.527	-12.272
11755	1663.000	-0.417	-0.361	0.000	-30.643	-5.471
11771	1663.000	-0.353	-0.096	0.000	-30.688	21.120
11787	1663.000	-0.374	-0.290	0.000	-30.601	1.604
11803	1663.000	-0.404	-0.088	0.000	-30.759	22.005
11819	1663.000	-0.400	-0.295	0.000	-31.030	1.486
11835	1663.000	-0.375	-0.163	0.000	-30.537	14.209
11851	1663.000	-0.360	-0.367	0.000	-30.918	-5.817
11867	1663.000	-0.340	-0.072	0.000	-30.875	23.659
11883	1663.000	-0.344	-0.256	0.000	-30.520	4.921
12523	1663.000	-0.260	-0.217	0.000	-24.841	3.099
12539	1663.000	-0.302	-0.121	0.000	-24.807	12.742
12555	1663.000	-0.307	-0.169	0.000	-24.731	7.821
12571	1663.000	-0.347	-0.405	0.000	-25.160	-15.356
12587	1663.000	-0.316	-0.470	0.000	-25.141	-21.844
12603	1663.000	-0.257	-0.057	0.000	-25.078	19.344
12619	1663.000	-0.262	-0.130	0.000	-25.177	12.176
12635	1663.000	-0.298	-0.230	0.000	-24.644	1.669
12651	1663.000	-0.304	-0.139	0.000	-24.662	10.790
12667	1663.000	-0.309	-0.222	0.000	-24.506	2.346
12683	1663.000	-0.279	-0.416	0.000	-24.505	-17.119
12699	1663.000	-0.303	-0.325	0.000	-24.800	-7.673
12715	1663.000	-0.292	-0.112	0.000	-24.498	13.330
12731	1663.000	-0.269	-0.332	0.000	-24.505	-8.696
12747	1663.000	-0.337	-0.353	0.000	-24.579	-10.690
12763	1663.000	-0.303	-0.333	0.000	-24.945	-8.375
12779	1663.000	-0.335	-0.472	0.000	-24.498	-22.722
12795	1663.000	-0.316	-0.391	0.000	-24.498	-14.614
12811	1663.000	-0.290	-0.359	0.000	-25.334	-10.564
12827	1663.000	-0.242	-0.156	0.000	-24.503	8.871
12843	1663.000	-0.282	-0.187	0.000	-24.502	5.781
12859	1663.000	-0.360	-0.336	0.000	-24.799	-8.764
12875	1663.000	-0.318	-0.291	0.000	-24.555	-4.574
12891	1663.000	-0.341	-0.441	0.000	-24.795	-19.329
12907	1663.000	-0.314	-0.306	0.000	-24.896	-5.688
12923	1663.000	-0.309	-0.180	0.000	-25.028	7.007
12939	1663.000	-0.364	-0.169	0.000	-25.267	8.381
12955	1663.000	-0.300	-0.157	0.000	-24.668	8.935
12971	1663.000	-0.358	-0.491	0.000	-24.692	-24.378
12987	1663.000	-0.355	-0.269	0.000	-24.657	-2.231
13003	1663.000	-0.305	-0.097	0.000	-25.488	15.745
13019	1663.000	-0.363	-0.379	0.000	-24.832	-13.083
13035	1663.000	-0.281	-0.167	0.000	-24.509	7.794
13051	1663.000	-0.349	-0.258	0.000	-24.964	-0.862
13067	1663.000	-0.311	-0.202	0.000	-24.997	4.835
13083	1663.000	-0.298	-0.114	0.000	-24.576	13.176
13099	1663.000	-0.322	-0.400	0.000	-24.961	-15.006
13115	1663.000	-0.287	-0.228	0.000	-24.647	1.859
13131	1663.000	-0.325	-0.327	0.000	-24.768	-7.908
13771	1663.000	-1.037	-0.999	0.000	-80.492	-19.387
13787	1663.000	-0.888	-0.679	0.000	-77.291	9.371
13803	1663.000	-0.974	-0.637	0.000	-78.010	14.330
13819	1663.000	-0.972	-1.020	0.000	-77.874	-24.140
13835	1663.000	-0.961	-0.583	0.000	-77.320	19.014
13851	1663.000	-0.830	-0.866	0.000	-79.213	-7.348
13867	1663.000	-0.970	-0.855	0.000	-78.892	-6.603
13883	1663.000	-0.954	-0.637	0.000	-77.274	13.539
13899	1663.000	-0.925	-0.692	0.000	-77.274	8.068
13915	1663.000	-0.946	-0.686	0.000	-77.289	8.684
13931	1663.000	-0.985	-0.713	0.000	-80.750	9.471
13947	1663.000	-0.983	-1.013	0.000	-77.274	-24.017
13963	1663.000	-0.911	-0.727	0.000	-79.436	6.693
13979	1663.000	-1.043	-0.975	0.000	-81.466	-16.082
13995	1663.000	-1.027	-0.994	0.000	-78.910	-20.535
14011	1663.000	-1.026	-0.858	0.000	-79.416	-6.410
14027	1663.000	-1.025	-0.778	0.000	-78.578	0.799
14043	1663.000	-0.962	-0.802	0.000	-78.957	-1.256
14059	1663.000	-0.924	-0.576	0.000	-77.281	19.695
14075	1663.000	-0.967	-0.797	0.000	-77.306	-2.432
14091	1663.000	-0.971	-0.664	0.000	-77.288	10.935
14107	1663.000	-0.974	-0.648	0.000	-77.293	12.500
14123	1663.000	-0.945	-0.789	0.000	-77.315	-1.573
14139	1663.000	-0.962	-0.869	0.000	-77.599	-9.344
14155	1663.000	-0.941	-0.819	0.000	-77.293	-4.574
14171	1663.000	-0.955	-0.564	0.000	-77.988	21.634
14187	1663.000	-0.969	-0.655	0.000	-78.528	13.056
14203	1663.000	-0.961	-0.691	0.000	-77.274	8.203
14219	1663.000	-0.951	-0.687	0.000	-77.335	8.592
14235	1663.000	-0.943	-0.597	0.000	-78.777	19.038
14251	1663.000	-0.920	-0.660	0.000	-77.274	11.282
14267	1663.000	-0.996	-0.662	0.000	-77.354	11.147
14283	1663.000	-0.936	-0.853	0.000	-77.274	-7.992
14299	1663.000	-1.018	-1.027	0.000	-79.895	-22.759
14315	1663.000	-0.960	-0.618	0.000	-77.299	15.522
14331	1663.000	-0.903	-0.550	0.000	-77.306	22.260
14347	1663.000	-1.033	-0.887	0.000	-79.122	-9.536
14363	1663.000	-0.905	-0.773	0.000	-77.274	-0.011
14379	1663.000	-1.015	-1.009	0.000	-77.306	-23.627
11	1664.000	-0.918	-0.877	0.000	-74.712	-12.944
27	1664.000	-0.929	-0.876	0.000	-73.615	-14.007
43	1664.000	-0.903	-0.636	0.000	-75.223	11.645
59	1664.000	-0.935	-0.564	0.000	-75.744	19.361
75	1664.000	-0.931	-0.490	0.000	-73.615	24.601
91	1664.000	-0.911	-0.804	0.000	-74.247	-6.150
107	1664.000	-0.919	-0.519	0.000	-75.985	24.134
123	1664.000	-0.901	-0.712	0.000	-74.243	3.011
139	1664.000	-0.962	-0.748	0.000	-73.707	-1.053
155	1664.000	-0.897	-0.963	0.000	-73.629	-22.696
171	1664.000	-0.928	-0.589	0.000	-74.605	15.669
187	1664.000	-0.841	-0.769	0.000	-73.635	-3.280
203	1664.000	-0.849	-0.531	0.000	-73.615	20.551
219	1664.000	-0.943	-0.561	0.000	-78.169	22.040
235	1664.000	-0.943	-0.931	0.000	-73.621	-19.495
251	1664.000	-0.892	-0.949	0.000	-73.630	-21.248
267	1664.000	0.829	4.354	0.000	-74.564	10.005
283	1664.000	-0.940	-0.966	0.000	-73.615	-23.009
299	1664.000	-0.836	-0.541	0.000	-73.633	19.488
315	1664.000	-0.950	-0.851	0.000	-73.632	-11.421
331	1664.000	-0.308	4.375	1.000	-73.917	11.462
347	1664.000	-0.727	-0.555	0.000	-73.615	18.086
363	1664.000	-0.923	-0.906	0.000	-74.319	-16.308
379	1664.000	-0.922	-0.634	0.000	-76.804	13.399
395	1664.000	-0.907	-0.632	0.000	-74.945	11.794
411	1664.000	-0.941	-0.859	0.000	-74.977	-10.964
427	1664.000	-1.002	-0.954	0.000	-76.246	-19.190
443	1664.000	-0.787	-0.533	0.000	-76.323	23.046
459	1664.000	-0.925	-0.878	0.000	-73.615	-14.148
475	1664.000	-0.867	-0.836	0.000	-73.615	-10.029
491	1664.000	0.933	4.432	0.000	-81.497	24.737
507	1664.000	-0.848	-0.544	0.000	-73.621	19.237
523	1664.000	-0.921	-0.695	0.000	-73.637	4.138
539	1664.000	-0.737	-0.885	0.000	-74.622	-13.838
555	1664.000	-0.881	-0.846	0.000	-73.629	-10.979
571	1664.000	-0.757	-0.583	0.000	-73.629	15.368
587	1664.000	-0.842	-0.918	0.000	-74.320	-17.486
603	1664.000	-0.889	-0.658	0.000	-73.615	7.802
619	1664.000	-0.865	-0.529	0.000	-74.869	21.959
1259	1664.000	-0.239	0.018	0.000	-23.100	24.901
1275	1664.000	-0.249	-0.057	0.000	-23.190	17.523
1291	1664.000	-0.332	-0.368	0.000	-22.878	-13.961
1307	1664.000	-0.367	-0.440	0.000	-22.742	-21.289
1323	1664.000	-0.265	-0.084	0.000	-22.723	14.296
1339	1664.000	-0.305	-0.202	0.000	-22.927	2.717
1355	1664.000	-0.262	-0.317	0.000	-22.606	-9.073
1371	1664.000	-0.329	-0.124	0.000	-22.998	10.589
1387	1664.000	-0.286	-0.455	0.000	-23.335	-22.141
1403	1664.000	-0.325	-0.220	0.000	-22.768	0.788
1419	1664.000	-0.280	-0.188	0.000	-22.597	3.790
1435	1664.000	-0.264	-0.206	0.000	-22.674	2.069
1451	1664.000	-0.290	-0.427	0.000	-22.765	-19.895
1467	1664.000	-0.286	-0.247	0.000	-22.767	-1.949
1483	1664.000	-0.228	-0.036	0.000	-22.806	19.184
1499	1664.000	-0.270	-0.098	0.000	-22.891	13.096
1515	1664.000	-0.305	-0.026	0.000	-22.665	20.034
1531	1664.000	-0.247	-0.206	0.000	-22.600	2.001
1547	1664.000	-0.340	-0.390	0.000	-22.672	-16.371
1563	1664.000	-0.306	-0.097	0.000	-23.074	13.373
1579	1664.000	-0.292	-0.265	0.000	-22.740	-3.723
1595	1664.000	-0.284	-0.354	0.000	-22.775	-12.662
1611	1664.000	-0.331	-0.279	0.000	-23.631	-4.269
1627	1664.000	-0.254	-0.148	0.000	-23.070	8.267
1643	1664.000	-0.272	-0.154	0.000	-22.781	7.412
1659	1664.000	-0.240	-0.029	0.000	-22.893	20.011
1675	1664.000	-0.261	-0.261	0.000	-22.859	-3.274
1691	1664.000	-0.354	-0.431	0.000	-23.220	-19.911
1707	1664.000	-0.320	-0.204	0.000	-22.745	2.385
1723	1664.000	-0.261	0.299	0.080	-22.670	12.836
1739	1664.000	-0.295	-0.105	0.058	-23.024	-16.685
1755	1664.000	-0.255	-0.314	0.000	-22.602	-8.787
1771	1664.000	-0.298	-0.295	0.000	-22.728	-6.728
1787	1664.000	-0.240	-0.075	0.000	-22.811	15.341
1803	1664.000	-0.252	-0.060	0.000	-22.599	16.603
1819	1664.000	-0.260	-0.450	0.000	-22.768	-22.198
1835	1664.000	-0.312	-0.297	0.000	-22.893	-6.769
1851	1664.000	-0.282	-0.395	0.000	-23.083	-16.417
1867	1664.000	-0.364	-0.463	0.000	-23.533	-22.759
2507	1664.000	-0.384	-0.537	0.000	-30.756	-22.903
2523	1664.000	-0.377	0.194	0.073	-30.877	13.749
2539	1664.000	-0.419	-0.339	0.000	-30.486	-3.406
2555	1664.000	-0.360	-0.174	0.000	-30.430	13.056
2571	1664.000	-0.425	-0.506	0.000	-30.669	-19.969
2587	1664.000	-0.346	-0.157	0.000	-30.348	14.653
2603	1664.000	-0.366	-0.555	0.000	-30.903	-24.626
2619	1664.000	-0.375	-0.066	0.000	-30.827	24.203
2635	1664.000	-0.365	-0.095	0.000	-30.329	20.811
2651	1664.000	-0.437	-0.536	0.000	-30.636	-22.974
2667	1664.000	-0.366	-0.273	0.000	-30.812	3.512
2683	1664.000	-0.409	-0.191	0.000	-30.665	11.575
2699	1664.000	-0.424	-0.373	0.000	-30.396	-6.952
2715	1664.000	-0.392	-0.442	0.000	-30.795	-13.444
2731	1664.000	-0.434	-0.437	0.000	-30.530	-13.123
2747	1664.000	-0.447	-0.517	0.000	-31.301	-20.369
2763	1664.000	-0.441	-0.466	0.000	-30.605	-16.018
2779	1664.000	-0.375	-0.072	0.000	-30.261	23.101
2795	1664.000	-0.356	-0.194	0.000	-30.745	11.391
2811	1664.000	-0.334	-0.318	0.000	-30.332	-1.453
2827	1664.000	-0.325	-0.299	0.000	-30.337	0.485
2843	1664.000	-0.413	-0.358	0.000	-30.406	-5.382
2859	1664.000	-0.403	-0.363	0.000	-30.636	-5.659
2875	1664.000	-0.378	-0.511	0.000	-30.261	-20.871
2891	1664.000	-0.365	-0.178	0.000	-30.687	12.887
2907	1664.000	-0.421	-0.116	0.000	-30.831	19.206
2923	1664.000	-0.352	-0.352	0.000	-30.305	-4.936
2939	1664.000	-0.371	-0.168	0.000	-30.815	14.045
2955	1664.000	-0.386	-0.381	0.000	-30.420	-7.704
2971	1664.000	-0.422	-0.498	0.000	-30.337	-19.435
2987	1664.000	-0.377	-0.523	0.000	-31.310	-21.026
3003	1664.000	-0.391	-0.148	0.000	-30.540	15.781
3019	1664.000	-0.380	-0.515	0.000	-30.458	-21.024
3035	1664.000	-0.372	-0.427	0.000	-30.859	-11.811
3051	1664.000	-0.361	-0.446	0.000	-30.299	-14.255
3067	1664.000	-0.336	-0.025	0.038	-30.487	9.155
3083	1664.000	-0.403	-0.156	0.000	-30.693	15.048
3099	1664.000	-0.372	-0.368	0.000	-30.532	-6.246
3115	1664.000	-0.384	-0.178	0.000	-30.887	13.125
3755	1664.000	-0.379	-0.442	0.000	-29.935	-14.217
3771	1664.000	-0.415	-0.289	0.000	-30.042	1.167
3787	1664.000	-0.360	-0.327	0.000	-30.075	-2.615
3803	1664.000	-0.382	-0.261	0.000	-30.440	4.374
3819	1664.000	-0.387	-0.372	0.000	-30.424	-6.790
3835	1664.000	-0.362	-0.092	0.000	-30.104	20.945
3851	1664.000	-0.357	-0.425	0.000	-30.257	-12.212
3867	1664.000	-0.379	-0.271	0.000	-30.364	3.274
3883	1664.000	-0.367	-0.410	0.000	-30.196	-10.778
3899	1664.000	-0.395	-0.264	0.000	-30.026	3.576
3915	1664.000	-0.354	-0.302	0.000	-30.774	0.539
3931	1664.000	-0.323	-0.083	0.000	-30.379	22.128
3947	1664.000	-0.350	-0.440	0.000	-30.089	-13.959
3963	1664.000	-0.355	-0.206	0.000	-30.647	10.020
3979	1664.000	-0.418	-0.094	0.000	-30.233	20.792
3995	1664.000	-0.428	-0.130	0.000	-30.978	17.944
4011	1664.000	-0.375	-0.370	0.000	-30.325	-6.676
4027	1664.000	-0.350	-0.413	0.000	-30.100	-11.246
4043	1664.000	-0.399	-0.421	0.000	-30.213	-11.901
4059	1664.000	-0.357	-0.435	0.000	-30.104	-13.417
4075	1664.000	-0.349	-0.180	0.000	-30.114	12.159
4091	1664.000	-0.330	0.297	0.093	-30.129	13.329
4107	1664.000	-0.431	-0.538	0.000	-30.140	-23.659
4123	1664.000	-0.344	-0.317	0.000	-30.789	-0.924
4139	1664.000	-0.389	-0.489	0.004	-30.146	-20.628
4155	1664.000	-0.343	-0.113	0.000	-30.174	18.884
4171	1664.000	-0.376	-0.503	0.000	-30.270	-20.022
4187	1664.000	-0.336	-0.158	0.059	-29.949	-15.448
4203	1664.000	-0.404	-0.058	0.000	-30.308	24.467
4219	1664.000	-0.389	-0.352	0.000	-29.948	-5.226
4235	1664.000	-0.372	-0.136	0.000	-29.871	16.313
4251	1664.000	-0.376	-0.287	0.000	-30.155	1.405
4267	1664.000	-0.382	-0.439	0.000	-29.934	-13.967
4283	1664.000	-0.418	-0.190	0.000	-29.942	10.920
4299	1664.000	-0.437	-0.309	0.000	-30.520	-0.359
4315	1664.000	-0.295	-0.114	0.000	-29.963	18.610
4331	1664.000	-0.389	-0.303	0.000	-29.941	-0.379
4347	1664.000	-0.415	-0.505	0.000	-30.061	-20.427
4363	1664.000	-0.381	-0.169	0.000	-30.159	13.305
4379	1664.000	-0.354	-0.244	0.000	-29.864	5.446
5019	1664.000	-0.286	-0.104	0.000	-21.878	11.502
5035	1664.000	-0.255	-0.316	0.000	-21.596	-9.964
5051	1664.000	-0.220	-0.459	0.000	-21.558	-24.326
5067	1664.000	-0.296	-0.265	0.030	-21.778	-19.492
5083	1664.000	-0.253	0.005	0.000	-21.847	22.369
5099	1664.000	-0.286	-0.401	0.000	-21.590	-18.548
5115	1664.000	-0.271	-0.302	0.000	-21.831	-8.320
5131	1664.000	-0.262	-0.048	0.000	-21.784	16.954
5147	1664.000	-0.203	-0.154	0.000	-21.706	6.317
5163	1664.000	-0.298	-0.249	0.000	-22.161	-2.760
5179	1664.000	-0.280	-0.197	0.000	-21.777	2.047
5195	1664.000	-0.289	-0.269	0.000	-21.711	-5.205
5211	1664.000	-0.265	-0.062	0.000	-22.516	16.328
5227	1664.000	-0.240	-0.135	0.000	-21.743	8.236
5243	1664.000	-0.241	-0.027	0.000	-21.685	18.985
5259	1664.000	-0.293	-0.296	0.000	-21.936	-7.678
5275	1664.000	-0.305	-0.291	0.000	-21.881	-7.256
5291	1664.000	-0.331	-0.442	0.000	-22.185	-22.055
5307	1664.000	-0.260	-0.333	0.000	-21.773	-11.542
5323	1664.000	-0.251	-0.171	0.000	-21.854	4.742
5339	1664.000	-0.307	-0.168	0.000	-21.589	4.838
5355	1664.000	-0.239	-0.031	0.000	-22.227	19.111
5371	1664.000	-0.304	-0.362	0.000	-21.814	-14.399
5387	1664.000	-0.254	-0.395	0.000	-21.637	-17.835
5403	1664.000	-0.288	-0.172	0.000	-22.551	5.401
5419	1664.000	-0.276	0.011	0.000	-21.749	22.845
5435	1664.000	-0.313	-0.451	0.000	-21.556	-23.581
5451	1664.000	-0.227	-0.190	0.000	-21.971	2.929
5467	1664.000	-0.275	-0.171	0.000	-21.555	4.490
5483	1664.000	-0.248	-0.419	0.000	-21.552	-20.344
5499	1664.000	-0.251	-0.014	0.000	-21.807	20.449
5515	1664.000	-0.236	-0.089	0.000	-21.630	12.759
5531	1664.000	-0.256	-0.296	0.000	-21.719	-7.894
5547	1664.000	-0.307	-0.291	0.029	-21.731	-21.617
5563	1664.000	-0.203	0.011	0.000	-21.553	22.608
5579	1664.000	-0.228	-0.395	0.000	-21.826	-17.700
5595	1664.000	-0.304	-0.385	0.000	-21.824	-16.713
5611	1664.000	-0.328	-0.451	0.000	-21.560	-23.505
5627	1664.000	-0.260	-0.214	0.000	-21.556	0.200
6267	1664.000	-0.891	-0.709	0.000	-76.860	5.947
6283	1664.000	-0.943	-0.839	0.000	-76.169	-7.755
6299	1664.000	-0.904	-0.578	0.000	-76.155	18.317
6315	1664.000	-0.952	-0.905	0.000	-76.163	-14.341
6331	1664.000	-0.927	-0.929	0.000	-76.173	-16.772
6347	1664.000	-0.961	-0.858	0.000	-76.155	-9.659
6363	1664.000	-0.890	-0.571	0.000	-76.156	19.009
6379	1664.000	-0.997	-0.896	0.000	-76.778	-12.801
6395	1664.000	0.635	3.979	0.000	-78.815	-23.287
6411	1664.000	-0.898	-0.816	0.000	-76.930	-4.625
6427	1664.000	-0.934	-0.724	0.000	-76.171	3.726
6443	1664.000	-1.013	-0.931	0.000	-78.665	-14.480
6459	1664.000	-0.979	-0.988	0.000	-78.480	-20.283
6475	1664.000	-0.934	-0.733	0.000	-76.155	2.865
6491	1664.000	0.647	4.136	0.000	-77.595	-8.790
6507	1664.000	-0.930	-0.606	0.000	-76.910	16.355
6523	1664.000	-0.904	-0.642	0.000	-77.410	13.233
6539	1664.000	-0.779	-0.849	0.000	-76.155	-8.698
6555	1664.000	-0.943	-0.793	0.000	-76.204	-3.061
6571	1664.000	-1.006	-0.800	0.000	-77.873	-2.092
6587	1664.000	-0.904	-0.618	0.000	-76.156	14.364
6603	1664.000	-0.940	-0.660	0.000	-76.486	10.484
6619	1664.000	-0.960	-0.688	0.000	-76.204	7.398
6635	1664.000	-0.906	-0.572	0.000	-76.790	19.569
6651	1664.000	-0.949	-0.679	0.000	-77.101	9.212
6667	1664.000	-0.958	-0.904	0.000	-76.465	-13.981
6683	1664.000	-0.946	-0.925	0.000	-77.899	-14.645
6699	1664.000	-0.946	-1.004	0.000	-76.167	-24.232
6715	1664.000	-0.792	-0.519	0.000	-76.169	24.286
6731	1664.000	-0.990	-1.003	0.000	-76.898	-23.423
6747	1664.000	-0.916	-0.923	0.000	-76.155	-16.168
6763	1664.000	-0.926	-0.700	0.000	-76.156	6.122
6779	1664.000	-0.999	-0.598	0.000	-78.883	19.040
6795	1664.000	-0.939	-0.963	0.000	-76.490	-19.767
6811	1664.000	-0.662	-0.786	0.000	-76.155	-2.452
6827	1664.000	-0.966	-0.816	0.000	-76.959	-4.655
6843	1664.000	-0.957	-0.655	0.000	-80.671	15.125
6859	1664.000	-0.944	-0.913	0.000	-76.156	-15.168
6875	1664.000	-0.982	-0.984	0.000	-77.494	-20.905
7515	1664.000	-0.955	-0.650	0.000	-72.895	7.903
7531	1664.000	-0.914	-0.717	0.000	-72.164	0.417
7547	1664.000	0.751	4.349	0.000	-72.181	7.128
7563	1664.000	-0.951	-0.820	0.000	-73.914	-8.036
7579	1664.000	-0.913	-0.712	0.000	-72.164	0.936
7595	1664.000	-0.891	-0.687	0.000	-72.997	4.257
7611	1664.000	-0.888	-0.706	0.000	-73.083	2.436
7627	1664.000	-0.897	-0.664	0.000	-72.725	6.305
7643	1664.000	-0.893	-0.515	0.000	-72.995	21.510
7659	1664.000	-0.879	-0.660	0.000	-72.164	6.183
7675	1664.000	-0.879	-0.558	0.000	-72.194	16.372
7691	1664.000	-0.935	-0.554	0.000	-73.857	18.440
7707	1664.000	0.792	4.510	0.000	-72.164	23.164
7723	1664.000	-0.858	-0.557	0.000	-72.194	16.543
7739	1664.000	-0.926	-0.945	0.000	-75.664	-18.842
7755	1664.000	-0.910	-0.664	0.000	-72.832	6.455
7771	1664.000	-0.952	-0.893	0.000	-72.199	-17.145
7787	1664.000	-0.974	-0.933	0.000	-72.459	-20.837
7803	1664.000	-0.992	-0.967	0.000	-74.490	-22.194
7819	1664.000	-0.866	-0.796	0.000	-72.669	-6.894
7835	1664.000	-0.924	-0.752	0.000	-73.857	-1.379
7851	1664.000	-0.934	-0.702	0.000	-72.164	1.934
7867	1664.000	-0.919	-0.812	0.000	-72.180	-9.046
7883	1664.000	-0.892	-0.604	0.000	-72.969	12.523
7899	1664.000	-0.676	-0.620	0.000	-73.615	11.607
7915	1664.000	-0.850	-0.531	0.000	-72.164	19.077
7931	1664.000	-0.918	-0.493	0.000	-72.164	22.859
7947	1664.000	-0.850	-0.588	0.000	-72.422	13.618
7963	1664.000	-0.843	-0.639	0.000	-72.800	8.897
7979	1664.000	-0.874	-0.574	0.000	-72.182	14.737
7995	1664.000	-0.847	-0.596	0.000	-72.164	12.600
8011	1664.000	-0.979	-0.644	0.000	-72.171	7.789
8027	1664.000	-0.916	-0.921	0.000	-72.208	-19.881
8043	1664.000	-0.927	-0.810	0.000	-73.978	-6.981
8059	1664.000	-0.915	-0.858	0.000	-72.164	-13.630
8075	1664.000	-0.901	-0.830	0.000	-72.784	-10.183
8091	1664.000	-0.756	-0.729	0.000	-75.142	2.276
8107	1664.000	-0.605	-0.877	0.000	-72.164	-15.562
8123	1664.000	-0.929	-0.792	0.000	-73.836	-5.371
8763	1664.000	-0.337	-0.038	0.000	-25.076	21.308
8779	1664.000	-0.269	-0.100	0.000	-25.089	15.131
8795	1664.000	-0.352	-0.147	0.000	-25.000	10.282
8811	1664.000	-0.300	-0.389	0.000	-25.136	-13.724
8827	1664.000	-0.253	-0.105	0.000	-25.070	14.602
8843	1664.000	-0.243	-0.137	0.000	-25.173	11.442
8859	1664.000	-0.366	-0.502	0.000	-25.470	-24.733
8875	1664.000	-0.242	-0.066	0.000	-25.066	18.504
8891	1664.000	-0.279	-0.185	0.000	-25.529	7.026
8907	1664.000	-0.334	-0.159	0.000	-25.413	9.544
8923	1664.000	-0.309	-0.120	0.000	-25.608	13.563
8939	1664.000	-0.322	-0.192	0.000	-25.222	5.972
8955	1664.000	-0.321	-0.210	0.000	-25.317	4.295
8971	1664.000	-0.378	-0.323	0.000	-25.899	-6.447
8987	1664.000	-0.261	-0.041	0.000	-25.093	20.960
9003	1664.000	-0.298	-0.208	0.000	-25.253	4.465
9019	1664.000	-0.311	-0.194	0.000	-25.456	6.043
9035	1664.000	-0.312	-0.213	0.000	-25.006	3.738
9051	1664.000	-0.371	-0.339	0.000	-25.346	-8.540
9067	1664.000	-0.313	-0.053	0.000	-25.586	20.313
9083	1664.000	-0.337	-0.235	0.000	-25.279	1.777
9099	1664.000	-0.349	-0.156	0.000	-25.741	10.156
9115	1664.000	-0.344	-0.263	0.000	-25.158	-1.139
9131	1664.000	-0.360	-0.329	0.000	-25.005	-7.944
9147	1664.000	-0.336	-0.252	0.000	-25.967	0.792
9163	1664.000	-0.272	-0.167	0.000	-25.000	8.281
9179	1664.000	-0.273	-0.019	0.000	-25.002	23.126
9195	1664.000	-0.366	-0.325	0.000	-25.586	-6.884
9211	1664.000	-0.304	-0.307	0.000	-25.073	-5.582
9227	1664.000	-0.332	-0.026	0.000	-25.152	22.539
9243	1664.000	-0.272	-0.108	0.000	-25.381	14.583
9259	1664.000	-0.321	-0.260	0.000	-25.094	-0.930
9275	1664.000	-0.352	-0.377	0.000	-25.220	-12.508
9291	1664.000	-0.340	-0.331	0.000	-25.497	-7.649
9307	1664.000	-0.329	-0.144	0.000	-25.239	10.832
9323	1664.000	-0.367	-0.437	0.000	-25.139	-18.514
9339	1664.000	-0.359	-0.316	0.000	-25.167	-6.423
9355	1664.000	-0.281	-0.179	0.000	-25.070	7.192
9371	1664.000	-0.388	-0.285	0.000	-25.139	-3.360
10027	1664.000	-0.381	-0.103	0.000	-30.109	19.808
10043	1664.000	-0.383	-0.391	0.000	-30.141	-8.963
10059	1664.000	-0.365	-0.136	0.000	-30.020	16.460
10075	1664.000	-0.326	-0.160	0.000	-30.116	14.087
10091	1664.000	-0.383	-0.186	0.000	-30.336	11.699
10107	1664.000	-0.426	-0.319	0.000	-30.144	-1.739
10123	1664.000	-0.384	-0.409	0.000	-30.446	-10.425
10139	1664.000	-0.330	-0.177	0.000	-30.276	12.566
10155	1664.000	-0.435	-0.499	0.000	-30.020	-19.922
10171	1664.000	-0.379	-0.548	0.000	-30.846	-23.991
10187	1664.000	-0.365	-0.175	0.000	-29.987	12.530
10203	1664.000	-0.383	-0.075	0.000	-30.470	22.991
10219	1664.000	-0.400	-0.524	0.000	-30.167	-22.257
10235	1664.000	-0.308	-0.316	0.000	-29.951	-1.606
10251	1664.000	-0.366	-0.551	0.000	-30.612	-24.481
10267	1664.000	-0.378	-0.513	0.000	-30.019	-21.259
10283	1664.000	-0.371	-0.299	0.000	-30.190	0.307
10299	1664.000	-0.336	-0.176	0.000	-30.290	12.675
10315	1664.000	-0.353	-0.445	0.000	-30.105	-14.384
10331	1664.000	-0.337	-0.236	0.000	-30.765	7.188
10347	1664.000	-0.376	-0.194	0.000	-30.252	10.856
10363	1664.000	-0.362	-0.367	0.000	-30.136	-6.548
10379	1664.000	-0.394	-0.374	0.000	-30.454	-6.904
10395	1664.000	-0.381	-0.233	0.000	-30.488	7.211
10411	1664.000	-0.386	-0.135	0.000	-30.489	16.945
10427	1664.000	-0.395	-0.312	0.000	-30.572	-0.662
10443	1664.000	-0.362	-0.334	0.000	-30.540	-2.826
10459	1664.000	-0.416	-0.463	0.000	-30.574	-15.765
10475	1664.000	-0.387	-0.478	0.000	-30.026	-17.777
10491	1664.000	-0.387	-0.142	0.000	-30.126	15.925
10507	1664.000	-0.409	-0.276	0.000	-30.339	2.706
10523	1664.000	-0.362	-0.318	0.000	-30.163	-1.627
10539	1664.000	-0.369	-0.113	0.000	-30.197	18.856
10555	1664.000	-0.325	-0.236	0.000	-30.267	6.681
10571	1664.000	-0.326	-0.096	0.000	-30.654	21.021
10587	1664.000	-0.423	-0.524	0.000	-30.200	-22.247
10603	1664.000	-0.370	-0.487	0.000	-30.306	-18.434
10619	1664.000	-0.342	-0.051	0.000	-29.952	24.876
10635	1664.000	-0.321	-0.152	0.000	-29.962	14.768
11275	1664.000	-0.397	-0.473	0.000	-29.745	-17.533
11291	1664.000	-0.340	-0.468	0.000	-29.555	-17.282
11307	1664.000	-0.341	-0.348	0.000	-29.339	-5.421
11323	1664.000	-0.368	-0.227	0.000	-30.019	7.349
11339	1664.000	-0.312	-0.310	0.000	-29.311	-1.725
11355	1664.000	-0.360	-0.121	0.000	-29.273	17.159
11371	1664.000	-0.402	-0.336	0.000	-30.075	-3.554
11387	1664.000	-0.324	-0.205	0.000	-29.273	8.733
11403	1664.000	-0.372	-0.217	0.000	-29.640	7.911
11419	1664.000	-0.357	-0.414	0.000	-29.499	-11.946
11435	1664.000	-0.314	-0.264	0.000	-29.412	3.059
11451	1664.000	-0.371	-0.454	0.000	-29.409	-15.969
11467	1664.000	-0.355	-0.284	0.000	-29.370	0.921
11483	1664.000	-0.374	-0.487	0.000	-29.607	-19.070
11499	1664.000	-0.395	-0.320	0.000	-29.479	-2.536
11515	1664.000	-0.363	-0.520	0.000	-29.471	-22.557
11531	1664.000	-0.401	-0.357	0.000	-29.676	-6.074
11547	1664.000	-0.378	-0.465	0.000	-30.193	-16.330
11563	1664.000	-0.385	-0.189	0.000	-29.349	10.427
11579	1664.000	-0.315	-0.120	0.000	-29.383	17.382
11595	1664.000	-0.369	-0.334	0.000	-29.762	-3.631
11611	1664.000	-0.341	-0.310	0.000	-29.346	-1.613
11627	1664.000	-0.401	-0.434	0.000	-29.988	-13.375
11643	1664.000	-0.440	-0.380	0.000	-29.361	-8.612
11659	1664.000	-0.360	-0.269	0.000	-29.457	2.566
11675	1664.000	-0.428	-0.513	0.000	-30.392	-20.910
11691	1664.000	-0.322	-0.178	0.000	-29.364	11.569
11707	1664.000	-0.357	-0.194	0.000	-29.629	10.191
11723	1664.000	-0.417	-0.314	0.000	-29.415	-1.988
11739	1664.000	-0.357	-0.137	0.000	-29.280	15.616
11755	1664.000	-0.362	-0.145	0.000	-29.385	14.863
11771	1664.000	-0.323	-0.204	0.000	-29.427	8.993
11787	1664.000	-0.350	-0.208	0.000	-29.348	8.550
11803	1664.000	-0.386	-0.412	0.000	-29.491	-11.740
11819	1664.000	-0.377	-0.071	0.000	-29.736	22.648
11835	1664.000	-0.365	-0.207	0.000	-29.290	8.602
11851	1664.000	-0.366	-0.454	0.000	-29.634	-15.756
11867	1664.000	-0.366	-0.512	0.000	-29.595	-21.634
11883	1664.000	-0.327	-0.049	0.000	-29.275	24.355
12523	1664.000	-0.252	-0.366	0.000	-23.808	-12.783
12539	1664.000	-0.269	-0.216	0.000	-23.778	2.136
12555	1664.000	-0.295	-0.406	0.000	-23.709	-16.869
12571	1664.000	-0.317	-0.194	0.000	-24.097	4.679
12587	1664.000	-0.290	-0.118	0.000	-24.080	12.315
12603	1664.000	-0.249	-0.211	0.000	-24.023	2.937
12619	1664.000	-0.241	-0.121	0.000	-24.112	12.015
12635	1664.000	-0.290	-0.104	0.000	-23.631	13.218
12651	1664.000	-0.310	-0.486	0.000	-23.646	-24.983
12667	1664.000	-0.294	0.001	0.000	-23.505	23.651
12683	1664.000	-0.272	-0.387	0.000	-23.504	-15.149
12699	1664.000	-0.284	-0.041	0.000	-23.771	19.626
12715	1664.000	-0.283	-0.253	0.000	-23.498	-1.847
12731	1664.000	-0.285	-0.384	0.000	-23.504	-14.885
12747	1664.000	-0.313	-0.172	0.000	-23.571	6.400
12763	1664.000	-0.295	-0.430	0.000	-23.903	-19.092
12779	1664.000	-0.309	-0.113	0.000	-23.498	12.192
12795	1664.000	-0.308	-0.184	0.000	-23.498	5.054
12811	1664.000	-0.256	-0.171	0.000	-24.255	7.197
12827	1664.000	-0.255	-0.209	0.000	-23.503	2.633
12843	1664.000	-0.306	-0.460	0.000	-23.501	-22.471
12859	1664.000	-0.348	-0.429	0.000	-23.770	-19.164
12875	1664.000	-0.300	-0.352	0.000	-23.550	-11.658
12891	1664.000	-0.316	-0.317	0.000	-23.767	-7.974
12907	1664.000	-0.298	-0.225	0.000	-23.858	1.375
12923	1664.000	-0.336	-0.482	0.000	-23.978	-24.173
12939	1664.000	-0.328	-0.168	0.000	-24.194	7.375
12955	1664.000	-0.283	-0.312	0.000	-23.652	-7.552
12971	1664.000	-0.311	-0.086	0.000	-23.673	15.042
12987	1664.000	-0.330	-0.287	0.000	-23.642	-5.064
13003	1664.000	-0.280	-0.075	0.000	-24.394	16.913
13019	1664.000	-0.327	-0.154	0.000	-23.801	8.353
13035	1664.000	-0.300	-0.345	0.000	-23.508	-10.973
13051	1664.000	-0.319	-0.221	0.000	-23.919	1.775
13067	1664.000	-0.336	-0.439	0.000	-23.949	-19.967
13083	1664.000	-0.302	-0.310	0.000	-23.569	-7.382
13099	1664.000	-0.314	-0.109	0.000	-23.917	13.058
13115	1664.000	-0.318	-0.470	0.000	-23.633	-23.378
13131	1664.000	-0.328	-0.240	0.000	-23.743	-0.288
13771	1664.000	-0.958	-0.641	0.000	-77.032	12.895
13787	1664.000	-0.869	-0.647	0.000	-74.136	9.410
13803	1664.000	-0.949	-0.896	0.000	-74.787	-14.823
13819	1664.000	-0.940	-0.665	0.000	-74.663	8.159
13835	1664.000	-0.938	-0.720	0.000	-74.162	2.201
13851	1664.000	-0.827	-0.947	0.000	-75.875	-18.794
13867	1664.000	-0.951	-1.001	0.000	-75.584	-24.523
13883	1664.000	-0.893	-0.493	0.000	-74.120	24.771
13899	1664.000	-0.873	-0.545	0.000	-74.120	19.648
13915	1664.000	-0.890	-0.698	0.000	-74.134	4.331
13931	1664.000	-0.958	-0.692	0.000	-77.266	8.090
13947	1664.000	-0.921	-0.674	0.000	-74.120	6.726
13963	1664.000	-0.866	-0.603	0.000	-76.077	15.745
13979	1664.000	-0.970	-0.701	0.000	-77.914	7.797
13995	1664.000	-1.003	-0.803	0.000	-75.601	-4.709
14011	1664.000	-0.995	-0.902	0.000	-76.059	-14.143
14027	1664.000	-0.948	-0.519	0.000	-75.301	23.435
14043	1664.000	-0.913	-0.661	0.000	-75.643	9.541
14059	1664.000	-0.887	-0.702	0.000	-74.127	3.953
14075	1664.000	-0.928	-0.641	0.000	-74.149	10.079
14091	1664.000	-0.917	-0.748	0.000	-74.133	-0.644
14107	1664.000	-0.933	-0.569	0.000	-74.138	17.207
14123	1664.000	-0.938	-0.915	0.000	-74.158	-17.382
14139	1664.000	-0.895	-0.599	0.000	-74.415	14.536
14155	1664.000	-0.911	-0.783	0.000	-74.138	-4.210
14171	1664.000	-0.931	-0.951	0.000	-74.766	-20.314
14187	1664.000	-0.937	-0.623	0.000	-75.255	12.973
14203	1664.000	-0.934	-0.882	0.000	-74.120	-14.071
14219	1664.000	-0.900	-0.566	0.000	-74.176	17.562
14235	1664.000	-0.921	-0.956	0.000	-75.480	-20.149
14251	1664.000	-0.864	-0.650	0.000	-74.120	9.163
14267	1664.000	-0.976	-0.956	0.000	-74.193	-21.364
14283	1664.000	-0.922	-0.753	0.000	-74.120	-1.169
14299	1664.000	-0.980	-0.826	0.000	-76.492	-6.132
14315	1664.000	-0.918	-0.641	0.000	-74.143	10.009
14331	1664.000	-0.875	-0.842	0.000	-74.150	-10.049
14347	1664.000	-0.992	-0.835	0.000	-75.792	-7.714
14363	1664.000	-0.882	-0.649	0.000	-74.120	9.206
14379	1664.000	-0.958	-0.570	0.000	-74.150	17.181
11	1665.000	-0.939	-0.977	0.009	-122.004	19.598
27	1665.000	-0.950	-1.232	0.000	-131.965	8.741
43	1665.000	-0.920	-1.085	0.000	-126.529	18.023
59	1665.000	-0.959	-1.160	0.000	-122.938	6.925
75	1665.000	-0.952	-1.299	0.000	-126.217	-3.712
91	1665.000	-0.941	-1.018	0.000	-126.789	24.946
107	1665.000	-0.959	-1.318	0.000	-127.219	-4.563
123	1665.000	-0.941	-1.153	0.000	-132.533	17.242
139	1665.000	-0.986	-1.159	0.000	-126.301	10.389
155	1665.000	-0.922	-1.259	0.000	-121.024	-4.858
171	1665.000	-0.958	-1.169	0.000	-136.924	19.992
187	1665.000	-0.863	-1.117	0.000	-121.029	9.346
203	1665.000	-0.902	-1.104	0.000	-121.011	10.568
219	1665.000	-1.018	-1.469	0.000	-131.126	-15.763
235	1665.000	-0.975	-1.291	0.000	-129.566	0.431
251	1665.000	-0.922	-1.058	0.000	-121.025	15.218
267	1665.000	1.373	3.749	0.000	-135.907	10.813
283	1665.000	-0.986	-1.450	0.000	-131.965	-13.042
299	1665.000	-0.816	-0.946	0.083	-125.090	-10.925
315	1665.000	-0.972	-1.046	0.000	-122.958	18.315
331	1665.000	-0.429	-0.973	0.035	-125.348	10.680
347	1665.000	-0.758	-1.104	0.071	-131.965	-13.704
363	1665.000	-0.927	-1.061	0.030	-127.642	6.692
379	1665.000	-0.973	-1.479	0.000	-134.851	-13.069
395	1665.000	-0.935	-1.307	0.000	-122.215	-8.521
411	1665.000	-1.034	-1.616	0.000	-137.260	-24.336
427	1665.000	-1.001	-1.141	0.000	-127.455	13.332
443	1665.000	-0.857	-1.503	0.000	-125.393	-24.860
459	1665.000	-0.964	-1.167	0.000	-121.011	4.290
475	1665.000	-0.915	-1.209	0.000	-121.011	0.107
491	1665.000	1.491	3.829	0.027	-142.180	11.781
507	1665.000	-0.890	-1.277	0.000	-125.080	-2.657
523	1665.000	-0.937	-1.086	0.000	-131.986	23.366
539	1665.000	-0.845	-1.447	0.000	-132.402	-12.285
555	1665.000	-0.890	-1.085	0.055	-121.024	-15.017
571	1665.000	-0.831	-1.413	0.000	-125.087	-16.188
587	1665.000	-0.872	-1.133	0.000	-130.198	16.923
603	1665.000	-0.931	-1.182	0.000	-122.942	4.702
619	1665.000	-0.911	-1.425	0.000	-122.147	-20.311
1259	1665.000	-0.202	-0.111	0.006	-22.130	8.271
1275	1665.000	-0.179	0.212	0.039	-22.211	23.700
1291	1665.000	-0.228	0.255	0.075	-21.929	10.038
1307	1665.000	-0.262	0.230	0.058	-21.806	15.632
1323	1665.000	-0.225	-0.030	0.000	-21.789	18.808
1339	1665.000	-0.262	-0.132	0.062	-21.974	-22.162
1355	1665.000	-0.278	-0.333	0.000	-21.683	-11.640
1371	1665.000	-0.208	0.473	0.112	-22.038	13.492
1387	1665.000	-0.181	0.283	0.060	-22.343	20.890
1403	1665.000	-0.182	0.480	0.098	-21.830	20.702
1419	1665.000	-0.267	0.005	0.000	-21.675	22.201
1435	1665.000	-0.192	0.170	0.087	-21.744	-4.712
1451	1665.000	-0.287	-0.439	0.000	-21.826	-22.034
1467	1665.000	-0.259	-0.044	0.000	-21.828	17.383
1483	1665.000	-0.193	0.020	0.000	-21.864	23.889
1499	1665.000	-0.206	0.261	0.064	-21.940	16.101
1515	1665.000	-0.238	0.108	0.094	-21.736	-14.532
1531	1665.000	-0.234	-0.357	0.000	-21.677	-14.062
1547	1665.000	-0.310	0.030	0.007	-21.742	21.337
1563	1665.000	-0.286	-0.085	0.000	-22.107	13.572
1579	1665.000	-0.229	0.111	0.066	-21.804	-0.138
1595	1665.000	-0.277	-0.209	0.017	-21.836	-7.537
1611	1665.000	-0.322	-0.291	0.036	-22.610	-24.255
1627	1665.000	-0.232	0.037	0.022	-22.103	14.722
1643	1665.000	-0.187	0.203	0.055	-21.842	14.876
1659	1665.000	-0.179	0.102	0.050	-21.943	7.190
1675	1665.000	-0.197	-0.044	0.071	-21.912	-18.007
1691	1665.000	-0.314	0.008	0.011	-22.238	17.306
1707	1665.000	-0.277	-0.075	0.000	-21.809	14.301
1723	1665.000	0.006	1.114	0.269	-21.741	-1.280
1739	1665.000	-0.254	0.010	0.058	-22.061	-6.140
1755	1665.000	-0.201	0.133	0.047	-21.679	11.392
1771	1665.000	-0.165	0.411	0.095	-21.794	15.369
1787	1665.000	-0.251	-0.373	0.000	-21.868	-15.390
1803	1665.000	-0.271	-0.328	0.000	-21.677	-11.074
1819	1665.000	-0.204	-0.056	0.071	-21.829	-19.419
1835	1665.000	-0.280	-0.150	0.000	-21.943	6.908
1851	1665.000	-0.296	-0.295	0.000	-22.115	-7.373
1867	1665.000	-0.318	-0.220	0.048	-22.521	-23.566
2507	1665.000	-0.197	0.851	0.191	-29.474	18.983
2523	1665.000	-0.291	-0.007	0.073	-29.583	-7.611
2539	1665.000	-0.406	-0.188	0.000	-29.229	10.400
2555	1665.000	-0.255	0.269	0.140	-29.179	-13.705
2571	1665.000	-0.411	-0.496	0.000	-29.395	-20.210
2587	1665.000	-0.324	-0.076	0.021	-29.105	10.991
2603	1665.000	-0.223	0.580	0.134	-29.607	20.444
2619	1665.000	-0.271	0.303	0.091	-29.538	14.285
2635	1665.000	-0.359	-0.359	0.000	-29.087	-6.798
2651	1665.000	-0.341	0.282	0.082	-29.365	16.385
2667	1665.000	-0.320	-0.119	0.000	-29.525	17.597
2683	1665.000	-0.327	0.185	0.062	-29.391	16.879
2699	1665.000	-0.347	0.027	0.069	-29.148	-2.587
2715	1665.000	-0.228	0.467	0.150	-29.510	1.011
2731	1665.000	-0.401	-0.221	0.000	-29.269	7.202
2747	1665.000	-0.435	-0.499	0.000	-29.967	-19.943
2763	1665.000	-0.379	-0.078	0.071	-29.337	-14.045
2779	1665.000	-0.348	-0.332	0.000	-29.026	-4.220
2795	1665.000	-0.328	-0.327	0.023	-29.464	-14.524
2811	1665.000	-0.243	0.073	0.080	-29.090	-3.515
2827	1665.000	-0.348	-0.417	0.000	-29.095	-12.572
2843	1665.000	-0.382	-0.280	0.039	-29.157	-18.336
2859	1665.000	-0.356	-0.112	0.059	-29.366	-11.325
2875	1665.000	-0.359	-0.198	0.000	-29.026	9.183
2891	1665.000	-0.227	0.526	0.114	-29.411	24.846
2907	1665.000	-0.341	-0.086	0.084	-29.541	-21.135
2923	1665.000	-0.217	0.457	0.141	-29.066	4.387
2939	1665.000	-0.311	-0.040	0.019	-29.527	15.856
2955	1665.000	-0.345	-0.053	0.050	-29.170	-1.145
2971	1665.000	-0.331	0.239	0.068	-29.095	19.015
2987	1665.000	-0.336	-0.156	0.000	-29.975	14.338
3003	1665.000	-0.334	-0.200	0.039	-29.278	-10.207
3019	1665.000	-0.321	0.047	0.038	-29.204	15.148
3035	1665.000	-0.305	-0.162	0.048	-29.567	-10.683
3051	1665.000	-0.318	-0.060	0.000	-29.060	23.077
3067	1665.000	-0.297	-0.177	0.038	-29.230	-7.261
3083	1665.000	-0.362	-0.056	0.000	-29.417	23.781
3099	1665.000	-0.332	-0.055	0.000	-29.271	23.782
3115	1665.000	-0.354	-0.220	0.000	-29.592	7.551
3755	1665.000	-0.294	0.085	0.065	-28.710	4.451
3771	1665.000	-0.342	0.173	0.061	-28.807	15.827
3787	1665.000	-0.220	0.341	0.158	-28.836	-15.986
3803	1665.000	-0.331	-0.008	0.007	-29.166	24.706
3819	1665.000	-0.339	-0.151	0.000	-29.152	14.036
3835	1665.000	-0.331	-0.085	0.007	-28.863	16.891
3851	1665.000	-0.221	0.361	0.144	-29.001	-6.916
3867	1665.000	-0.358	-0.389	0.000	-29.098	-9.754
3883	1665.000	-0.325	-0.178	0.000	-28.946	11.117
3899	1665.000	-0.344	-0.148	0.000	-28.791	13.963
3915	1665.000	-0.258	0.252	0.062	-29.469	23.734
3931	1665.000	-0.292	-0.001	0.041	-29.111	8.617
3947	1665.000	-0.286	-0.097	0.061	-28.849	-11.103
3963	1665.000	-0.334	-0.208	0.000	-29.353	8.543
3979	1665.000	-0.399	-0.311	0.000	-28.979	-2.104
3995	1665.000	-0.365	-0.013	0.054	-29.654	1.307
4011	1665.000	-0.346	-0.077	0.000	-29.062	21.385
4027	1665.000	-0.355	-0.477	0.000	-28.858	-18.818
4043	1665.000	-0.387	-0.408	0.000	-28.961	-11.857
4059	1665.000	-0.338	-0.226	0.005	-28.863	3.807
4075	1665.000	-0.243	0.309	0.163	-28.871	-21.669
4091	1665.000	-0.178	0.343	0.156	-28.885	-14.944
4107	1665.000	-0.321	0.148	0.093	-28.895	-3.014
4123	1665.000	-0.223	0.263	0.125	-29.482	-6.966
4139	1665.000	-0.399	-0.467	0.004	-28.900	-19.681
4155	1665.000	-0.296	-0.060	0.042	-28.926	2.029
4171	1665.000	-0.203	0.585	0.140	-29.012	17.257
4187	1665.000	-0.309	-0.217	0.059	-28.723	-22.544
4203	1665.000	-0.317	0.067	0.093	-29.047	-10.804
4219	1665.000	-0.349	-0.081	0.053	-28.721	-6.161
4235	1665.000	-0.252	0.294	0.148	-28.652	-16.027
4251	1665.000	-0.269	0.166	0.082	-28.908	4.579
4267	1665.000	-0.193	0.665	0.170	-28.708	10.398
4283	1665.000	-0.393	-0.214	0.029	-28.716	-7.422
4299	1665.000	-0.310	0.254	0.087	-29.239	11.388
4315	1665.000	-0.144	0.559	0.182	-28.734	-6.587
4331	1665.000	-0.307	0.271	0.074	-28.715	18.781
4347	1665.000	-0.416	-0.336	0.000	-28.823	-4.727
4363	1665.000	-0.354	-0.061	0.000	-28.912	22.810
4379	1665.000	-0.229	0.395	0.144	-28.645	-3.840
5019	1665.000	-0.049	1.133	0.270	-20.968	-0.916
5035	1665.000	-0.168	0.188	0.063	-20.713	7.979
5051	1665.000	-0.225	-0.137	0.000	-20.678	6.955
5067	1665.000	-0.250	0.016	0.030	-20.877	7.719
5083	1665.000	-0.198	0.074	0.073	-20.939	-7.958
5099	1665.000	-0.259	-0.082	0.000	-20.707	12.466
5115	1665.000	-0.221	-0.087	0.054	-20.925	-14.741
5131	1665.000	-0.188	0.034	0.070	-20.882	-10.626
5147	1665.000	0.023	1.037	0.223	-20.811	12.802
5163	1665.000	-0.258	-0.085	0.000	-21.223	12.724
5179	1665.000	-0.289	-0.420	0.000	-20.876	-21.084
5195	1665.000	-0.251	-0.092	0.000	-20.817	11.574
5211	1665.000	-0.257	-0.075	0.000	-21.544	14.005
5227	1665.000	-0.231	-0.089	0.000	-20.846	11.925
5243	1665.000	-0.230	0.035	0.000	-20.793	24.315
5259	1665.000	-0.281	-0.103	0.000	-21.020	10.706
5275	1665.000	-0.282	-0.133	0.000	-20.970	7.702
5291	1665.000	-0.229	0.426	0.088	-21.246	19.787
5307	1665.000	-0.204	0.026	0.028	-20.872	9.337
5323	1665.000	-0.214	-0.150	0.060	-20.946	-24.214
5339	1665.000	-0.230	0.073	0.103	-20.706	-23.585
5355	1665.000	-0.221	-0.038	0.000	-21.283	17.442
5371	1665.000	-0.202	0.331	0.072	-20.909	18.011
5387	1665.000	-0.240	-0.121	0.000	-20.749	8.621
5403	1665.000	-0.224	0.053	0.064	-21.577	-5.047
5419	1665.000	-0.232	-0.096	0.000	-20.851	11.287
5435	1665.000	-0.259	0.062	0.024	-20.676	14.716
5451	1665.000	-0.199	0.042	0.009	-21.052	20.610
5467	1665.000	-0.246	-0.167	0.000	-20.675	3.987
5483	1665.000	-0.217	-0.112	0.000	-20.672	9.478
5499	1665.000	-0.255	-0.217	0.010	-20.903	-5.875
5515	1665.000	-0.237	-0.060	0.000	-20.743	14.698
5531	1665.000	-0.261	-0.255	0.000	-20.823	-4.708
5547	1665.000	-0.094	0.898	0.179	-20.834	21.127
5563	1665.000	-0.086	0.600	0.130	-20.674	15.496
5579	1665.000	-0.162	0.290	0.056	-20.920	22.075
5595	1665.000	-0.263	0.092	0.030	-20.919	15.141
5611	1665.000	-0.261	0.073	0.029	-20.679	13.629
5627	1665.000	-0.172	0.362	0.070	-20.676	21.856
6267	1665.000	-0.957	-1.362	0.000	-122.774	-13.468
6283	1665.000	-0.982	-1.120	0.000	-122.148	10.151
6299	1665.000	-0.839	-0.635	0.089	-127.341	19.187
6315	1665.000	-0.969	-1.078	0.037	-122.143	-4.451
6331	1665.000	-0.931	-1.024	0.000	-122.152	19.724
6347	1665.000	-1.013	-1.516	0.000	-137.821	-13.797
6363	1665.000	-0.897	-1.078	0.000	-126.199	18.401
6379	1665.000	-0.987	-1.062	0.000	-122.700	16.496
6395	1665.000	1.267	4.066	0.050	-138.579	20.172
6411	1665.000	-0.935	-1.089	0.000	-131.385	22.453
6427	1665.000	-0.499	3.852	1.000	-126.213	11.440
6443	1665.000	-1.020	-1.224	0.000	-132.331	9.970
6459	1665.000	-1.001	-1.134	0.000	-124.239	10.879
6475	1665.000	-0.859	-0.538	0.095	-122.136	20.753
6491	1665.000	1.243	3.777	0.000	-137.475	15.158
6507	1665.000	-1.003	-1.459	0.000	-122.818	-23.099
6523	1665.000	-0.944	-1.242	0.000	-123.271	-0.960
6539	1665.000	-0.839	-1.198	0.000	-124.066	4.217
6555	1665.000	-0.956	-1.152	0.000	-124.111	8.875
6571	1665.000	-1.002	-1.005	0.000	-123.690	23.239
6587	1665.000	-0.972	-1.390	0.000	-122.136	-16.884
6603	1665.000	-0.972	-1.047	0.000	-122.435	17.764
6619	1665.000	-0.904	-0.956	0.101	-122.180	-23.936
6635	1665.000	-0.972	-1.323	0.000	-122.710	-9.540
6651	1665.000	-1.016	-1.475	0.000	-123.981	-23.562
6667	1665.000	-0.981	-1.327	0.000	-122.416	-10.271
6683	1665.000	-1.010	-1.401	0.000	-123.713	-16.357
6699	1665.000	-0.940	-0.991	0.000	-122.146	23.030
6715	1665.000	-0.844	-1.323	0.000	-122.148	-10.130
6731	1665.000	-0.998	-1.043	0.000	-124.739	20.392
6747	1665.000	-0.921	-1.080	0.000	-122.136	14.122
6763	1665.000	-0.987	-1.369	0.000	-122.136	-14.724
6779	1665.000	-1.047	-1.288	0.000	-135.557	6.785
6795	1665.000	-0.996	-1.576	0.000	-141.941	-15.700
6811	1665.000	-0.708	-1.012	0.017	-124.067	14.188
6827	1665.000	-1.062	-1.657	0.000	-148.359	-17.374
6843	1665.000	-1.001	-1.244	0.000	-134.347	9.954
6859	1665.000	-0.986	-1.291	0.000	-122.136	-6.955
6875	1665.000	-0.956	-1.077	0.066	-135.958	-4.642
7515	1665.000	-0.992	-1.418	0.000	-125.487	-16.346
7531	1665.000	-0.964	-1.396	0.000	-128.889	-10.702
7547	1665.000	1.292	3.354	0.000	-142.220	-22.428
7563	1665.000	-0.977	-1.292	0.007	-126.410	-6.349
7579	1665.000	-0.878	-0.837	0.065	-119.620	3.272
7595	1665.000	-0.921	-1.169	0.023	-122.305	-6.047
7611	1665.000	-0.943	-1.411	0.000	-120.452	-20.612
7627	1665.000	-0.974	-1.444	0.000	-120.128	-24.278
7643	1665.000	-0.914	-1.030	0.000	-120.372	17.417
7659	1665.000	-0.947	-1.340	0.000	-123.683	-10.303
7675	1665.000	-0.432	3.939	1.000	-119.647	13.534
7691	1665.000	-0.871	-0.854	0.099	-125.214	-9.771
7707	1665.000	1.345	3.753	0.000	-137.719	13.025
7723	1665.000	-0.916	-1.369	0.000	-119.647	-17.257
7739	1665.000	-0.950	-1.255	0.000	-137.803	12.332
7755	1665.000	-0.932	-1.178	0.024	-137.172	7.281
7771	1665.000	-0.950	-1.015	0.000	-119.651	18.124
7787	1665.000	-0.988	-1.147	0.011	-119.887	-0.314
7803	1665.000	-1.013	-1.082	0.000	-125.787	17.596
7819	1665.000	-0.925	-1.144	0.000	-128.625	14.262
7835	1665.000	-0.969	-1.467	0.000	-125.215	-21.519
7851	1665.000	-0.522	3.440	1.000	-133.374	-22.642
7867	1665.000	-0.969	-1.421	0.000	-119.634	-22.444
7883	1665.000	-0.950	-1.234	0.000	-120.348	-3.030
7899	1665.000	-0.767	-1.508	0.000	-134.687	-16.087
7915	1665.000	-0.890	-1.047	0.000	-119.620	14.961
7931	1665.000	-0.957	-1.310	0.000	-119.620	-11.382
7947	1665.000	-0.880	-1.221	0.000	-119.854	-2.293
7963	1665.000	-0.870	-1.044	0.000	-120.196	15.833
7979	1665.000	-0.908	-1.046	0.000	-121.567	16.993
7995	1665.000	-0.872	-1.206	0.000	-123.683	3.071
8011	1665.000	-0.968	-1.071	0.000	-119.626	12.491
8027	1665.000	-0.906	-0.959	0.000	-119.660	23.746
8043	1665.000	-0.953	-1.341	0.000	-121.261	-12.800
8059	1665.000	-0.487	-1.191	0.020	-119.620	-9.278
8075	1665.000	-0.933	-1.288	0.000	-128.729	-0.119
8091	1665.000	-0.837	-1.183	0.000	-122.315	4.029
8107	1665.000	-0.712	-1.163	0.000	-132.505	16.170
8123	1665.000	-0.925	-1.057	0.056	-136.149	2.587
8763	1665.000	-0.318	-0.397	0.000	-24.048	-15.660
8779	1665.000	-0.252	-0.197	0.000	-24.061	4.324
8795	1665.000	-0.296	-0.031	0.000	-23.980	20.880
8811	1665.000	-0.270	-0.144	0.003	-24.103	8.037
8827	1665.000	-0.272	-0.391	0.000	-24.043	-15.021
8843	1665.000	-0.251	-0.185	0.000	-24.136	5.674
8859	1665.000	-0.373	-0.475	0.000	-24.405	-23.142
8875	1665.000	-0.187	0.271	0.055	-24.040	23.559
8891	1665.000	-0.208	0.153	0.040	-24.458	19.930
8907	1665.000	-0.296	-0.179	0.000	-24.353	6.443
8923	1665.000	-0.203	0.172	0.084	-24.530	-0.207
8939	1665.000	-0.158	0.648	0.195	-24.180	-8.753
8955	1665.000	-0.279	0.027	0.008	-24.267	23.165
8971	1665.000	-0.350	-0.367	0.000	-24.793	-11.936
8987	1665.000	-0.288	-0.349	0.000	-24.064	-10.824
9003	1665.000	-0.284	0.001	0.000	-24.208	24.288
9019	1665.000	-0.269	-0.268	0.026	-24.392	-15.457
9035	1665.000	-0.289	-0.183	0.032	-23.985	-10.189
9051	1665.000	-0.219	0.434	0.165	-24.293	-14.578
9067	1665.000	-0.226	0.147	0.068	-24.510	5.221
9083	1665.000	-0.343	-0.336	0.000	-24.232	-9.345
9099	1665.000	-0.338	-0.211	0.000	-24.650	3.574
9115	1665.000	-0.167	0.819	0.180	-24.123	16.114
9131	1665.000	-0.293	-0.086	0.042	-23.984	-5.390
9147	1665.000	-0.318	-0.274	0.000	-24.854	-2.516
9163	1665.000	-0.221	-0.135	0.051	-23.980	-14.840
9179	1665.000	-0.261	-0.271	0.012	-23.982	-8.934
9195	1665.000	-0.317	-0.061	0.046	-24.510	-4.380
9211	1665.000	-0.284	-0.052	0.029	-24.046	4.369
9227	1665.000	-0.358	-0.470	0.000	-24.117	-22.918
9243	1665.000	-0.167	0.176	0.093	-24.324	-4.449
9259	1665.000	-0.199	0.456	0.093	-24.065	23.297
9275	1665.000	-0.341	-0.305	0.037	-24.179	-24.792
9291	1665.000	-0.323	-0.228	0.000	-24.429	1.651
9307	1665.000	-0.331	-0.405	0.000	-24.196	-16.346
9323	1665.000	-0.300	-0.122	0.071	-24.106	-23.476
9339	1665.000	-0.287	0.071	0.030	-24.131	16.149
9355	1665.000	-0.269	-0.205	0.031	-24.043	-12.134
9371	1665.000	-0.334	-0.183	0.032	-24.106	-10.345
10027	1665.000	-0.350	-0.133	0.000	-28.871	15.608
10043	1665.000	-0.355	-0.224	0.055	-28.900	-21.194
10059	1665.000	-0.396	-0.534	0.000	-28.791	-24.607
10075	1665.000	-0.301	-0.188	0.000	-28.878	10.060
10091	1665.000	-0.400	-0.445	0.000	-29.077	-15.404
10107	1665.000	-0.364	-0.110	0.080	-28.903	-21.948
10123	1665.000	-0.317	-0.117	0.072	-29.176	-18.279
10139	1665.000	-0.280	-0.127	0.044	-29.023	-5.693
10155	1665.000	-0.391	-0.306	0.026	-28.791	-14.679
10171	1665.000	-0.196	0.735	0.185	-29.538	10.522
10187	1665.000	-0.296	-0.091	0.046	-28.761	-3.225
10203	1665.000	-0.351	-0.092	0.033	-29.199	3.633
10219	1665.000	-0.391	-0.295	0.000	-28.925	-0.623
10235	1665.000	-0.233	0.226	0.085	-28.728	8.910
10251	1665.000	-0.348	-0.241	0.000	-29.327	5.244
10267	1665.000	-0.294	-0.052	0.063	-28.790	-7.804
10283	1665.000	-0.332	-0.258	0.000	-28.945	3.137
10299	1665.000	-0.342	-0.290	0.000	-29.035	0.011
10315	1665.000	-0.324	-0.231	0.054	-28.868	-21.308
10331	1665.000	-0.321	-0.291	0.023	-29.465	-11.370
10347	1665.000	-0.358	-0.196	0.000	-29.001	9.449
10363	1665.000	-0.185	0.575	0.187	-28.896	-7.381
10379	1665.000	-0.377	-0.087	0.000	-29.184	20.516
10395	1665.000	-0.380	-0.515	0.000	-29.214	-22.291
10411	1665.000	-0.319	0.089	0.058	-29.215	8.969
10427	1665.000	-0.378	-0.531	0.001	-29.291	-24.456
10443	1665.000	-0.204	0.521	0.136	-29.262	13.161
10459	1665.000	-0.273	0.261	0.161	-29.292	-24.921
10475	1665.000	-0.256	0.105	0.126	-28.797	-23.867
10491	1665.000	-0.361	-0.266	0.028	-28.887	-11.720
10507	1665.000	-0.359	-0.096	0.007	-29.080	16.174
10523	1665.000	-0.365	-0.512	0.000	-28.920	-22.230
10539	1665.000	-0.230	0.466	0.159	-28.951	-3.978
10555	1665.000	-0.317	-0.457	0.000	-29.015	-16.656
10571	1665.000	-0.310	-0.278	0.000	-29.364	1.559
10587	1665.000	-0.434	-0.486	0.000	-28.954	-19.662
10603	1665.000	-0.341	-0.206	0.000	-29.050	8.442
10619	1665.000	-0.323	-0.290	0.000	-28.729	-0.244
10635	1665.000	-0.330	-0.455	0.000	-28.739	-16.735
11275	1665.000	-0.348	-0.156	0.000	-28.506	12.925
11291	1665.000	-0.279	0.052	0.029	-28.334	19.100
11307	1665.000	-0.331	-0.254	0.000	-28.138	2.768
11323	1665.000	-0.357	-0.356	0.035	-28.753	-24.354
11339	1665.000	-0.345	-0.483	0.000	-28.113	-20.146
11355	1665.000	-0.157	0.835	0.183	-28.078	20.121
11371	1665.000	-0.332	-0.123	0.039	-28.804	-3.029
11387	1665.000	-0.204	0.528	0.130	-28.078	15.669
11403	1665.000	-0.314	-0.150	0.021	-28.410	2.687
11419	1665.000	-0.331	-0.069	0.004	-28.283	19.593
11435	1665.000	-0.319	-0.457	0.000	-28.204	-17.455
11451	1665.000	-0.248	0.286	0.083	-28.201	15.125
11467	1665.000	-0.339	-0.135	0.000	-28.166	14.695
11483	1665.000	-0.351	-0.400	0.006	-28.380	-14.797
11499	1665.000	-0.314	0.062	0.100	-28.265	-15.614
11515	1665.000	-0.308	-0.064	0.000	-28.257	21.844
11531	1665.000	-0.383	-0.454	0.000	-28.443	-16.937
11547	1665.000	-0.331	-0.102	0.000	-28.911	18.738
11563	1665.000	-0.348	-0.265	0.000	-28.147	1.659
11579	1665.000	-0.304	-0.142	0.000	-28.178	13.986
11595	1665.000	-0.348	-0.259	0.046	-28.521	-20.124
11611	1665.000	-0.250	0.181	0.050	-28.144	20.963
11627	1665.000	-0.282	0.313	0.076	-28.725	21.929
11643	1665.000	-0.309	0.126	0.119	-28.158	-18.853
11659	1665.000	-0.329	-0.025	0.012	-28.245	19.845
11675	1665.000	-0.364	-0.220	0.041	-29.091	-13.205
11691	1665.000	-0.216	0.086	0.121	-28.161	-23.956
11707	1665.000	-0.359	-0.367	0.000	-28.400	-8.312
11723	1665.000	-0.352	0.147	0.039	-28.207	23.636
11739	1665.000	-0.331	-0.097	0.017	-28.085	10.061
11755	1665.000	-0.328	-0.289	0.000	-28.180	-0.710
11771	1665.000	-0.278	-0.060	0.051	-28.218	-3.012
11787	1665.000	-0.264	0.203	0.093	-28.146	1.994
11803	1665.000	-0.328	-0.122	0.017	-28.275	7.404
11819	1665.000	-0.337	-0.154	0.043	-28.497	-8.221
11835	1665.000	-0.320	-0.199	0.007	-28.094	4.821
11851	1665.000	-0.383	-0.453	0.001	-28.405	-17.205
11867	1665.000	-0.346	-0.273	0.000	-28.370	1.118
11883	1665.000	-0.237	0.246	0.060	-28.080	22.814
12523	1665.000	-0.208	0.163	0.046	-22.820	16.025
12539	1665.000	-0.215	-0.056	0.024	-22.792	5.278
12555	1665.000	-0.287	-0.250	0.000	-22.730	-2.279
12571	1665.000	-0.258	-0.011	0.024	-23.081	10.136
12587	1665.000	-0.290	-0.223	0.013	-23.066	-5.613
12603	1665.000	-0.139	0.402	0.103	-23.014	11.875
12619	1665.000	-0.029	1.013	0.208	-23.095	20.420
12635	1665.000	-0.275	-0.353	0.000	-22.659	-12.651
12651	1665.000	-0.271	-0.148	0.000	-22.673	7.909
12667	1665.000	-0.233	0.046	0.014	-22.545	19.963
12683	1665.000	-0.268	-0.148	0.000	-22.545	7.734
12699	1665.000	-0.201	0.289	0.063	-22.786	20.091
12715	1665.000	-0.178	0.264	0.080	-22.539	9.080
12731	1665.000	-0.225	0.035	0.080	-22.545	-13.741
12747	1665.000	-0.218	0.075	0.097	-22.605	-18.504
12763	1665.000	-0.288	-0.257	0.000	-22.905	-2.760
12779	1665.000	-0.263	-0.011	0.000	-22.539	21.465
12795	1665.000	-0.227	0.158	0.092	-22.539	-7.587
12811	1665.000	-0.270	-0.323	0.000	-23.224	-9.028
12827	1665.000	-0.197	-0.132	0.055	-22.543	-17.951
12843	1665.000	-0.281	-0.176	0.049	-22.542	-19.556
12859	1665.000	-0.288	0.013	0.000	-22.786	24.066
12875	1665.000	-0.304	-0.245	0.000	-22.586	-1.948
12891	1665.000	-0.296	-0.280	0.000	-22.783	-5.208
12907	1665.000	-0.265	-0.185	0.011	-22.865	-1.310
12923	1665.000	-0.334	-0.430	0.002	-22.973	-20.962
12939	1665.000	-0.292	-0.238	0.000	-23.169	-0.638
12955	1665.000	-0.234	0.027	0.066	-22.678	-7.665
12971	1665.000	-0.263	0.056	0.011	-22.698	22.840
12987	1665.000	-0.318	-0.429	0.000	-22.669	-20.267
13003	1665.000	-0.285	-0.331	0.000	-23.349	-9.716
13019	1665.000	-0.351	-0.442	0.000	-22.813	-21.381
13035	1665.000	-0.282	-0.035	0.000	-22.548	19.082
13051	1665.000	-0.218	0.134	0.099	-22.920	-13.195
13067	1665.000	-0.329	-0.204	0.000	-22.947	2.504
13083	1665.000	-0.174	0.401	0.092	-22.603	16.609
13099	1665.000	-0.170	0.476	0.105	-22.918	17.924
13115	1665.000	-0.304	-0.379	0.000	-22.661	-15.224
13131	1665.000	-0.230	0.083	0.083	-22.760	-10.349
13771	1665.000	-0.989	-1.214	0.000	-129.337	7.890
13787	1665.000	-0.888	-1.135	0.000	-121.510	8.006
13803	1665.000	-0.855	-0.576	0.167	-135.853	-5.104
13819	1665.000	-0.974	-1.432	0.000	-127.193	-16.048
13835	1665.000	-0.968	-1.346	0.000	-125.597	-8.967
13851	1665.000	-0.907	-1.319	0.000	-128.290	-3.595
13867	1665.000	-0.943	-0.979	0.000	-122.821	24.922
13883	1665.000	-0.940	-1.159	0.000	-121.496	5.566
13899	1665.000	-0.918	-1.299	0.024	-121.496	-20.401
13915	1665.000	-0.925	-1.268	0.000	-121.509	-5.261
13931	1665.000	-0.919	-0.966	0.080	-124.342	-12.062
13947	1665.000	-0.974	-1.334	0.000	-121.496	-11.906
13963	1665.000	-0.918	-1.393	0.000	-123.267	-15.992
13979	1665.000	-0.938	-1.095	0.089	-139.945	-13.861
13995	1665.000	-1.041	-1.230	0.000	-131.384	8.369
14011	1665.000	-1.051	-1.372	0.000	-123.250	-13.933
14027	1665.000	-1.013	-1.504	0.000	-130.690	-19.716
14043	1665.000	-0.925	-1.165	0.000	-122.874	6.408
14059	1665.000	-0.965	-1.441	0.000	-121.502	-22.586
14075	1665.000	-0.980	-1.250	0.000	-127.516	2.506
14091	1665.000	-0.996	-1.468	0.000	-130.056	-16.727
14107	1665.000	-0.964	-1.155	0.000	-121.512	6.049
14123	1665.000	-0.909	-0.984	0.085	-136.547	-4.353
14139	1665.000	-0.962	-1.360	0.000	-132.717	-3.304
14155	1665.000	-0.853	-0.706	0.056	-121.512	23.085
14171	1665.000	-0.934	-1.032	0.045	-122.081	-3.417
14187	1665.000	-0.878	-0.744	0.111	-126.586	-3.441
14203	1665.000	-0.927	-1.011	0.000	-121.496	20.412
14219	1665.000	-0.914	-1.093	0.000	-121.547	12.205
14235	1665.000	-0.942	-1.021	0.000	-124.658	22.599
14251	1665.000	-0.910	-1.252	0.000	-121.496	-3.742
14267	1665.000	-1.002	-1.424	0.000	-121.562	-20.875
14283	1665.000	-0.963	-1.352	0.000	-121.496	-13.691
14299	1665.000	-1.022	-1.400	0.000	-132.191	-7.856
14315	1665.000	-0.915	-0.929	0.058	-121.517	-0.345
14331	1665.000	-0.918	-1.391	0.000	-121.523	-17.578
14347	1665.000	-1.070	-1.544	0.000	-135.620	-18.826
14363	1665.000	-0.867	-0.733	0.052	-121.496	22.331
14379	1665.000	-0.976	-1.364	0.036	-141.025	-13.129
