# NEST version: 3.6.0-post0.dev0
# RecordingBackendASCII version: 2
sender	time_ms	V_m	I_tot	I_exc	I_inh	I_noise
1	1662.000	-0.935	-0.740	0.000	-78.555	4.547
17	1662.000	-1.098	-0.808	0.000	-81.940	1.108
33	1662.000	-1.091	-0.979	0.000	-82.197	-15.675
49	1662.000	-0.969	-0.797	0.000	-78.555	-1.131
65	1662.000	-1.080	-0.914	0.000	-80.619	-10.799
81	1662.000	-1.098	-1.064	0.000	-81.851	-24.509
97	1662.000	-0.940	-0.856	0.000	-78.555	-7.024
113	1662.000	-0.976	-0.641	0.000	-78.690	14.607
129	1662.000	-0.980	-0.668	0.000	-79.339	12.527
145	1662.000	-0.965	-0.779	0.000	-79.951	2.007
161	1662.000	-0.971	-0.759	0.000	-78.595	2.728
177	1662.000	-0.945	-0.641	0.000	-78.555	14.502
193	1662.000	-1.095	-0.913	0.000	-83.641	-7.705
209	1662.000	-0.919	-0.540	0.000	-78.591	24.631
225	1662.000	-0.986	-0.761	0.000	-79.322	3.235
241	1662.000	-0.938	-0.888	0.000	-79.342	-9.482
257	1662.000	-0.941	-0.560	0.000	-78.555	22.520
273	1662.000	-0.990	-0.751	0.000	-78.555	3.450
289	1662.000	-0.920	-0.815	0.000	-78.555	-2.958
305	1662.000	-0.936	-0.664	0.000	-78.555	12.134
321	1662.000	-0.990	-0.920	0.000	-78.555	-13.484
337	1662.000	-0.976	-0.583	0.000	-78.944	20.666
353	1662.000	-1.031	-0.961	0.000	-80.950	-15.110
369	1662.000	-0.973	-0.686	0.000	-78.930	10.290
385	1662.000	-1.032	-0.983	0.000	-81.305	-17.040
401	1662.000	-1.023	-1.028	0.000	-79.661	-23.130
417	1662.000	-0.968	-0.754	0.000	-80.638	5.229
433	1662.000	-1.027	-0.894	0.000	-78.927	-10.505
449	1662.000	-1.003	-0.734	0.000	-78.575	5.144
465	1662.000	-1.006	-0.733	0.000	-80.242	6.931
481	1662.000	-0.983	-0.903	0.000	-78.555	-11.745
497	1662.000	-0.924	-0.735	0.000	-78.608	5.084
513	1662.000	-1.013	-0.849	0.000	-78.591	-6.344
529	1662.000	-0.944	-0.696	0.000	-78.601	8.967
545	1662.000	-1.024	-0.978	0.000	-78.555	-19.258
561	1662.000	-0.636	-0.923	0.000	-80.310	-11.961
577	1662.000	-0.968	-0.911	0.000	-78.590	-12.477
593	1662.000	-0.972	-0.723	0.000	-79.489	7.156
609	1662.000	-1.046	-0.856	0.000	-83.161	-2.488
625	1662.000	-0.925	-0.566	0.000	-78.595	22.016
1265	1662.000	-0.293	-0.212	0.000	-25.020	3.817
1281	1662.000	-0.297	-0.185	0.000	-24.850	6.386
1297	1662.000	-0.348	-0.172	0.000	-24.911	7.673
1313	1662.000	-0.278	-0.093	0.000	-24.952	15.676
1329	1662.000	-0.309	-0.408	0.000	-24.607	-16.166
1345	1662.000	-0.328	-0.446	0.000	-25.191	-19.435
1361	1662.000	-0.303	-0.348	0.000	-24.910	-9.908
1377	1662.000	-0.284	-0.018	0.000	-24.657	22.845
1393	1662.000	-0.291	-0.129	0.000	-24.634	11.783
1409	1662.000	-0.367	-0.482	0.000	-24.657	-23.574
1425	1662.000	-0.269	-0.027	0.000	-24.897	22.159
1441	1662.000	-0.380	-0.484	0.000	-24.743	-23.699
1457	1662.000	-0.306	-0.383	0.000	-24.814	-13.453
1473	1662.000	-0.275	-0.465	0.000	-24.731	-21.756
1489	1662.000	-0.291	-0.164	0.000	-24.667	8.244
1505	1662.000	-0.280	-0.089	0.000	-24.561	15.652
1521	1662.000	-0.276	-0.488	0.000	-24.644	-24.141
1537	1662.000	-0.308	-0.378	0.000	-24.671	-13.148
1553	1662.000	-0.309	-0.287	0.000	-24.732	-4.013
1569	1662.000	-0.328	-0.462	0.000	-24.817	-21.357
1585	1662.000	-0.331	-0.268	0.000	-25.075	-1.738
1601	1662.000	-0.332	-0.257	0.000	-25.159	-0.501
1617	1662.000	-0.323	-0.085	0.000	-24.888	16.399
1633	1662.000	-0.327	-0.454	0.000	-24.719	-20.712
1649	1662.000	-0.330	-0.360	0.000	-24.808	-11.236
1665	1662.000	-0.248	-0.237	0.000	-25.408	1.717
1681	1662.000	-0.330	-0.311	0.000	-24.676	-6.435
1697	1662.000	-0.279	-0.243	0.000	-24.770	0.511
1713	1662.000	-0.321	-0.265	0.000	-24.924	-1.539
1729	1662.000	-0.315	-0.207	0.000	-24.567	3.859
1745	1662.000	-0.336	-0.131	0.000	-24.895	11.775
1761	1662.000	-0.284	-0.437	0.000	-24.608	-19.114
1777	1662.000	-0.295	-0.046	0.000	-24.742	20.112
1793	1662.000	-0.334	-0.131	0.000	-24.856	11.773
1809	1662.000	-0.293	-0.214	0.000	-24.780	3.351
1825	1662.000	-0.357	-0.082	0.000	-25.413	17.199
1841	1662.000	-0.360	-0.399	0.000	-25.798	-14.134
1857	1662.000	-0.296	-0.068	0.000	-24.867	18.078
1873	1662.000	-0.357	-0.481	0.000	-25.330	-22.758
2513	1662.000	-0.404	-0.130	0.000	-33.440	20.454
2529	1662.000	-0.447	-0.530	0.000	-33.498	-19.479
2545	1662.000	-0.377	-0.147	0.000	-33.594	18.889
2561	1662.000	-0.420	-0.323	0.000	-33.070	0.808
2577	1662.000	-0.467	-0.467	0.000	-33.984	-12.708
2593	1662.000	-0.451	-0.447	0.000	-33.545	-11.112
2609	1662.000	-0.447	-0.523	0.000	-32.895	-19.396
2625	1662.000	-0.379	-0.460	0.000	-33.108	-12.855
2641	1662.000	-0.374	-0.222	0.000	-33.749	11.537
2657	1662.000	-0.419	-0.503	0.000	-33.235	-17.048
2673	1662.000	-0.379	-0.299	0.000	-32.993	3.083
2689	1662.000	-0.437	-0.465	0.000	-33.751	-12.779
2705	1662.000	-0.364	-0.547	0.000	-32.890	-21.766
2721	1662.000	-0.441	-0.279	0.000	-33.629	5.679
2737	1662.000	-0.439	-0.529	0.000	-33.355	-19.495
2753	1662.000	-0.358	-0.207	0.000	-32.891	12.231
2769	1662.000	-0.400	-0.281	0.000	-33.081	5.012
2785	1662.000	-0.370	-0.083	0.000	-33.138	24.873
2801	1662.000	-0.467	-0.406	0.000	-33.231	-7.350
2817	1662.000	-0.394	-0.308	0.000	-32.896	2.098
2833	1662.000	-0.378	-0.488	0.000	-33.112	-15.736
2849	1662.000	-0.417	-0.321	0.000	-32.982	0.859
2865	1662.000	-0.414	-0.111	0.000	-33.593	22.522
2881	1662.000	-0.378	-0.155	0.000	-33.354	17.904
2897	1662.000	-0.351	-0.293	0.000	-33.143	3.867
2913	1662.000	-0.431	-0.226	0.000	-33.800	11.247
2929	1662.000	-0.394	-0.273	0.000	-33.086	5.817
2945	1662.000	-0.409	-0.415	0.000	-33.103	-8.426
2961	1662.000	-0.476	-0.398	0.000	-34.306	-5.455
2977	1662.000	-0.452	-0.579	0.000	-33.098	-24.780
2993	1662.000	-0.376	-0.335	0.000	-33.256	-0.265
3009	1662.000	-0.293	-0.106	0.000	-33.644	23.044
3025	1662.000	-0.396	-0.542	0.000	-32.894	-21.259
3041	1662.000	-0.482	-0.570	0.000	-33.236	-23.716
3057	1662.000	-0.434	-0.386	0.000	-33.315	-5.327
3073	1662.000	-0.402	-0.179	0.000	-33.237	15.312
3089	1662.000	-0.478	-0.377	0.000	-33.486	-4.189
3105	1662.000	-0.414	-0.247	0.000	-33.658	8.919
3121	1662.000	-0.429	-0.474	0.000	-33.941	-13.418
3761	1662.000	-0.479	-0.528	0.000	-32.851	-19.954
3777	1662.000	-0.403	-0.278	0.000	-32.769	4.923
3793	1662.000	-0.384	-0.195	0.000	-33.096	13.606
3809	1662.000	-0.408	-0.502	0.000	-32.815	-17.400
3825	1662.000	-0.365	-0.352	0.000	-32.826	-2.334
3841	1662.000	-0.399	-0.175	0.000	-32.903	15.358
3857	1662.000	-0.372	-0.106	0.000	-32.680	22.065
3873	1662.000	-0.361	-0.280	0.000	-32.637	4.598
3889	1662.000	-0.403	-0.221	0.000	-33.309	11.238
3905	1662.000	-0.401	-0.107	0.000	-32.988	22.249
3921	1662.000	-0.388	-0.158	0.000	-33.008	17.188
3937	1662.000	-0.449	-0.352	0.000	-33.045	-2.197
3953	1662.000	-0.434	-0.443	0.000	-32.771	-11.527
3969	1662.000	-0.422	-0.484	0.000	-33.433	-15.005
3985	1662.000	-0.426	-0.438	0.000	-32.925	-10.921
4001	1662.000	-0.380	-0.325	0.000	-33.063	0.531
4017	1662.000	-0.433	-0.520	0.000	-32.875	-19.168
4033	1662.000	-0.431	-0.396	0.000	-32.788	-6.802
4049	1662.000	-0.439	-0.565	0.000	-32.977	-23.495
4065	1662.000	-0.416	-0.270	0.000	-32.711	5.663
4081	1662.000	-0.402	-0.090	0.000	-32.829	23.780
4097	1662.000	-0.455	-0.410	0.000	-33.590	-7.398
4113	1662.000	-0.451	-0.386	0.000	-33.081	-5.549
4129	1662.000	-0.388	-0.093	0.000	-32.712	23.455
4145	1662.000	-0.423	-0.562	0.000	-33.243	-23.006
4161	1662.000	-0.385	-0.149	0.000	-32.826	17.892
4177	1662.000	-0.463	-0.437	0.000	-32.843	-10.896
4193	1662.000	-0.380	-0.275	0.000	-32.586	5.126
4209	1662.000	-0.438	-0.145	0.000	-32.471	17.984
4225	1662.000	-0.383	-0.195	0.000	-33.158	13.637
4241	1662.000	-0.446	-0.443	0.000	-32.835	-11.480
4257	1662.000	-0.446	-0.532	0.000	-32.551	-20.600
4273	1662.000	-0.423	-0.375	0.000	-33.692	-3.856
4289	1662.000	-0.398	-0.395	0.000	-32.657	-6.890
4305	1662.000	-0.368	-0.164	0.000	-32.462	16.106
4321	1662.000	-0.387	-0.140	0.000	-32.873	18.839
4337	1662.000	-0.372	-0.213	0.000	-32.960	11.625
4353	1662.000	-0.391	-0.326	0.000	-32.459	-0.123
4369	1662.000	-0.378	-0.179	0.000	-33.087	15.159
5009	1662.000	-0.280	-0.169	0.000	-23.477	6.583
5025	1662.000	-0.289	-0.246	0.000	-23.427	-1.220
5041	1662.000	-0.290	-0.139	0.000	-23.733	9.824
5057	1662.000	-0.256	-0.001	0.000	-23.648	23.570
5073	1662.000	-0.244	-0.309	0.000	-23.613	-7.264
5089	1662.000	-0.287	-0.007	0.000	-23.871	23.220
5105	1662.000	-0.261	-0.112	0.000	-23.522	12.348
5121	1662.000	-0.324	-0.264	0.000	-23.613	-2.788
5137	1662.000	-0.345	-0.386	0.000	-23.997	-14.576
5153	1662.000	-0.278	-0.459	0.000	-23.724	-22.164
5169	1662.000	-0.335	-0.422	0.000	-23.837	-18.338
5185	1662.000	-0.321	-0.197	0.000	-23.909	4.225
5201	1662.000	-0.305	-0.411	0.000	-23.897	-17.222
5217	1662.000	-0.256	-0.252	0.000	-23.648	-1.550
5233	1662.000	-0.302	-0.453	0.000	-23.626	-21.630
5249	1662.000	-0.311	-0.174	0.000	-24.022	6.594
5265	1662.000	-0.310	-0.207	0.000	-24.219	3.501
5281	1662.000	-0.322	-0.215	0.000	-23.808	2.263
5297	1662.000	-0.269	0.007	0.000	-24.001	24.661
5313	1662.000	-0.329	-0.387	0.000	-23.569	-15.122
5329	1662.000	-0.338	-0.294	0.000	-24.107	-5.306
5345	1662.000	-0.299	-0.269	0.000	-23.853	-3.006
5361	1662.000	-0.396	-0.481	0.000	-23.439	-24.684
5377	1662.000	-0.363	-0.227	0.000	-24.821	2.167
5393	1662.000	-0.280	-0.038	0.000	-23.816	20.022
5409	1662.000	-0.293	-0.173	0.000	-23.433	6.165
5425	1662.000	-0.280	-0.248	0.000	-24.297	-0.479
5441	1662.000	-0.317	-0.458	0.000	-23.532	-22.244
5457	1662.000	-0.331	-0.484	0.000	-23.425	-24.988
5473	1662.000	-0.311	-0.416	0.000	-23.580	-18.053
5489	1662.000	-0.348	-0.245	0.000	-23.432	-1.110
5505	1662.000	-0.329	-0.375	0.000	-23.514	-14.006
5521	1662.000	-0.334	-0.167	0.000	-23.429	6.715
5537	1662.000	-0.291	-0.436	0.000	-23.425	-20.204
5553	1662.000	-0.288	-0.197	0.000	-23.918	4.192
5569	1662.000	-0.295	-0.014	0.000	-23.510	22.103
5585	1662.000	-0.240	-0.336	0.000	-23.434	-10.212
5601	1662.000	-0.275	-0.346	0.000	-23.570	-10.993
5617	1662.000	-0.284	-0.341	0.000	-23.712	-10.397
6257	1662.000	-1.075	-1.012	0.000	-81.362	-19.807
6273	1662.000	-1.077	-1.042	0.000	-82.111	-22.073
6289	1662.000	-1.003	-0.951	0.000	-81.356	-13.698
6305	1662.000	-0.967	-0.618	0.000	-81.353	19.576
6321	1662.000	-0.962	-0.657	0.000	-81.683	16.015
6337	1662.000	-1.015	-0.754	0.000	-81.317	5.966
6353	1662.000	-0.976	-0.746	0.000	-81.316	6.753
6369	1662.000	-0.960	-0.954	0.000	-84.350	-11.051
6385	1662.000	-1.084	-0.997	0.000	-81.728	-18.001
6401	1662.000	-1.082	-1.053	0.000	-81.318	-23.958
6417	1662.000	-1.094	-0.929	0.000	-84.055	-8.849
6433	1662.000	-1.057	-0.873	0.000	-84.705	-2.568
6449	1662.000	-0.984	-0.837	0.000	-81.317	-2.432
6465	1662.000	-1.037	-0.798	0.000	-82.919	3.163
6481	1662.000	-0.972	-0.903	0.000	-82.182	-8.068
6497	1662.000	-0.990	-0.752	0.000	-81.316	6.124
6513	1662.000	-0.995	-0.606	0.000	-81.665	21.080
6529	1662.000	-1.014	-0.577	0.000	-81.372	23.710
6545	1662.000	-0.992	-0.770	0.000	-82.110	5.108
6561	1662.000	-0.963	-0.977	0.000	-81.326	-16.387
6577	1662.000	-0.999	-0.757	0.000	-82.097	6.426
6593	1662.000	-1.027	-0.707	0.000	-81.333	10.670
6609	1662.000	-0.998	-0.746	0.000	-82.209	7.643
6625	1662.000	-1.035	-0.672	0.000	-82.797	15.622
6641	1662.000	-0.986	-0.903	0.000	-82.919	-7.363
6657	1662.000	-0.997	-0.724	0.000	-82.937	10.508
6673	1662.000	-1.016	-0.648	0.000	-81.346	16.574
6689	1662.000	-1.016	-0.942	0.000	-81.379	-12.790
6705	1662.000	-1.068	-1.025	0.000	-82.328	-20.212
6721	1662.000	-0.992	-0.688	0.000	-81.316	12.566
6737	1662.000	-0.691	-0.703	0.000	-81.352	11.095
6753	1662.000	-0.929	-1.012	0.000	-84.567	-16.604
6769	1662.000	-1.049	-0.680	0.000	-81.316	13.290
6785	1662.000	-1.044	-0.928	0.000	-81.317	-11.490
6801	1662.000	-1.066	-0.924	0.000	-83.299	-9.146
6817	1662.000	-1.049	-0.986	0.000	-83.128	-15.429
6833	1662.000	-0.975	-0.682	0.000	-81.325	13.135
6849	1662.000	-1.098	-0.845	0.000	-84.003	-0.451
6865	1662.000	-1.011	-0.627	0.000	-81.336	18.663
6881	1662.000	-1.006	-0.660	0.000	-81.362	15.378
7521	1662.000	-0.978	-0.907	0.000	-78.830	-11.840
7537	1662.000	-0.973	-0.933	0.000	-79.270	-13.986
7553	1662.000	-0.675	-0.981	0.000	-78.458	-19.597
7569	1662.000	-0.975	-0.588	0.000	-78.470	19.673
7585	1662.000	-0.974	-1.018	0.000	-79.406	-22.426
7601	1662.000	-1.017	-0.628	0.000	-80.224	17.428
7617	1662.000	-0.942	-0.800	0.000	-78.454	-1.508
7633	1662.000	-1.122	-0.993	0.000	-80.477	-18.832
7649	1662.000	-0.943	-0.876	0.000	-79.121	-8.489
7665	1662.000	-1.037	-0.649	0.000	-80.410	15.518
7681	1662.000	-0.968	-0.587	0.000	-78.464	19.794
7697	1662.000	-1.014	-0.879	0.000	-78.828	-9.119
7713	1662.000	-1.054	-0.843	0.000	-81.954	-2.300
7729	1662.000	-0.904	-0.668	0.000	-78.534	11.778
7745	1662.000	-1.023	-0.938	0.000	-78.522	-15.316
7761	1662.000	-0.922	-1.003	0.000	-78.436	-21.875
7777	1662.000	-0.997	-0.996	0.000	-81.309	-18.289
7793	1662.000	-0.949	-0.971	0.000	-78.520	-18.606
7809	1662.000	-1.008	-0.914	0.000	-79.203	-12.221
7825	1662.000	-1.065	-0.849	0.000	-79.881	-5.064
7841	1662.000	-0.938	-0.801	0.000	-78.486	-1.663
7857	1662.000	-1.054	-1.018	0.000	-78.436	-23.335
7873	1662.000	-1.068	-1.062	0.000	-81.715	-24.523
7889	1662.000	-1.013	-0.807	0.000	-78.436	-2.268
7905	1662.000	-0.968	-0.924	0.000	-78.436	-13.999
7921	1662.000	-1.055	-0.785	0.000	-80.405	1.867
7937	1662.000	-1.049	-1.045	0.000	-80.530	-23.929
7953	1662.000	-1.031	-0.682	0.000	-78.471	10.301
7969	1662.000	-0.965	-0.999	0.000	-78.453	-21.487
7985	1662.000	-1.037	-0.917	0.000	-79.249	-12.495
8001	1662.000	-0.973	-0.808	0.000	-79.284	-1.522
8017	1662.000	-0.937	-0.853	0.000	-80.271	-5.039
8033	1662.000	-0.964	-0.732	0.000	-78.453	5.238
8049	1662.000	-0.961	-0.622	0.000	-79.208	17.040
8065	1662.000	-1.068	-0.785	0.000	-80.918	2.397
8081	1662.000	-1.011	-1.003	0.000	-78.453	-21.809
8097	1662.000	-1.048	-0.984	0.000	-80.477	-17.879
8113	1662.000	-0.994	-0.780	0.000	-78.513	0.542
8129	1662.000	-0.976	-0.785	0.000	-78.482	-0.030
8769	1662.000	-0.379	-0.373	0.000	-27.173	-10.082
8785	1662.000	-0.348	-0.450	0.000	-27.387	-17.614
8801	1662.000	-0.379	-0.176	0.000	-27.604	10.014
8817	1662.000	-0.316	-0.187	0.000	-27.602	8.855
8833	1662.000	-0.317	-0.131	0.000	-27.563	14.469
8849	1662.000	-0.329	-0.376	0.000	-27.634	-9.949
8865	1662.000	-0.337	-0.290	0.000	-27.949	-1.012
8881	1662.000	-0.433	-0.395	0.000	-27.380	-12.105
8897	1662.000	-0.347	-0.242	0.000	-27.983	3.740
8913	1662.000	-0.268	-0.291	0.000	-27.335	-1.805
8929	1662.000	-0.299	-0.043	0.000	-27.381	23.103
8945	1662.000	-0.339	-0.188	0.000	-27.634	8.865
8961	1662.000	-0.334	-0.089	0.000	-27.290	18.436
8977	1662.000	-0.298	-0.208	0.000	-27.509	6.724
8993	1662.000	-0.374	-0.233	0.000	-27.851	4.571
9009	1662.000	-0.384	-0.303	0.000	-27.421	-2.848
9025	1662.000	-0.387	-0.259	0.000	-28.022	2.087
9041	1662.000	-0.401	-0.438	0.000	-28.224	-15.533
9057	1662.000	-0.333	-0.222	0.000	-28.072	5.913
9073	1662.000	-0.349	-0.386	0.000	-27.991	-10.658
9089	1662.000	-0.322	-0.263	0.000	-27.381	1.038
9105	1662.000	-0.364	-0.379	0.000	-27.260	-10.688
9121	1662.000	-0.345	-0.252	0.000	-28.278	3.033
9137	1662.000	-0.335	-0.181	0.000	-27.173	9.108
9153	1662.000	-0.309	-0.213	0.000	-27.175	5.882
9169	1662.000	-0.361	-0.528	0.000	-27.964	-24.859
9185	1662.000	-0.290	-0.507	0.000	-27.352	-23.348
9201	1662.000	-0.345	-0.134	0.000	-27.429	14.035
9217	1662.000	-0.359	-0.471	0.000	-27.392	-19.730
9233	1662.000	-0.352	-0.242	0.000	-27.354	3.161
9249	1662.000	-0.381	-0.477	0.000	-27.426	-20.256
9265	1662.000	-0.361	-0.199	0.000	-27.336	7.391
9281	1662.000	-0.336	-0.400	0.000	-27.217	-12.813
9297	1662.000	-0.385	-0.285	0.000	-27.357	-1.139
9313	1662.000	-0.368	-0.065	0.000	-27.338	20.825
9329	1662.000	-0.321	-0.075	0.000	-27.347	19.884
9345	1662.000	-0.389	-0.457	0.000	-27.276	-18.430
9361	1662.000	-0.412	-0.516	0.000	-27.578	-24.069
9377	1662.000	-0.370	-0.373	0.000	-27.352	-9.945
10017	1662.000	-0.386	-0.354	0.000	-32.679	-2.686
10033	1662.000	-0.396	-0.250	0.000	-32.559	7.583
10049	1662.000	-0.417	-0.499	0.000	-32.719	-17.156
10065	1662.000	-0.425	-0.550	0.000	-32.761	-22.240
10081	1662.000	-0.414	-0.269	0.000	-32.654	5.746
10097	1662.000	-0.385	-0.542	0.000	-33.298	-20.853
10113	1662.000	-0.378	-0.491	0.000	-32.905	-16.186
10129	1662.000	-0.372	-0.083	0.000	-32.717	24.449
10145	1662.000	-0.406	-0.189	0.000	-33.702	14.764
10161	1662.000	-0.439	-0.568	0.000	-32.642	-24.199
10177	1662.000	-0.424	-0.116	0.000	-33.209	21.630
10193	1662.000	-0.405	-0.343	0.000	-32.677	-1.581
10209	1662.000	-0.402	-0.311	0.000	-32.555	1.430
10225	1662.000	-0.391	-0.306	0.000	-32.795	2.171
10241	1662.000	-0.437	-0.088	0.000	-32.961	24.187
10257	1662.000	-0.406	-0.141	0.000	-32.554	18.437
10273	1662.000	-0.430	-0.293	0.000	-32.833	3.535
10289	1662.000	-0.346	-0.110	0.000	-32.847	21.829
10305	1662.000	-0.392	-0.177	0.000	-33.152	15.478
10321	1662.000	-0.403	-0.334	0.000	-32.868	-0.554
10337	1662.000	-0.410	-0.278	0.000	-33.315	5.512
10353	1662.000	-0.431	-0.507	0.000	-33.028	-17.642
10369	1662.000	-0.440	-0.228	0.000	-33.410	10.600
10385	1662.000	-0.426	-0.367	0.000	-33.631	-3.085
10401	1662.000	-0.403	-0.409	0.000	-33.404	-7.537
10417	1662.000	-0.394	-0.306	0.000	-33.017	2.393
10433	1662.000	-0.396	-0.114	0.000	-33.020	21.606
10449	1662.000	-0.410	-0.205	0.000	-32.870	12.366
10465	1662.000	-0.433	-0.493	0.000	-32.869	-16.468
10481	1662.000	-0.396	-0.155	0.000	-33.022	17.509
10497	1662.000	-0.410	-0.565	0.000	-33.184	-23.330
10513	1662.000	-0.348	-0.155	0.000	-33.380	17.859
10529	1662.000	-0.379	-0.442	0.000	-32.902	-11.345
10545	1662.000	-0.401	-0.411	0.000	-33.940	-7.159
10561	1662.000	-0.354	-0.180	0.000	-33.504	15.491
10577	1662.000	-0.426	-0.470	0.000	-32.813	-14.211
10593	1662.000	-0.408	-0.329	0.000	-32.716	-0.232
10609	1662.000	-0.370	-0.208	0.000	-32.562	11.776
10625	1662.000	-0.424	-0.319	0.000	-32.566	0.649
11265	1662.000	-0.418	-0.132	0.000	-31.926	18.678
11281	1662.000	-0.447	-0.451	0.000	-32.124	-12.987
11297	1662.000	-0.469	-0.228	0.000	-33.067	10.303
11313	1662.000	-0.375	-0.311	0.000	-31.979	0.843
11329	1662.000	-0.389	-0.158	0.000	-32.305	16.463
11345	1662.000	-0.482	-0.348	0.000	-33.043	-1.770
11361	1662.000	-0.351	-0.483	0.000	-31.817	-16.521
11377	1662.000	-0.414	-0.240	0.000	-32.379	8.376
11393	1662.000	-0.405	-0.169	0.000	-32.381	15.509
11409	1662.000	-0.436	-0.248	0.000	-31.896	7.078
11425	1662.000	-0.422	-0.166	0.000	-32.098	15.531
11441	1662.000	-0.387	-0.096	0.000	-32.329	22.762
11457	1662.000	-0.457	-0.188	0.000	-32.597	13.781
11473	1662.000	-0.374	-0.321	0.000	-31.898	-0.196
11489	1662.000	-0.423	-0.253	0.000	-32.124	6.846
11505	1662.000	-0.480	-0.472	0.000	-33.026	-14.217
11521	1662.000	-0.453	-0.564	0.000	-32.578	-23.823
11537	1662.000	-0.386	-0.243	0.000	-31.817	7.506
11553	1662.000	-0.377	-0.423	0.000	-32.046	-10.275
11569	1662.000	-0.401	-0.134	0.000	-32.391	18.969
11585	1662.000	-0.392	-0.407	0.000	-31.819	-8.867
11601	1662.000	-0.422	-0.569	0.000	-32.572	-24.352
11617	1662.000	-0.346	-0.097	0.000	-32.260	22.599
11633	1662.000	-0.470	-0.440	0.000	-32.034	-11.990
11649	1662.000	-0.460	-0.413	0.000	-33.450	-7.890
11665	1662.000	-0.417	-0.502	0.000	-31.924	-18.294
11681	1662.000	-0.390	-0.439	0.000	-32.595	-11.310
11697	1662.000	-0.417	-0.536	0.000	-32.243	-21.372
11713	1662.000	-0.418	-0.525	0.000	-31.823	-20.633
11729	1662.000	-0.366	-0.205	0.000	-32.077	11.607
11745	1662.000	-0.451	-0.405	0.000	-32.253	-8.294
11761	1662.000	-0.382	-0.196	0.000	-31.825	12.195
11777	1662.000	-0.401	-0.178	0.000	-31.817	13.996
11793	1662.000	-0.395	-0.241	0.000	-32.634	8.527
11809	1662.000	-0.408	-0.497	0.000	-31.845	-17.885
11825	1662.000	-0.378	-0.453	0.000	-31.905	-13.386
11841	1662.000	-0.428	-0.480	0.000	-32.297	-15.672
11857	1662.000	-0.463	-0.300	0.000	-31.974	1.932
11873	1662.000	-0.335	-0.082	0.000	-32.581	24.388
12529	1662.000	-0.355	-0.242	0.000	-26.049	1.880
12545	1662.000	-0.290	-0.035	0.000	-26.173	22.705
12561	1662.000	-0.314	-0.185	0.000	-25.985	7.491
12577	1662.000	-0.390	-0.116	0.000	-26.268	14.668
12593	1662.000	-0.377	-0.337	0.000	-26.011	-7.701
12609	1662.000	-0.354	-0.403	0.000	-25.579	-14.722
12625	1662.000	-0.294	-0.316	0.000	-25.892	-5.664
12641	1662.000	-0.328	-0.443	0.000	-25.661	-18.687
12657	1662.000	-0.364	-0.408	0.000	-25.540	-15.231
12673	1662.000	-0.350	-0.332	0.000	-26.175	-7.069
12689	1662.000	-0.334	-0.372	0.000	-25.540	-11.668
12705	1662.000	-0.309	-0.415	0.000	-25.540	-15.970
12721	1662.000	-0.349	-0.504	0.000	-25.864	-24.569
12737	1662.000	-0.302	-0.444	0.000	-25.841	-18.539
12753	1662.000	-0.305	-0.023	0.000	-25.540	23.250
12769	1662.000	-0.363	-0.402	0.000	-25.540	-14.693
12785	1662.000	-0.348	-0.188	0.000	-26.445	7.632
12801	1662.000	-0.283	-0.220	0.000	-25.543	3.512
12817	1662.000	-0.316	-0.328	0.000	-25.548	-7.276
12833	1662.000	-0.355	-0.152	0.000	-26.331	11.137
12849	1662.000	-0.302	-0.441	0.000	-25.565	-18.583
12865	1662.000	-0.335	-0.395	0.000	-25.991	-13.508
12881	1662.000	-0.329	-0.224	0.000	-26.348	3.976
12897	1662.000	-0.346	-0.441	0.000	-25.930	-18.183
12913	1662.000	-0.291	-0.267	0.000	-25.957	-0.736
12929	1662.000	-0.376	-0.405	0.000	-25.809	-14.684
12945	1662.000	-0.293	-0.245	0.000	-25.715	1.213
12961	1662.000	-0.323	-0.266	0.000	-25.559	-1.008
12977	1662.000	-0.295	-0.219	0.000	-26.369	4.438
12993	1662.000	-0.346	-0.260	0.000	-26.109	0.128
13009	1662.000	-0.279	-0.169	0.000	-25.545	8.688
13025	1662.000	-0.325	-0.055	0.000	-25.716	20.213
13041	1662.000	-0.376	-0.308	0.000	-26.281	-4.548
13057	1662.000	-0.264	-0.147	0.000	-25.728	11.028
13073	1662.000	-0.340	-0.384	0.000	-25.788	-12.592
13089	1662.000	-0.334	-0.328	0.000	-25.812	-6.951
13105	1662.000	-0.397	-0.496	0.000	-26.031	-23.557
13121	1662.000	-0.308	-0.154	0.000	-26.157	10.788
13137	1662.000	-0.325	-0.180	0.000	-25.846	7.806
13777	1662.000	-1.066	-0.956	0.000	-81.347	-14.271
13793	1662.000	-0.967	-0.569	0.000	-80.561	23.697
13809	1662.000	-1.014	-0.874	0.000	-80.613	-6.837
13825	1662.000	-0.994	-0.641	0.000	-82.666	18.529
13841	1662.000	-0.836	-1.033	0.000	-81.225	-22.093
13857	1662.000	-0.599	-0.692	0.000	-80.561	11.385
13873	1662.000	-1.011	-0.898	0.000	-80.561	-9.259
13889	1662.000	-1.009	-1.022	0.000	-80.597	-21.588
13905	1662.000	-0.980	-0.822	0.000	-82.415	0.245
13921	1662.000	-1.079	-1.050	0.000	-80.561	-24.459
13937	1662.000	-0.555	-0.876	0.000	-82.039	-5.572
13953	1662.000	-1.087	-1.089	0.000	-84.328	-24.605
13969	1662.000	-1.011	-0.624	0.000	-81.658	19.222
13985	1662.000	-1.010	-0.784	0.000	-82.003	3.651
14001	1662.000	-1.063	-0.755	0.000	-82.121	6.630
14017	1662.000	-0.997	-0.616	0.000	-81.694	20.085
14033	1662.000	-0.965	-0.984	0.000	-80.561	-17.818
14049	1662.000	-0.772	-0.824	0.000	-80.569	-1.859
14065	1662.000	-1.063	-0.640	0.000	-80.561	16.530
14081	1662.000	-1.021	-0.842	0.000	-80.561	-3.641
14097	1662.000	-1.016	-0.695	0.000	-81.380	11.852
14113	1662.000	-1.008	-0.806	0.000	-80.583	-0.005
14129	1662.000	-0.971	-0.844	0.000	-80.561	-3.868
14145	1662.000	-1.044	-0.722	0.000	-82.683	10.531
14161	1662.000	-1.104	-0.754	0.000	-83.811	8.438
14177	1662.000	-0.977	-0.607	0.000	-80.561	19.907
14193	1662.000	-0.921	-0.729	0.000	-81.365	8.423
14209	1662.000	-1.001	-0.872	0.000	-81.626	-5.611
14225	1662.000	-0.984	-1.005	0.000	-81.417	-19.114
14241	1662.000	-1.025	-0.743	0.000	-81.378	7.078
14257	1662.000	-1.044	-0.848	0.000	-80.561	-4.264
14273	1662.000	-1.085	-0.895	0.000	-84.910	-4.568
14289	1662.000	-0.998	-0.669	0.000	-81.544	14.605
14305	1662.000	-0.602	-0.803	0.000	-80.583	0.254
14321	1662.000	-1.043	-1.055	0.000	-82.733	-22.745
14337	1662.000	-0.975	-0.679	0.000	-80.561	12.705
14353	1662.000	-0.982	-0.912	0.000	-80.583	-10.569
14369	1662.000	-0.940	-0.582	0.000	-80.602	22.421
14385	1662.000	-1.087	-0.888	0.000	-80.586	-8.169
1	1663.000	-0.910	-0.973	0.000	-75.349	-21.933
17	1663.000	-0.599	-0.745	0.000	-78.412	3.913
33	1663.000	-1.009	-0.558	0.000	-78.645	22.796
49	1663.000	-0.923	-0.519	0.000	-75.349	23.497
65	1663.000	-1.059	-0.921	0.000	-77.217	-14.883
81	1663.000	-1.040	-0.556	0.000	-78.331	22.740
97	1663.000	-0.919	-0.791	0.000	-75.349	-3.726
113	1663.000	-0.945	-0.924	0.000	-75.471	-16.943
129	1663.000	-0.914	-0.580	0.000	-76.059	18.097
145	1663.000	-0.919	-0.651	0.000	-76.612	11.518
161	1663.000	-0.914	-0.760	0.000	-75.385	-0.659
177	1663.000	-0.908	-0.938	0.000	-75.349	-18.452
193	1663.000	-1.025	-0.750	0.000	-79.951	4.940
209	1663.000	0.001	4.085	0.000	-75.382	-16.138
225	1663.000	-0.956	-0.700	0.000	-76.043	6.050
241	1663.000	-0.905	-0.723	0.000	-76.062	3.807
257	1663.000	-0.907	-0.932	0.000	-75.349	-17.809
273	1663.000	-0.966	-0.813	0.000	-75.349	-5.920
289	1663.000	-0.899	-0.913	0.000	-75.349	-15.915
305	1663.000	-0.939	-0.997	0.000	-75.349	-24.313
321	1663.000	-0.962	-0.833	0.000	-75.349	-7.903
337	1663.000	-0.916	-0.581	0.000	-75.702	17.627
353	1663.000	-0.980	-0.589	0.000	-77.516	18.658
369	1663.000	-0.924	-0.545	0.000	-75.689	21.184
385	1663.000	-0.984	-0.638	0.000	-77.838	14.085
401	1663.000	-0.978	-0.764	0.000	-76.350	-0.100
417	1663.000	-0.949	-0.824	0.000	-77.234	-5.134
433	1663.000	-0.961	-0.725	0.000	-75.686	3.211
449	1663.000	-0.921	-0.564	0.000	-75.367	19.015
465	1663.000	-0.987	-0.792	0.000	-76.875	-2.340
481	1663.000	-0.937	-0.605	0.000	-75.349	14.826
497	1663.000	-0.853	-0.525	0.000	-75.397	22.908
513	1663.000	-0.973	-0.841	0.000	-75.382	-8.756
529	1663.000	-0.920	-0.824	0.000	-75.391	-7.058
545	1663.000	-0.972	-0.916	0.000	-75.349	-16.259
561	1663.000	-0.653	-0.662	0.000	-76.937	10.688
577	1663.000	-0.925	-0.551	0.000	-75.380	20.293
593	1663.000	-0.441	4.468	1.000	-76.194	23.001
609	1663.000	-0.982	-0.754	0.000	-79.517	4.102
625	1663.000	-0.884	-0.733	0.000	-75.385	2.123
1265	1663.000	-0.273	-0.218	0.000	-23.974	2.147
1281	1663.000	-0.276	-0.242	0.000	-23.820	-0.333
1297	1663.000	-0.328	-0.180	0.000	-23.875	5.867
1313	1663.000	-0.256	-0.243	0.000	-23.913	-0.375
1329	1663.000	-0.324	-0.410	0.000	-23.600	-17.395
1345	1663.000	-0.312	-0.067	0.000	-24.129	17.415
1361	1663.000	-0.290	-0.422	0.000	-23.874	-18.338
1377	1663.000	-0.309	-0.450	0.000	-23.646	-21.309
1393	1663.000	-0.316	-0.382	0.000	-23.625	-14.531
1409	1663.000	-0.363	-0.340	0.000	-23.645	-10.380
1425	1663.000	-0.246	-0.143	0.000	-23.863	9.579
1441	1663.000	-0.321	-0.013	0.000	-23.723	22.441
1457	1663.000	-0.304	-0.232	0.000	-23.787	0.636
1473	1663.000	-0.298	-0.407	0.000	-23.712	-16.945
1489	1663.000	-0.297	-0.343	0.000	-23.654	-10.656
1505	1663.000	-0.292	-0.276	0.000	-23.559	-4.057
1521	1663.000	-0.255	-0.171	0.000	-23.633	6.522
1537	1663.000	-0.301	-0.307	0.000	-23.659	-7.070
1553	1663.000	-0.302	-0.261	0.000	-23.713	-2.388
1569	1663.000	-0.339	-0.418	0.000	-23.790	-18.005
1585	1663.000	-0.322	-0.115	0.000	-24.024	12.561
1601	1663.000	-0.311	-0.247	0.000	-24.100	-0.554
1617	1663.000	-0.290	-0.116	0.000	-23.854	12.293
1633	1663.000	-0.321	-0.245	0.000	-23.702	-0.754
1649	1663.000	-0.289	-0.058	0.000	-23.782	17.954
1665	1663.000	-0.257	-0.386	0.000	-24.325	-14.311
1681	1663.000	-0.303	-0.016	0.000	-23.663	22.086
1697	1663.000	-0.272	-0.247	0.000	-23.748	-0.904
1713	1663.000	-0.303	-0.245	0.000	-23.887	-0.624
1729	1663.000	-0.316	-0.455	0.000	-23.564	-21.957
1745	1663.000	-0.310	-0.065	0.000	-23.861	17.314
1761	1663.000	-0.294	-0.238	0.000	-23.601	-0.215
1777	1663.000	-0.326	-0.444	0.000	-23.723	-20.662
1793	1663.000	-0.336	-0.463	0.000	-23.826	-22.523
1809	1663.000	-0.294	-0.453	0.000	-23.757	-21.588
1825	1663.000	-0.318	-0.117	0.000	-24.329	12.619
1841	1663.000	-0.346	-0.232	0.000	-24.678	1.466
1857	1663.000	-0.279	-0.249	0.000	-23.835	-1.075
1873	1663.000	-0.347	-0.390	0.000	-24.255	-14.789
2513	1663.000	-0.391	-0.167	0.000	-32.046	15.366
2529	1663.000	-0.419	-0.483	0.000	-32.097	-16.171
2545	1663.000	-0.364	-0.311	0.000	-32.185	1.128
2561	1663.000	-0.374	-0.105	0.000	-31.710	21.239
2577	1663.000	-0.457	-0.554	0.000	-32.537	-22.819
2593	1663.000	-0.416	-0.316	0.000	-32.141	0.562
2609	1663.000	-0.425	-0.396	0.000	-31.552	-8.029
2625	1663.000	-0.364	-0.214	0.000	-31.745	10.341
2641	1663.000	-0.374	-0.245	0.000	-32.325	7.818
2657	1663.000	-0.411	-0.451	0.000	-31.860	-13.243
2673	1663.000	-0.395	-0.455	0.000	-31.641	-13.827
2689	1663.000	-0.417	-0.509	0.000	-32.326	-18.620
2705	1663.000	-0.363	-0.468	0.000	-31.547	-15.208
2721	1663.000	-0.401	-0.138	0.000	-32.216	18.439
2737	1663.000	-0.427	-0.306	0.000	-31.969	1.373
2753	1663.000	-0.360	-0.437	0.000	-31.548	-12.170
2769	1663.000	-0.425	-0.523	0.000	-31.720	-20.619
2785	1663.000	-0.364	-0.286	0.000	-31.772	3.156
2801	1663.000	-0.419	-0.210	0.000	-31.856	10.824
2817	1663.000	-0.379	-0.402	0.000	-31.553	-8.657
2833	1663.000	-0.361	-0.269	0.000	-31.749	4.882
2849	1663.000	-0.362	-0.106	0.000	-31.631	21.020
2865	1663.000	-0.393	-0.426	0.000	-32.184	-10.375
2881	1663.000	-0.369	-0.198	0.000	-31.967	12.196
2897	1663.000	-0.354	-0.548	0.000	-31.777	-22.996
2913	1663.000	-0.431	-0.518	0.000	-32.371	-19.420
2929	1663.000	-0.388	-0.487	0.000	-31.725	-17.008
2945	1663.000	-0.392	-0.437	0.000	-31.741	-11.948
2961	1663.000	-0.427	-0.303	0.000	-32.829	2.508
2977	1663.000	-0.439	-0.475	0.000	-31.736	-15.745
2993	1663.000	-0.380	-0.335	0.000	-31.879	-1.660
3009	1663.000	-0.279	-0.290	0.000	-32.230	3.184
3025	1663.000	-0.375	-0.087	0.000	-31.552	22.802
3041	1663.000	-0.450	-0.220	0.000	-31.861	9.881
3057	1663.000	-0.398	-0.265	0.000	-31.932	5.411
3073	1663.000	-0.401	-0.451	0.000	-31.862	-13.194
3089	1663.000	-0.448	-0.193	0.000	-32.087	12.804
3105	1663.000	-0.388	-0.436	0.000	-32.243	-11.379
3121	1663.000	-0.421	-0.388	0.000	-32.499	-6.284
3761	1663.000	-0.488	-0.510	0.000	-31.489	-19.528
3777	1663.000	-0.390	-0.347	0.000	-31.415	-3.266
3793	1663.000	-0.396	-0.405	0.000	-31.711	-8.752
3809	1663.000	-0.387	-0.146	0.000	-31.457	16.831
3825	1663.000	-0.335	-0.137	0.000	-31.467	17.740
3841	1663.000	-0.375	-0.288	0.000	-31.536	2.696
3857	1663.000	-0.322	-0.064	0.000	-31.334	24.980
3873	1663.000	-0.380	-0.414	0.000	-31.296	-10.060
3889	1663.000	-0.377	-0.240	0.000	-31.903	7.902
3905	1663.000	-0.375	-0.265	0.000	-31.613	5.091
3921	1663.000	-0.392	-0.491	0.000	-31.631	-17.444
3937	1663.000	-0.442	-0.443	0.000	-31.665	-12.649
3953	1663.000	-0.406	-0.147	0.000	-31.416	16.698
3969	1663.000	-0.401	-0.365	0.000	-32.015	-4.464
3985	1663.000	-0.397	-0.106	0.000	-31.556	20.969
4001	1663.000	-0.343	-0.213	0.000	-31.681	10.365
4017	1663.000	-0.420	-0.330	0.000	-31.511	-1.466
4033	1663.000	-0.389	-0.065	0.000	-31.432	24.938
4049	1663.000	-0.434	-0.402	0.000	-31.603	-8.644
4065	1663.000	-0.398	-0.313	0.000	-31.363	0.065
4081	1663.000	-0.365	-0.155	0.000	-31.469	15.930
4097	1663.000	-0.431	-0.419	0.000	-32.158	-9.709
4113	1663.000	-0.433	-0.252	0.000	-31.697	6.498
4129	1663.000	-0.384	-0.460	0.000	-31.364	-14.647
4145	1663.000	-0.408	-0.425	0.000	-31.843	-10.610
4161	1663.000	-0.362	-0.274	0.000	-31.467	4.042
4177	1663.000	-0.416	-0.171	0.000	-31.482	14.408
4193	1663.000	-0.366	-0.485	0.000	-31.249	-17.241
4209	1663.000	-0.424	-0.380	0.000	-31.146	-6.876
4225	1663.000	-0.365	-0.185	0.000	-31.767	13.265
4241	1663.000	-0.401	-0.268	0.000	-31.475	4.627
4257	1663.000	-0.432	-0.490	0.000	-31.218	-17.815
4273	1663.000	-0.423	-0.332	0.000	-32.250	-0.958
4289	1663.000	-0.400	-0.319	0.000	-31.313	-0.600
4305	1663.000	-0.358	-0.107	0.000	-31.137	20.461
4321	1663.000	-0.415	-0.548	0.000	-31.509	-23.300
4337	1663.000	-0.337	-0.263	0.000	-31.588	5.253
4353	1663.000	-0.415	-0.509	0.000	-31.135	-19.748
4369	1663.000	-0.359	-0.439	0.000	-31.702	-12.244
5009	1663.000	-0.238	0.008	0.000	-22.516	23.344
5025	1663.000	-0.291	-0.328	0.000	-22.471	-10.342
5041	1663.000	-0.255	-0.106	0.000	-22.748	12.197
5057	1663.000	-0.267	-0.297	0.000	-22.670	-6.994
5073	1663.000	-0.228	-0.007	0.000	-22.639	21.913
5089	1663.000	-0.291	-0.163	0.000	-22.872	6.605
5105	1663.000	-0.246	-0.009	0.000	-22.557	21.635
5121	1663.000	-0.300	-0.103	0.000	-22.639	12.325
5137	1663.000	-0.332	-0.403	0.000	-22.986	-17.355
5153	1663.000	-0.275	-0.470	0.000	-22.740	-24.230
5169	1663.000	-0.304	-0.117	0.000	-22.841	11.171
5185	1663.000	-0.305	-0.395	0.000	-22.907	-16.569
5201	1663.000	-0.292	-0.114	0.000	-22.896	11.534
5217	1663.000	-0.248	-0.101	0.000	-22.671	12.535
5233	1663.000	-0.294	-0.331	0.000	-22.651	-10.452
5249	1663.000	-0.307	-0.279	0.000	-23.009	-4.890
5265	1663.000	-0.275	-0.140	0.000	-23.188	9.173
5281	1663.000	-0.305	-0.012	0.000	-22.816	21.585
5297	1663.000	-0.245	0.019	0.000	-22.991	24.906
5313	1663.000	-0.331	-0.347	0.000	-22.599	-12.058
5329	1663.000	-0.344	-0.408	0.000	-23.086	-17.747
5345	1663.000	-0.304	-0.210	0.000	-22.857	1.807
5361	1663.000	-0.365	-0.429	0.000	-22.482	-20.426
5377	1663.000	-0.325	-0.256	0.000	-23.732	-1.837
5393	1663.000	-0.239	0.014	0.000	-22.823	24.265
5409	1663.000	-0.280	-0.296	0.000	-22.476	-7.143
5425	1663.000	-0.233	0.007	0.000	-23.258	23.951
5441	1663.000	-0.295	-0.050	0.000	-22.566	17.592
5457	1663.000	-0.325	-0.292	0.000	-22.469	-6.741
5473	1663.000	-0.260	-0.044	0.000	-22.610	18.169
5489	1663.000	-0.311	-0.102	0.000	-22.475	12.315
5505	1663.000	-0.312	-0.113	0.000	-22.550	11.265
5521	1663.000	-0.299	-0.120	0.000	-22.473	10.446
5537	1663.000	-0.314	-0.421	0.000	-22.469	-19.582
5553	1663.000	-0.264	-0.223	0.000	-22.915	0.568
5569	1663.000	-0.249	-0.017	0.000	-22.546	20.852
5585	1663.000	-0.245	-0.088	0.000	-22.477	13.679
5601	1663.000	-0.281	-0.189	0.000	-22.600	3.694
5617	1663.000	-0.287	-0.362	0.000	-22.728	-13.517
6257	1663.000	-1.002	-0.746	0.000	-78.039	3.450
6273	1663.000	-1.006	-0.762	0.000	-78.717	2.567
6289	1663.000	-0.968	-0.621	0.000	-78.033	15.967
6305	1663.000	-0.926	-0.624	0.000	-78.031	15.600
6321	1663.000	-0.922	-0.825	0.000	-78.330	-4.209
6337	1663.000	-0.968	-0.658	0.000	-77.998	12.232
6353	1663.000	-0.929	-0.681	0.000	-77.998	9.946
6369	1663.000	-0.932	-0.734	0.000	-80.743	7.317
6385	1663.000	-0.107	4.244	0.000	-78.370	2.760
6401	1663.000	-1.019	-0.606	0.000	-77.999	17.433
6417	1663.000	-1.027	-0.807	0.000	-80.476	-0.198
6433	1663.000	-1.028	-0.926	0.000	-81.064	-11.509
6449	1663.000	-0.937	-0.534	0.000	-77.998	24.568
6465	1663.000	-0.991	-0.900	0.000	-79.448	-10.517
6481	1663.000	-0.927	-0.824	0.000	-78.781	-3.617
6497	1663.000	-0.975	-0.828	0.000	-77.998	-4.835
6513	1663.000	-0.977	-0.839	0.000	-78.314	-5.591
6529	1663.000	-0.949	-0.713	0.000	-78.048	6.717
6545	1663.000	-0.932	-0.623	0.000	-78.716	16.384
6561	1663.000	-0.932	-0.804	0.000	-78.006	-2.383
6577	1663.000	-0.974	-0.714	0.000	-78.704	7.269
6593	1663.000	-0.968	-0.704	0.000	-78.013	7.583
6609	1663.000	-0.967	-0.986	0.000	-78.805	-19.754
6625	1663.000	-0.968	-0.570	0.000	-79.337	22.341
6641	1663.000	-0.948	-0.933	0.000	-79.448	-13.816
6657	1663.000	-0.961	-0.576	0.000	-79.465	21.895
6673	1663.000	-0.985	-0.829	0.000	-78.025	-4.907
6689	1663.000	-0.965	-0.784	0.000	-78.055	-0.323
6705	1663.000	-0.997	-0.652	0.000	-78.914	13.746
6721	1663.000	-0.994	-0.976	0.000	-77.998	-19.614
6737	1663.000	-0.275	-0.805	0.000	-78.030	-2.441
6753	1663.000	-0.886	-0.587	0.000	-80.939	22.258
6769	1663.000	-0.073	4.332	0.000	-77.998	11.215
6785	1663.000	-0.989	-0.637	0.000	-77.998	14.255
6801	1663.000	-1.014	-0.803	0.000	-79.792	-0.551
6817	1663.000	-0.983	-0.656	0.000	-79.637	14.029
6833	1663.000	-0.935	-0.621	0.000	-78.006	15.891
6849	1663.000	-1.052	-0.685	0.000	-80.429	11.905
6865	1663.000	-0.969	-0.553	0.000	-78.015	22.725
6881	1663.000	-1.001	-1.001	0.000	-78.039	-22.070
7521	1663.000	-0.933	-0.621	0.000	-75.591	13.490
7537	1663.000	-0.898	-0.532	0.000	-75.990	22.829
7553	1663.000	-0.662	-0.584	0.000	-75.255	16.825
7569	1663.000	-0.944	-0.649	0.000	-75.266	10.401
7585	1663.000	-0.953	-0.792	0.000	-76.113	-3.097
7601	1663.000	-0.994	-0.998	0.000	-76.853	-22.984
7617	1663.000	-0.936	-0.917	0.000	-75.251	-16.492
7633	1663.000	-1.058	-0.784	0.000	-77.082	-1.356
7649	1663.000	-0.916	-0.701	0.000	-75.855	5.748
7665	1663.000	-1.003	-0.809	0.000	-77.021	-3.892
7681	1663.000	-0.936	-0.663	0.000	-75.261	8.924
7697	1663.000	-0.985	-0.771	0.000	-75.589	-1.551
7713	1663.000	-0.996	-0.645	0.000	-78.418	13.878
7729	1663.000	-0.870	-0.757	0.000	-75.324	-0.412
7745	1663.000	-0.991	-0.852	0.000	-75.313	-9.900
7761	1663.000	-0.869	-0.538	0.000	-75.235	21.449
7777	1663.000	-0.963	-0.916	0.000	-77.835	-13.726
7793	1663.000	0.008	4.397	0.000	-75.311	14.976
7809	1663.000	-0.990	-0.995	0.000	-75.929	-23.563
7825	1663.000	-1.012	-0.708	0.000	-76.542	5.707
7841	1663.000	-0.924	-0.887	0.000	-75.280	-13.387
7857	1663.000	-0.982	-0.596	0.000	-75.235	15.628
7873	1663.000	-0.991	-0.562	0.000	-78.202	21.992
7889	1663.000	-0.954	-0.599	0.000	-75.235	15.377
7905	1663.000	-0.901	-0.624	0.000	-75.235	12.822
7921	1663.000	-1.048	-1.015	0.000	-77.017	-24.444
7937	1663.000	-0.996	-0.842	0.000	-77.130	-7.028
7953	1663.000	-0.977	-0.608	0.000	-75.267	14.494
7969	1663.000	-0.935	-0.871	0.000	-75.250	-11.856
7985	1663.000	-0.995	-0.881	0.000	-75.970	-12.091
8001	1663.000	-0.943	-0.934	0.000	-76.002	-17.360
8017	1663.000	-0.913	-0.737	0.000	-76.895	3.173
8033	1663.000	-0.932	-0.801	0.000	-75.250	-4.817
8049	1663.000	-0.929	-0.960	0.000	-75.933	-20.036
8065	1663.000	-0.980	-0.538	0.000	-77.481	23.648
8081	1663.000	-0.975	-0.958	0.000	-75.250	-20.575
8097	1663.000	-0.983	-0.590	0.000	-77.082	18.048
8113	1663.000	-0.987	-0.914	0.000	-75.305	-16.140
8129	1663.000	-0.945	-0.955	0.000	-75.277	-20.272
8769	1663.000	-0.324	-0.013	0.000	-26.064	24.766
8785	1663.000	-0.336	-0.133	0.000	-26.258	12.974
8801	1663.000	-0.360	-0.484	0.000	-26.454	-21.979
8817	1663.000	-0.305	-0.147	0.000	-26.453	11.726
8833	1663.000	-0.341	-0.506	0.000	-26.417	-24.195
8849	1663.000	-0.354	-0.457	0.000	-26.481	-19.170
8865	1663.000	-0.329	-0.146	0.000	-26.766	12.206
8881	1663.000	-0.389	-0.223	0.000	-26.251	3.920
8897	1663.000	-0.323	-0.144	0.000	-26.797	12.436
8913	1663.000	-0.285	-0.502	0.000	-26.210	-23.964
8929	1663.000	-0.301	-0.233	0.000	-26.252	2.939
8945	1663.000	-0.314	-0.279	0.000	-26.482	-1.417
8961	1663.000	-0.324	-0.178	0.000	-26.170	8.408
8977	1663.000	-0.312	-0.490	0.000	-26.368	-22.623
8993	1663.000	-0.383	-0.495	0.000	-26.677	-22.778
9009	1663.000	-0.400	-0.485	0.000	-26.288	-22.257
9025	1663.000	-0.367	-0.239	0.000	-26.832	2.950
9041	1663.000	-0.410	-0.461	0.000	-27.015	-19.070
9057	1663.000	-0.349	-0.336	0.000	-26.877	-6.716
9073	1663.000	-0.330	-0.241	0.000	-26.804	2.744
9089	1663.000	-0.328	-0.395	0.000	-26.253	-13.255
9105	1663.000	-0.341	-0.281	0.000	-26.143	-1.929
9121	1663.000	-0.330	-0.221	0.000	-27.064	4.968
9137	1663.000	-0.333	-0.462	0.000	-26.064	-20.098
9153	1663.000	-0.335	-0.504	0.000	-26.066	-24.356
9169	1663.000	-0.325	-0.170	0.000	-26.780	9.809
9185	1663.000	-0.276	-0.022	0.000	-26.226	24.024
9201	1663.000	-0.307	-0.070	0.000	-26.295	19.322
9217	1663.000	-0.340	-0.327	0.000	-26.262	-6.427
9233	1663.000	-0.319	-0.120	0.000	-26.228	14.209
9249	1663.000	-0.370	-0.384	0.000	-26.293	-12.071
9265	1663.000	-0.373	-0.362	0.000	-26.211	-10.024
9281	1663.000	-0.314	-0.013	0.000	-26.104	24.782
9297	1663.000	-0.360	-0.094	0.000	-26.231	16.792
9313	1663.000	-0.360	-0.296	0.000	-26.213	-3.436
9329	1663.000	-0.307	-0.366	0.000	-26.222	-10.419
9345	1663.000	-0.405	-0.453	0.000	-26.158	-19.112
9361	1663.000	-0.350	-0.039	0.000	-26.431	22.516
9377	1663.000	-0.342	-0.020	0.000	-26.226	24.243
10017	1663.000	-0.385	-0.288	0.000	-31.339	2.588
10033	1663.000	-0.375	-0.327	0.000	-31.230	-1.508
10049	1663.000	-0.416	-0.289	0.000	-31.375	2.523
10065	1663.000	-0.410	-0.466	0.000	-31.413	-15.175
10081	1663.000	-0.433	-0.519	0.000	-31.316	-20.606
10097	1663.000	-0.368	-0.296	0.000	-31.898	2.336
10113	1663.000	-0.386	-0.354	0.000	-31.543	-3.854
10129	1663.000	-0.374	-0.434	0.000	-31.373	-12.011
10145	1663.000	-0.426	-0.556	0.000	-32.265	-23.342
10161	1663.000	-0.448	-0.513	0.000	-31.305	-20.021
10177	1663.000	-0.393	-0.337	0.000	-31.818	-1.833
10193	1663.000	-0.394	-0.149	0.000	-31.337	16.447
10209	1663.000	-0.375	-0.222	0.000	-31.226	9.046
10225	1663.000	-0.388	-0.458	0.000	-31.443	-14.364
10241	1663.000	-0.406	-0.299	0.000	-31.594	1.737
10257	1663.000	-0.382	-0.100	0.000	-31.225	21.219
10273	1663.000	-0.400	-0.434	0.000	-31.478	-11.920
10289	1663.000	-0.343	-0.303	0.000	-31.491	1.195
10305	1663.000	-0.378	-0.098	0.000	-31.767	22.012
10321	1663.000	-0.393	-0.375	0.000	-31.509	-5.994
10337	1663.000	-0.363	-0.150	0.000	-31.914	16.899
10353	1663.000	-0.423	-0.481	0.000	-31.654	-16.449
10369	1663.000	-0.436	-0.467	0.000	-32.000	-14.738
10385	1663.000	-0.406	-0.412	0.000	-32.200	-8.977
10401	1663.000	-0.367	-0.316	0.000	-31.995	0.433
10417	1663.000	-0.386	-0.393	0.000	-31.645	-7.650
10433	1663.000	-0.367	-0.080	0.000	-31.647	23.650
10449	1663.000	-0.399	-0.326	0.000	-31.511	-1.121
10465	1663.000	-0.416	-0.326	0.000	-31.511	-1.050
10481	1663.000	-0.380	-0.474	0.000	-31.649	-15.707
10497	1663.000	-0.391	-0.170	0.000	-31.795	14.800
10513	1663.000	-0.340	-0.493	0.000	-31.973	-17.300
10529	1663.000	-0.402	-0.553	0.000	-31.540	-23.805
10545	1663.000	-0.396	-0.199	0.000	-32.480	12.531
10561	1663.000	-0.357	-0.486	0.000	-32.085	-16.498
10577	1663.000	-0.437	-0.421	0.000	-31.460	-10.673
10593	1663.000	-0.402	-0.515	0.000	-31.372	-20.099
10609	1663.000	-0.366	-0.171	0.000	-31.233	14.086
10625	1663.000	-0.384	-0.218	0.000	-31.237	9.410
11265	1663.000	-0.410	-0.238	0.000	-30.617	6.785
11281	1663.000	-0.425	-0.482	0.000	-30.796	-17.385
11297	1663.000	-0.414	-0.185	0.000	-31.650	13.128
11313	1663.000	-0.378	-0.249	0.000	-30.665	5.763
11329	1663.000	-0.398	-0.386	0.000	-30.960	-7.622
11345	1663.000	-0.455	-0.541	0.000	-31.628	-22.448
11361	1663.000	-0.329	-0.297	0.000	-30.518	0.781
11377	1663.000	-0.409	-0.491	0.000	-31.027	-18.026
11393	1663.000	-0.382	-0.398	0.000	-31.029	-8.792
11409	1663.000	-0.414	-0.538	0.000	-30.590	-23.260
11425	1663.000	-0.412	-0.426	0.000	-30.773	-11.795
11441	1663.000	-0.343	-0.136	0.000	-30.982	17.383
11457	1663.000	-0.417	-0.373	0.000	-31.225	-6.075
11473	1663.000	-0.321	-0.070	0.000	-30.592	23.637
11489	1663.000	-0.405	-0.347	0.000	-30.796	-3.874
11505	1663.000	-0.445	-0.180	0.000	-31.613	13.574
11521	1663.000	-0.403	-0.209	0.000	-31.207	10.349
11537	1663.000	-0.364	-0.397	0.000	-30.518	-9.144
11553	1663.000	-0.333	-0.059	0.000	-30.726	24.864
11569	1663.000	-0.384	-0.218	0.000	-31.038	9.269
11585	1663.000	-0.368	-0.427	0.000	-30.520	-12.138
11601	1663.000	-0.409	-0.344	0.000	-31.202	-3.190
11617	1663.000	-0.332	-0.385	0.000	-30.920	-7.601
11633	1663.000	-0.437	-0.245	0.000	-30.715	6.204
11649	1663.000	-0.456	-0.342	0.000	-31.996	-2.238
11665	1663.000	-0.408	-0.362	0.000	-30.615	-5.610
11681	1663.000	-0.412	-0.481	0.000	-31.222	-16.920
11697	1663.000	-0.436	-0.550	0.000	-30.904	-24.129
11713	1663.000	-0.389	-0.145	0.000	-30.524	16.011
11729	1663.000	-0.349	-0.362	0.000	-30.754	-5.403
11745	1663.000	-0.431	-0.164	0.000	-30.913	14.510
11761	1663.000	-0.402	-0.532	0.000	-30.526	-22.677
11777	1663.000	-0.393	-0.179	0.000	-30.518	12.580
11793	1663.000	-0.400	-0.347	0.000	-31.258	-3.468
11809	1663.000	-0.372	-0.144	0.000	-30.544	16.127
11825	1663.000	-0.393	-0.409	0.000	-30.598	-10.285
11841	1663.000	-0.382	-0.203	0.000	-30.953	10.604
11857	1663.000	-0.435	-0.111	0.000	-30.661	19.586
11873	1663.000	-0.326	-0.406	0.000	-31.210	-9.406
12529	1663.000	-0.345	-0.422	0.000	-24.958	-17.205
12545	1663.000	-0.304	-0.482	0.000	-25.071	-23.094
12561	1663.000	-0.285	-0.138	0.000	-24.901	11.079
12577	1663.000	-0.380	-0.419	0.000	-25.157	-16.707
12593	1663.000	-0.320	-0.064	0.000	-24.924	18.573
12609	1663.000	-0.325	-0.279	0.000	-24.533	-3.360
12625	1663.000	-0.313	-0.486	0.000	-24.817	-23.748
12641	1663.000	-0.310	-0.164	0.000	-24.608	8.240
12657	1663.000	-0.351	-0.307	0.000	-24.498	-6.238
12673	1663.000	-0.353	-0.393	0.000	-25.073	-14.190
12689	1663.000	-0.285	-0.027	0.000	-24.498	21.754
12705	1663.000	-0.320	-0.426	0.000	-24.498	-18.134
12721	1663.000	-0.337	-0.310	0.000	-24.791	-6.183
12737	1663.000	-0.284	-0.088	0.000	-24.770	15.974
12753	1663.000	-0.312	-0.447	0.000	-24.498	-20.174
12769	1663.000	-0.341	-0.350	0.000	-24.498	-10.476
12785	1663.000	-0.329	-0.151	0.000	-25.317	10.263
12801	1663.000	-0.296	-0.452	0.000	-24.500	-20.681
12817	1663.000	-0.303	-0.401	0.000	-24.505	-15.564
12833	1663.000	-0.317	-0.118	0.000	-25.213	13.377
12849	1663.000	-0.278	-0.319	0.000	-24.520	-7.379
12865	1663.000	-0.332	-0.251	0.000	-24.906	-0.177
12881	1663.000	-0.322	-0.145	0.000	-25.229	10.748
12897	1663.000	-0.316	-0.190	0.000	-24.851	5.877
12913	1663.000	-0.264	-0.214	0.000	-24.875	3.513
12929	1663.000	-0.376	-0.310	0.000	-24.741	-6.221
12945	1663.000	-0.291	-0.240	0.000	-24.656	0.638
12961	1663.000	-0.325	-0.201	0.000	-24.515	4.443
12977	1663.000	-0.302	-0.253	0.000	-25.248	-0.052
12993	1663.000	-0.329	-0.233	0.000	-25.013	1.747
13009	1663.000	-0.268	-0.023	0.000	-24.502	22.184
13025	1663.000	-0.326	-0.481	0.000	-24.657	-23.481
13041	1663.000	-0.354	-0.071	0.000	-25.168	18.059
13057	1663.000	-0.252	-0.354	0.000	-24.668	-10.780
13073	1663.000	-0.319	-0.194	0.000	-24.722	5.299
13089	1663.000	-0.325	-0.418	0.000	-24.744	-17.039
13105	1663.000	-0.398	-0.337	0.000	-24.942	-8.803
13121	1663.000	-0.275	-0.122	0.000	-25.056	12.866
13137	1663.000	-0.314	-0.113	0.000	-24.774	13.473
13777	1663.000	-0.989	-0.619	0.000	-77.985	16.063
13793	1663.000	-0.934	-0.905	0.000	-77.274	-13.234
13809	1663.000	-0.942	-0.684	0.000	-77.320	8.921
13825	1663.000	-0.995	-1.016	0.000	-79.178	-22.378
13841	1663.000	-0.800	-0.550	0.000	-77.874	22.832
13857	1663.000	-0.629	-0.537	0.000	-77.274	23.541
13873	1663.000	-0.981	-0.825	0.000	-77.274	-5.209
13889	1663.000	-0.988	-0.921	0.000	-77.306	-14.785
13905	1663.000	-0.955	-0.735	0.000	-78.951	5.439
13921	1663.000	-0.996	-0.576	0.000	-77.274	19.702
13937	1663.000	-0.628	-0.937	0.000	-78.611	-15.039
13953	1663.000	-1.035	-0.687	0.000	-80.682	11.945
13969	1663.000	-0.952	-0.705	0.000	-78.266	7.813
13985	1663.000	-0.961	-0.738	0.000	-78.578	4.813
14001	1663.000	-1.039	-1.030	0.000	-78.685	-24.290
14017	1663.000	-0.956	-0.944	0.000	-78.299	-16.122
14033	1663.000	-0.924	-0.751	0.000	-77.274	2.178
14049	1663.000	-0.784	-0.825	0.000	-77.281	-5.178
14065	1663.000	-1.017	-0.737	0.000	-77.274	3.578
14081	1663.000	-0.981	-0.682	0.000	-77.274	9.105
14097	1663.000	-0.943	-0.641	0.000	-78.014	13.950
14113	1663.000	-0.970	-0.875	0.000	-77.294	-10.226
14129	1663.000	-0.916	-0.686	0.000	-77.274	8.651
14145	1663.000	-1.011	-0.787	0.000	-79.193	0.446
14161	1663.000	-1.058	-0.973	0.000	-80.214	-17.092
14177	1663.000	-0.934	-0.558	0.000	-77.274	21.505
14193	1663.000	-0.938	-1.000	0.000	-78.001	-22.040
14209	1663.000	-0.939	-0.695	0.000	-78.237	8.732
14225	1663.000	-0.974	-0.889	0.000	-78.048	-10.882
14241	1663.000	-1.005	-0.868	0.000	-78.012	-8.813
14257	1663.000	-1.011	-0.956	0.000	-77.274	-18.280
14273	1663.000	-1.013	-0.578	0.000	-81.208	23.423
14289	1663.000	-0.990	-0.941	0.000	-78.163	-15.964
14305	1663.000	-0.645	-0.975	0.000	-77.293	-20.241
14321	1663.000	-0.991	-0.564	0.000	-79.239	22.794
14337	1663.000	-0.923	-0.788	0.000	-77.274	-1.550
14353	1663.000	-0.048	4.160	0.000	-77.293	-6.712
14369	1663.000	-0.909	-0.768	0.000	-77.310	0.528
14385	1663.000	-1.036	-0.749	0.000	-77.296	2.380
1	1664.000	-0.890	-0.638	0.000	-73.615	9.801
17	1664.000	-0.630	-0.975	0.000	-76.385	-21.070
33	1664.000	-0.989	-0.983	0.000	-76.596	-21.713
49	1664.000	-0.926	-0.959	0.000	-73.615	-22.314
65	1664.000	-0.970	-0.565	0.000	-75.304	18.832
81	1664.000	-0.967	-0.741	0.000	-76.312	2.171
97	1664.000	-0.875	-0.807	0.000	-73.615	-7.051
113	1664.000	-0.923	-0.740	0.000	-73.725	-0.271
129	1664.000	-0.851	-0.543	0.000	-74.256	19.923
145	1664.000	-0.887	-0.509	0.000	-74.757	23.867
161	1664.000	-0.896	-0.940	0.000	-73.647	-20.346
177	1664.000	-0.851	-0.632	0.000	-73.615	10.441
193	1664.000	-0.958	-0.580	0.000	-77.778	19.828
209	1664.000	0.786	4.223	0.000	-73.644	-4.030
225	1664.000	-0.916	-0.856	0.000	-74.243	-11.372
241	1664.000	-0.897	-0.827	0.000	-74.259	-8.401
257	1664.000	-0.849	-0.543	0.000	-73.615	19.291
273	1664.000	-0.922	-0.689	0.000	-73.615	4.726
289	1664.000	-0.847	-0.593	0.000	-73.615	14.347
305	1664.000	-0.945	-0.964	0.000	-73.615	-22.835
321	1664.000	-0.934	-0.969	0.000	-73.615	-23.239
337	1664.000	-0.879	-0.729	0.000	-73.933	1.060
353	1664.000	-0.948	-0.777	0.000	-75.575	-2.113
369	1664.000	-0.904	-0.690	0.000	-73.922	4.949
385	1664.000	-0.963	-0.975	0.000	-75.866	-21.681
401	1664.000	-0.912	-0.680	0.000	-74.519	6.541
417	1664.000	-0.910	-0.514	0.000	-75.319	23.936
433	1664.000	-0.913	-0.536	0.000	-73.919	20.301
449	1664.000	-0.872	-0.731	0.000	-73.631	0.494
465	1664.000	-0.953	-1.008	0.000	-79.376	-21.470
481	1664.000	-0.893	-0.677	0.000	-73.615	5.961
497	1664.000	-0.816	-0.454	0.014	-73.658	21.170
513	1664.000	-0.926	-0.811	0.000	-73.644	-7.503
529	1664.000	-0.853	-0.566	0.000	-73.652	17.024
545	1664.000	-0.903	-0.567	0.000	-73.615	16.898
561	1664.000	-0.670	-0.861	0.000	-75.051	-11.077
577	1664.000	-0.893	-0.854	0.000	-73.643	-11.715
593	1664.000	-0.490	-0.869	0.000	-74.379	-12.521
609	1664.000	-0.964	-0.988	0.000	-77.385	-21.370
625	1664.000	-0.890	-0.909	0.000	-73.647	-17.278
1265	1664.000	-0.282	-0.283	0.000	-22.973	-5.280
1281	1664.000	-0.281	-0.328	0.000	-22.834	-9.992
1297	1664.000	-0.310	-0.119	0.000	-22.884	10.969
1313	1664.000	-0.264	-0.374	0.000	-22.918	-14.469
1329	1664.000	-0.289	-0.091	0.000	-22.635	13.566
1345	1664.000	-0.307	-0.231	0.000	-23.113	0.046
1361	1664.000	-0.256	-0.110	0.000	-22.883	11.841
1377	1664.000	-0.281	-0.234	0.000	-22.676	-0.695
1393	1664.000	-0.272	-0.027	0.000	-22.657	19.975
1409	1664.000	-0.339	-0.305	0.000	-22.675	-7.807
1425	1664.000	-0.238	-0.327	0.000	-22.872	-9.820
1441	1664.000	-0.330	-0.308	0.000	-22.746	-8.036
1457	1664.000	-0.324	-0.433	0.000	-22.804	-20.512
1473	1664.000	-0.272	-0.127	0.000	-22.736	9.991
1489	1664.000	-0.298	-0.349	0.000	-22.684	-12.226
1505	1664.000	-0.301	-0.229	0.000	-22.597	-0.316
1521	1664.000	-0.252	-0.218	0.000	-22.665	0.887
1537	1664.000	-0.275	-0.116	0.015	-22.688	3.790
1553	1664.000	-0.301	-0.318	0.000	-22.737	-9.112
1569	1664.000	-0.310	-0.260	0.000	-22.807	-3.185
1585	1664.000	-0.328	-0.341	0.000	-23.018	-11.105
1601	1664.000	-0.273	-0.061	0.000	-23.087	17.036
1617	1664.000	-0.253	-0.011	0.000	-22.865	21.748
1633	1664.000	-0.293	-0.322	0.000	-22.727	-9.489
1649	1664.000	-0.259	-0.099	0.062	-22.800	-18.000
1665	1664.000	-0.262	-0.364	0.000	-23.290	-13.061
1681	1664.000	-0.292	-0.431	0.000	-22.692	-20.419
1697	1664.000	-0.253	-0.132	0.000	-22.769	9.562
1713	1664.000	-0.284	-0.225	0.000	-22.894	0.356
1729	1664.000	-0.310	-0.127	0.000	-22.602	9.924
1745	1664.000	-0.294	-0.075	0.000	-22.871	15.374
1761	1664.000	-0.287	-0.459	0.000	-22.636	-23.278
1777	1664.000	-0.312	-0.309	0.000	-22.746	-8.180
1793	1664.000	-0.283	-0.086	0.000	-22.839	14.266
1809	1664.000	-0.267	-0.187	0.019	-22.777	-5.574
1825	1664.000	-0.304	-0.130	0.053	-23.295	-16.426
1841	1664.000	-0.292	-0.081	0.048	-23.610	-8.582
1857	1664.000	-0.267	-0.378	0.000	-22.848	-14.968
1873	1664.000	-0.362	-0.452	0.000	-23.227	-21.971
2513	1664.000	-0.362	-0.156	0.000	-30.711	15.118
2529	1664.000	-0.388	-0.351	0.000	-30.758	-4.388
2545	1664.000	-0.354	-0.186	0.000	-30.836	12.211
2561	1664.000	-0.386	-0.530	0.000	-30.407	-22.562
2577	1664.000	-0.413	-0.320	0.000	-31.156	-0.827
2593	1664.000	-0.371	-0.241	0.000	-30.797	6.723
2609	1664.000	-0.388	-0.323	0.000	-30.264	-2.046
2625	1664.000	-0.372	-0.546	0.000	-30.439	-24.180
2641	1664.000	-0.352	-0.250	0.000	-30.964	5.927
2657	1664.000	-0.378	-0.280	0.000	-30.543	2.559
2673	1664.000	-0.374	-0.074	0.000	-30.344	22.950
2689	1664.000	-0.405	-0.468	0.000	-30.965	-15.792
2705	1664.000	-0.331	-0.242	0.000	-30.260	6.070
2721	1664.000	-0.405	-0.316	0.000	-30.865	-0.741
2737	1664.000	-0.413	-0.188	0.000	-30.641	11.869
2753	1664.000	-0.359	-0.493	0.000	-30.261	-19.020
2769	1664.000	-0.371	-0.189	0.000	-30.416	11.563
2785	1664.000	-0.372	-0.287	0.000	-30.463	1.744
2801	1664.000	-0.419	-0.555	0.000	-30.539	-24.990
2817	1664.000	-0.336	-0.116	0.000	-30.265	18.711
2833	1664.000	-0.347	-0.488	0.000	-30.442	-18.343
2849	1664.000	-0.368	-0.323	0.000	-30.336	-2.010
2865	1664.000	-0.371	-0.287	0.000	-30.836	2.134
2881	1664.000	-0.349	-0.344	0.000	-30.640	-3.789
2897	1664.000	-0.324	-0.219	0.000	-30.467	8.439
2913	1664.000	-0.426	-0.339	0.000	-31.005	-2.885
2929	1664.000	-0.380	-0.159	0.000	-30.421	14.505
2945	1664.000	-0.393	-0.352	0.000	-30.435	-4.742
2961	1664.000	-0.402	-0.099	0.000	-31.420	21.527
2977	1664.000	-0.425	-0.241	0.000	-30.431	6.334
2993	1664.000	-0.344	-0.242	0.000	-30.560	6.347
3009	1664.000	-0.328	-0.548	0.000	-30.877	-23.970
3025	1664.000	-0.353	-0.240	0.016	-30.264	-1.875
3041	1664.000	-0.438	-0.275	0.000	-30.543	3.066
3057	1664.000	-0.387	-0.512	0.000	-30.608	-20.593
3073	1664.000	-0.386	-0.412	0.000	-30.545	-10.615
3089	1664.000	-0.411	-0.267	0.000	-30.748	4.085
3105	1664.000	-0.371	-0.371	0.000	-30.889	-6.214
3121	1664.000	-0.419	-0.483	0.000	-31.121	-17.208
3761	1664.000	-0.457	-0.503	0.000	-30.185	-20.083
3777	1664.000	-0.374	-0.295	0.000	-30.117	0.655
3793	1664.000	-0.366	-0.222	0.000	-30.385	8.150
3809	1664.000	-0.367	-0.097	0.000	-30.156	20.449
3825	1664.000	-0.342	-0.445	0.000	-30.165	-14.366
3841	1664.000	-0.358	-0.187	0.000	-30.227	11.538
3857	1664.000	-0.317	-0.249	0.000	-30.044	5.124
3873	1664.000	-0.371	-0.476	0.000	-30.010	-17.638
3889	1664.000	-0.349	-0.193	0.000	-30.559	11.244
3905	1664.000	-0.370	-0.205	0.000	-30.297	9.790
3921	1664.000	-0.372	-0.057	0.000	-30.313	24.582
3937	1664.000	-0.420	-0.318	0.000	-30.344	-1.491
3953	1664.000	-0.372	-0.223	0.000	-30.119	7.824
3969	1664.000	-0.374	-0.292	0.000	-30.661	1.483
3985	1664.000	-0.382	-0.456	0.000	-30.245	-15.382
4001	1664.000	-0.352	-0.395	0.000	-30.358	-9.163
4017	1664.000	-0.368	-0.184	0.000	-30.205	11.814
4033	1664.000	-0.384	-0.402	0.000	-30.133	-10.091
4049	1664.000	-0.411	-0.178	0.000	-30.288	12.457
4065	1664.000	-0.368	-0.205	0.000	-30.070	9.574
4081	1664.000	-0.351	-0.482	0.000	-30.166	-18.045
4097	1664.000	-0.403	-0.230	0.000	-30.790	7.837
4113	1664.000	-0.437	-0.501	0.000	-30.373	-19.701
4129	1664.000	-0.384	-0.401	0.000	-30.071	-9.995
4145	1664.000	-0.360	-0.147	0.000	-30.505	15.854
4161	1664.000	-0.347	-0.312	0.000	-30.164	-1.053
4177	1664.000	-0.398	-0.140	0.000	-30.178	16.158
4193	1664.000	-0.371	-0.400	0.000	-29.968	-10.073
4209	1664.000	-0.368	-0.140	0.000	-29.874	15.917
4225	1664.000	-0.360	-0.290	0.000	-30.436	1.475
4241	1664.000	-0.424	-0.527	0.000	-30.172	-22.573
4257	1664.000	-0.401	-0.055	0.000	-29.939	24.454
4273	1664.000	-0.412	-0.287	0.000	-30.873	2.146
4289	1664.000	-0.417	-0.512	0.000	-30.026	-21.170
4305	1664.000	-0.371	-0.314	0.000	-29.866	-1.515
4321	1664.000	-0.436	-0.542	0.000	-30.202	-24.046
4337	1664.000	-0.305	-0.225	0.000	-30.274	7.792
4353	1664.000	-0.404	-0.474	0.000	-29.864	-17.525
4369	1664.000	-0.322	0.173	0.101	-30.378	-2.897
5009	1664.000	-0.267	-0.459	0.000	-21.594	-24.333
5025	1664.000	-0.270	-0.023	0.000	-21.554	19.231
5041	1664.000	-0.261	-0.406	0.000	-21.804	-18.837
5057	1664.000	-0.250	-0.040	0.000	-21.734	17.749
5073	1664.000	-0.252	-0.467	0.000	-21.706	-24.966
5089	1664.000	-0.293	-0.241	0.000	-21.917	-2.145
5105	1664.000	-0.231	-0.150	0.000	-21.632	6.620
5121	1664.000	-0.303	-0.216	0.000	-21.706	0.130
5137	1664.000	-0.334	-0.278	0.000	-22.020	-5.731
5153	1664.000	-0.257	-0.031	0.000	-21.797	18.727
5169	1664.000	-0.289	-0.167	0.000	-21.889	5.235
5185	1664.000	-0.273	-0.138	0.000	-21.949	8.143
5201	1664.000	-0.267	-0.129	0.000	-21.939	9.051
5217	1664.000	-0.267	-0.463	0.000	-21.735	-24.583
5233	1664.000	-0.289	-0.126	0.000	-21.716	9.103
5249	1664.000	-0.320	-0.376	0.000	-22.041	-15.586
5265	1664.000	-0.246	0.014	0.000	-22.202	23.584
5281	1664.000	-0.306	-0.372	0.000	-21.866	-15.381
5297	1664.000	-0.266	-0.300	0.000	-22.024	-7.975
5313	1664.000	-0.301	-0.291	0.000	-21.670	-7.428
5329	1664.000	-0.305	-0.062	0.000	-22.111	15.883
5345	1664.000	-0.283	-0.079	0.000	-21.903	13.973
5361	1664.000	-0.337	-0.082	0.000	-21.564	13.393
5377	1664.000	-0.286	-0.078	0.000	-22.695	14.910
5393	1664.000	-0.241	-0.128	0.000	-21.872	9.062
5409	1664.000	-0.274	-0.363	0.000	-21.558	-14.782
5425	1664.000	-0.230	-0.401	0.000	-22.266	-17.834
5441	1664.000	-0.277	-0.314	0.000	-21.640	-9.742
5457	1664.000	-0.285	0.060	0.084	-21.552	-14.203
5473	1664.000	-0.221	-0.031	0.000	-21.679	18.603
5489	1664.000	-0.298	-0.160	0.000	-21.558	5.565
5505	1664.000	-0.300	-0.303	0.000	-21.625	-8.720
5521	1664.000	-0.269	-0.178	0.000	-21.555	3.707
5537	1664.000	-0.303	-0.146	0.000	-21.552	6.969
5553	1664.000	-0.294	-0.465	0.000	-21.956	-24.517
5569	1664.000	-0.249	-0.138	0.000	-21.621	7.830
5585	1664.000	-0.187	0.195	0.034	-21.559	24.189
5601	1664.000	-0.243	-0.030	0.000	-21.670	18.694
5617	1664.000	-0.249	-0.167	0.000	-21.787	5.092
6257	1664.000	-0.971	-0.798	0.000	-76.193	-3.613
6273	1664.000	-0.978	-0.821	0.000	-76.806	-5.318
6289	1664.000	-0.910	-0.727	0.000	-76.187	3.512
6305	1664.000	-0.873	-0.592	0.000	-76.184	17.026
6321	1664.000	-0.918	-0.970	0.000	-76.455	-20.534
6337	1664.000	-0.937	-0.949	0.000	-76.155	-18.768
6353	1664.000	-0.866	-0.582	0.000	-76.155	17.956
6369	1664.000	-0.920	-0.838	0.000	-78.639	-5.184
6385	1664.000	0.690	4.288	0.000	-76.492	5.325
6401	1664.000	-0.966	-0.906	0.000	-76.156	-14.401
6417	1664.000	-0.997	-0.992	0.000	-78.397	-20.790
6433	1664.000	-1.007	-0.813	0.000	-78.929	-2.351
6449	1664.000	-0.903	-0.862	0.000	-76.155	-10.057
6465	1664.000	-0.965	-0.882	0.000	-77.467	-10.770
6481	1664.000	-0.914	-0.755	0.000	-76.864	1.401
6497	1664.000	-0.972	-0.980	0.000	-76.155	-21.850
6513	1664.000	-0.963	-0.975	0.000	-76.441	-21.088
6529	1664.000	-0.920	-0.738	0.000	-76.201	2.405
6545	1664.000	-0.900	-0.676	0.000	-76.805	9.169
6561	1664.000	-0.924	-0.867	0.000	-76.163	-10.503
6577	1664.000	-0.948	-0.877	0.000	-76.794	-10.910
6593	1664.000	-0.936	-0.951	0.000	-76.169	-18.885
6609	1664.000	-0.969	-0.983	0.000	-76.886	-21.369
6625	1664.000	-0.933	-0.761	0.000	-77.367	1.230
6641	1664.000	-0.918	-0.697	0.000	-77.467	7.733
6657	1664.000	-0.924	-0.661	0.000	-77.482	11.370
6673	1664.000	-0.969	-0.905	0.000	-76.179	-14.330
6689	1664.000	-0.935	-0.771	0.000	-76.206	-0.933
6705	1664.000	-0.960	-0.848	0.000	-76.984	-7.838
6721	1664.000	-0.965	-0.833	0.000	-76.155	-7.141
6737	1664.000	-0.344	-0.643	0.000	-76.184	11.868
6753	1664.000	-0.863	-0.755	0.000	-78.817	3.290
6769	1664.000	0.709	4.118	0.000	-76.155	-12.004
6785	1664.000	-0.917	-0.600	0.000	-76.155	16.127
6801	1664.000	-0.973	-0.983	0.000	-77.778	-20.475
6817	1664.000	-0.963	-0.792	0.033	-83.252	-12.273
6833	1664.000	-0.910	-0.820	0.000	-76.162	-5.794
6849	1664.000	-1.002	-0.580	0.000	-78.354	20.356
6865	1664.000	-0.909	-0.708	0.000	-78.253	7.484
6881	1664.000	-0.963	-0.707	0.000	-76.193	5.498
7521	1664.000	-0.872	-0.562	0.000	-72.487	16.257
7537	1664.000	-0.889	-0.881	0.000	-72.848	-15.245
7553	1664.000	-0.670	-0.529	0.000	-72.182	19.266
7569	1664.000	-0.873	-0.536	0.000	-72.192	18.551
7585	1664.000	-0.474	-0.651	0.000	-72.959	7.818
7601	1664.000	-0.935	-0.605	0.000	-73.629	13.145
7617	1664.000	-0.911	-0.713	0.000	-72.179	0.928
7633	1664.000	-1.030	-0.858	0.000	-73.836	-11.916
7649	1664.000	-0.855	-0.537	0.000	-72.726	19.074
7665	1664.000	-0.973	-0.953	0.000	-73.781	-21.547
7681	1664.000	-0.896	-0.766	0.000	-72.188	-4.453
7697	1664.000	-0.939	-0.525	0.000	-72.485	19.950
7713	1664.000	-0.958	-0.826	0.000	-75.045	-7.549
7729	1664.000	-0.842	-0.860	0.000	-72.245	-13.774
7745	1664.000	-0.975	-0.853	0.000	-72.235	-13.037
7761	1664.000	-0.809	-0.564	0.000	-72.164	15.749
7777	1664.000	-0.931	-0.917	0.000	-74.517	-17.200
7793	1664.000	0.789	4.423	0.000	-72.234	14.492
7809	1664.000	-0.980	-0.956	0.000	-72.792	-22.771
7825	1664.000	-0.964	-0.719	0.000	-73.347	1.482
7841	1664.000	-0.901	-0.691	0.000	-72.205	3.116
7857	1664.000	-0.947	-0.754	0.000	-72.164	-3.274
7873	1664.000	-0.948	-0.621	0.000	-74.850	12.771
7889	1664.000	-0.903	-0.565	0.000	-72.164	15.676
7905	1664.000	-0.859	-0.650	0.000	-72.164	7.178
7921	1664.000	-0.974	-0.641	0.000	-73.777	9.686
7937	1664.000	-0.965	-0.740	0.000	-73.879	-0.084
7953	1664.000	-0.941	-0.911	0.000	-72.193	-18.882
7969	1664.000	-0.897	-0.794	0.000	-72.178	-7.250
7985	1664.000	-0.921	-0.563	0.000	-72.830	16.512
8001	1664.000	-0.919	-0.643	0.000	-72.858	8.548
8017	1664.000	-0.892	-0.655	0.000	-73.667	8.139
8033	1664.000	-0.877	-0.644	0.000	-72.178	7.799
8049	1664.000	-0.869	-0.608	0.000	-72.796	11.953
8065	1664.000	-0.943	-0.671	0.000	-74.197	7.135
8081	1664.000	-0.914	-0.737	0.000	-72.178	-1.520
8097	1664.000	-0.955	-0.712	0.000	-73.836	2.659
8113	1664.000	-0.957	-0.748	0.000	-72.228	-2.574
8129	1664.000	-0.922	-0.940	0.000	-72.202	-21.765
8769	1664.000	-0.336	-0.338	0.000	-25.000	-8.766
8785	1664.000	-0.305	-0.189	0.000	-25.176	6.226
8801	1664.000	-0.346	-0.280	0.000	-25.353	-2.634
8817	1664.000	-0.320	-0.425	0.000	-25.352	-17.188
8833	1664.000	-0.318	-0.367	0.000	-25.319	-11.365
8849	1664.000	-0.311	-0.062	0.000	-25.378	19.129
8865	1664.000	-0.339	-0.406	0.000	-25.636	-14.986
8881	1664.000	-0.364	-0.185	0.000	-25.170	6.626
8897	1664.000	-0.308	-0.011	0.000	-25.663	24.530
8913	1664.000	-0.287	-0.192	0.000	-25.133	5.947
8929	1664.000	-0.313	-0.296	0.000	-25.171	-4.418
8945	1664.000	-0.310	-0.418	0.000	-25.378	-16.416
8961	1664.000	-0.327	-0.256	0.000	-25.096	-0.515
8977	1664.000	-0.296	-0.300	0.000	-25.275	-4.743
8993	1664.000	-0.364	-0.445	0.000	-25.555	-18.904
9009	1664.000	-0.350	-0.141	0.000	-25.203	11.112
9025	1664.000	-0.342	-0.399	0.000	-25.696	-14.236
9041	1664.000	-0.366	-0.182	0.000	-25.861	7.707
9057	1664.000	-0.320	-0.087	0.000	-25.736	17.010
9073	1664.000	-0.305	-0.026	0.000	-25.670	23.078
9089	1664.000	-0.314	-0.209	0.000	-25.171	4.252
9105	1664.000	-0.329	-0.399	0.000	-25.072	-14.796
9121	1664.000	-0.353	-0.431	0.000	-25.905	-17.179
9137	1664.000	-0.328	-0.387	0.000	-25.000	-13.726
9153	1664.000	-0.357	-0.415	0.000	-25.002	-16.520
9169	1664.000	-0.326	-0.475	0.000	-25.648	-21.810
9185	1664.000	-0.262	-0.201	0.000	-25.147	5.061
9201	1664.000	-0.288	-0.298	0.000	-25.210	-4.571
9217	1664.000	-0.289	-0.057	0.000	-25.180	19.484
9233	1664.000	-0.304	-0.008	0.000	-25.148	24.317
9249	1664.000	-0.378	-0.386	0.000	-25.207	-13.409
9265	1664.000	-0.330	-0.133	0.000	-25.133	11.837
9281	1664.000	-0.269	-0.051	0.000	-25.037	19.982
9297	1664.000	-0.351	-0.452	0.000	-25.151	-20.033
9313	1664.000	-0.335	-0.132	0.000	-25.135	11.900
9329	1664.000	-0.305	-0.383	0.000	-25.143	-13.174
9345	1664.000	-0.380	-0.317	0.000	-25.085	-6.640
9361	1664.000	-0.324	-0.230	0.000	-25.332	2.375
9377	1664.000	-0.315	-0.152	0.000	-25.147	9.901
10017	1664.000	-0.338	-0.076	0.000	-30.053	22.477
10033	1664.000	-0.322	-0.077	0.000	-29.955	22.254
10049	1664.000	-0.386	-0.338	0.000	-30.086	-3.710
10065	1664.000	-0.388	-0.319	0.000	-30.121	-1.810
10081	1664.000	-0.403	-0.416	0.000	-30.033	-11.573
10097	1664.000	-0.385	-0.428	0.000	-30.560	-12.231
10113	1664.000	-0.398	-0.445	0.000	-30.239	-14.214
10129	1664.000	-0.398	-0.506	0.000	-30.085	-20.465
10145	1664.000	-0.416	-0.350	0.000	-30.891	-4.152
10161	1664.000	-0.409	-0.189	0.000	-30.023	11.102
10177	1664.000	-0.382	-0.432	0.000	-30.487	-12.749
10193	1664.000	-0.341	-0.057	0.000	-30.052	24.319
10209	1664.000	-0.346	-0.332	0.000	-29.952	-3.265
10225	1664.000	-0.371	-0.115	0.000	-30.148	18.621
10241	1664.000	-0.417	-0.391	0.000	-30.285	-8.818
10257	1664.000	-0.393	-0.410	0.000	-29.951	-11.038
10273	1664.000	-0.376	-0.455	0.000	-30.179	-15.329
10289	1664.000	-0.356	-0.306	0.000	-30.191	-0.423
10305	1664.000	-0.363	-0.215	0.000	-30.441	8.894
10321	1664.000	-0.366	-0.114	0.000	-30.208	18.815
10337	1664.000	-0.334	-0.261	0.000	-30.574	4.461
10353	1664.000	-0.378	-0.110	0.000	-30.339	19.368
10369	1664.000	-0.440	-0.391	0.000	-30.652	-8.473
10385	1664.000	-0.370	-0.229	0.000	-30.833	7.961
10401	1664.000	-0.344	-0.398	0.000	-30.647	-9.200
10417	1664.000	-0.366	-0.124	0.000	-30.330	17.899
10433	1664.000	-0.354	-0.237	0.000	-30.333	6.653
10449	1664.000	-0.394	-0.276	0.000	-30.209	2.633
10465	1664.000	-0.400	-0.212	0.000	-30.209	8.968
10481	1664.000	-0.366	-0.148	0.000	-30.335	15.577
10497	1664.000	-0.370	-0.330	0.000	-30.467	-2.517
10513	1664.000	-0.339	-0.322	0.000	-30.628	-1.541
10529	1664.000	-0.381	-0.301	0.000	-30.236	0.107
10545	1664.000	-0.352	-0.065	0.000	-31.086	24.571
10561	1664.000	-0.321	-0.207	0.000	-30.729	10.027
10577	1664.000	-0.411	-0.337	0.000	-30.163	-3.514
10593	1664.000	-0.394	-0.418	0.000	-30.084	-11.711
10609	1664.000	-0.348	-0.330	0.000	-29.958	-3.016
10625	1664.000	-0.345	-0.245	0.000	-29.961	5.477
11265	1664.000	-0.374	-0.264	0.000	-29.362	2.926
11281	1664.000	-0.366	-0.076	0.000	-29.524	21.895
11297	1664.000	-0.410	-0.353	0.000	-30.297	-4.990
11313	1664.000	-0.360	-0.151	0.000	-29.405	14.353
11329	1664.000	-0.376	-0.379	0.000	-29.672	-8.223
11345	1664.000	-0.414	-0.285	0.000	-30.277	1.797
11361	1664.000	-0.291	-0.176	0.000	-29.273	11.663
11377	1664.000	-0.395	-0.136	0.000	-29.733	16.165
11393	1664.000	-0.377	-0.531	0.000	-29.735	-23.395
11409	1664.000	-0.356	-0.074	0.000	-29.338	21.913
11425	1664.000	-0.415	-0.406	0.000	-29.503	-11.051
11441	1664.000	-0.327	-0.223	0.000	-29.692	7.346
11457	1664.000	-0.410	-0.530	0.000	-29.912	-23.047
11473	1664.000	-0.292	-0.089	0.000	-29.339	20.424
11489	1664.000	-0.373	-0.158	0.000	-29.525	13.725
11505	1664.000	-0.450	-0.511	0.000	-30.263	-20.875
11521	1664.000	-0.401	-0.498	0.000	-29.896	-19.881
11537	1664.000	-0.355	-0.288	0.000	-29.273	0.502
11553	1664.000	-0.303	-0.252	0.000	-29.460	4.291
11569	1664.000	-0.385	-0.527	0.000	-29.743	-22.920
11585	1664.000	-0.322	-0.081	0.000	-29.274	21.128
11601	1664.000	-0.358	-0.084	0.000	-29.891	21.513
11617	1664.000	-0.351	-0.357	0.000	-29.636	-6.079
11633	1664.000	-0.391	-0.174	0.000	-29.451	12.025
11649	1664.000	-0.424	-0.413	0.000	-30.610	-10.661
11665	1664.000	-0.364	-0.073	0.000	-29.361	22.092
11681	1664.000	-0.410	-0.451	0.000	-29.910	-15.148
11697	1664.000	-0.419	-0.334	0.000	-29.622	-3.810
11713	1664.000	-0.360	-0.327	0.000	-29.278	-3.437
11729	1664.000	-0.338	-0.103	0.000	-29.486	19.224
11745	1664.000	-0.410	-0.169	0.000	-29.630	12.769
11761	1664.000	-0.401	-0.446	0.000	-29.280	-15.277
11777	1664.000	-0.382	-0.409	0.000	-29.273	-11.622
11793	1664.000	-0.398	-0.448	0.000	-29.942	-14.908
11809	1664.000	-0.391	-0.486	0.000	-29.296	-19.297
11825	1664.000	-0.342	-0.086	0.000	-29.345	20.723
11841	1664.000	-0.372	-0.378	0.000	-29.666	-8.088
11857	1664.000	-0.426	-0.331	0.000	-29.402	-3.653
11873	1664.000	-0.341	-0.479	0.000	-29.898	-18.007
12529	1664.000	-0.321	-0.254	0.000	-23.915	-1.448
12545	1664.000	-0.301	-0.255	0.000	-24.017	-1.528
12561	1664.000	-0.273	-0.138	0.000	-23.863	10.036
12577	1664.000	-0.333	-0.128	0.000	-24.094	11.308
12593	1664.000	-0.312	-0.142	0.000	-23.883	9.721
12609	1664.000	-0.299	-0.324	0.000	-23.530	-8.864
12625	1664.000	-0.286	-0.246	0.000	-23.787	-0.772
12641	1664.000	-0.317	-0.263	0.000	-23.597	-2.657
12657	1664.000	-0.316	-0.033	0.000	-23.498	20.191
12673	1664.000	-0.315	-0.274	0.000	-24.018	-3.423
12689	1664.000	-0.246	-0.067	0.000	-23.498	16.766
12705	1664.000	-0.299	-0.018	0.000	-23.498	21.695
12721	1664.000	-0.301	-0.224	0.000	-23.763	1.412
12737	1664.000	-0.274	-0.421	0.000	-23.745	-18.353
12753	1664.000	-0.306	-0.466	0.000	-23.498	-23.054
12769	1664.000	-0.317	-0.174	0.000	-23.498	6.121
12785	1664.000	-0.305	-0.075	0.000	-24.239	16.767
12801	1664.000	-0.254	-0.096	0.000	-23.500	13.878
12817	1664.000	-0.279	-0.154	0.000	-23.504	8.061
12833	1664.000	-0.341	-0.421	0.000	-24.145	-17.906
12849	1664.000	-0.249	-0.133	0.000	-23.518	10.173
12865	1664.000	-0.305	-0.016	0.000	-23.867	22.235
12881	1664.000	-0.346	-0.461	0.000	-24.159	-21.921
12897	1664.000	-0.299	-0.089	0.000	-23.817	14.902
12913	1664.000	-0.244	-0.162	0.000	-23.839	7.614
12929	1664.000	-0.337	-0.144	0.000	-23.718	9.269
12945	1664.000	-0.310	-0.426	0.000	-23.641	-18.944
12961	1664.000	-0.302	-0.382	0.000	-23.513	-14.640
12977	1664.000	-0.301	-0.231	0.000	-24.177	1.081
12993	1664.000	-0.311	-0.009	0.000	-23.964	23.042
13009	1664.000	-0.275	-0.380	0.000	-23.502	-14.499
13025	1664.000	-0.277	0.010	0.000	-23.642	24.631
13041	1664.000	-0.363	-0.438	0.000	-24.105	-19.723
13057	1664.000	-0.256	-0.195	0.000	-23.652	4.118
13073	1664.000	-0.291	-0.035	0.000	-23.701	20.176
13089	1664.000	-0.296	-0.236	0.000	-23.721	0.072
13105	1664.000	-0.352	-0.050	0.000	-23.900	18.905
13121	1664.000	-0.272	-0.377	0.000	-24.003	-13.734
13137	1664.000	-0.294	-0.004	0.000	-23.748	23.343
13777	1664.000	-0.927	-0.766	0.000	-74.764	-1.823
13793	1664.000	-0.915	-0.853	0.000	-74.120	-11.187
13809	1664.000	-0.917	-0.903	0.000	-74.162	-16.151
13825	1664.000	-0.982	-0.940	0.000	-75.843	-18.201
13841	1664.000	-0.783	-0.567	0.000	-74.663	17.929
13857	1664.000	-0.687	-0.973	0.000	-74.120	-23.207
13873	1664.000	-0.921	-0.705	0.000	-74.120	3.572
13889	1664.000	-0.925	-0.664	0.000	-74.150	7.757
13905	1664.000	-0.947	-0.933	0.000	-75.638	-17.674
13921	1664.000	-0.951	-0.951	0.000	-74.120	-21.010
13937	1664.000	-0.640	-0.524	0.000	-75.330	22.909
13953	1664.000	-1.023	-0.946	0.000	-77.204	-17.406
13969	1664.000	-0.937	-0.973	0.000	-75.018	-22.300
13985	1664.000	-0.915	-0.643	0.000	-75.301	10.985
14001	1664.000	-0.981	-0.872	0.000	-75.397	-11.763
14017	1664.000	-0.903	-0.694	0.000	-75.048	5.653
14033	1664.000	-0.904	-0.817	0.000	-74.120	-7.621
14049	1664.000	-0.779	-0.829	0.000	-74.127	-8.758
14065	1664.000	-0.934	-0.593	0.000	-74.120	14.845
14081	1664.000	-0.969	-0.875	0.000	-74.120	-13.346
14097	1664.000	-0.919	-0.927	0.000	-74.790	-17.880
14113	1664.000	-0.954	-0.958	0.000	-74.138	-21.706
14129	1664.000	-0.885	-0.591	0.000	-74.120	15.064
14145	1664.000	-0.960	-0.598	0.000	-75.857	16.018
14161	1664.000	-0.990	-0.758	0.000	-76.781	0.987
14177	1664.000	-0.862	-0.525	0.000	-74.120	21.591
14193	1664.000	-0.907	-0.880	0.000	-74.778	-13.175
14209	1664.000	-0.888	-0.650	0.000	-74.992	9.968
14225	1664.000	-0.930	-0.879	0.000	-74.821	-13.126
14241	1664.000	-0.962	-0.777	0.000	-74.789	-2.925
14257	1664.000	-0.975	-0.734	0.000	-74.120	0.682
14273	1664.000	-0.990	-0.859	0.000	-77.680	-8.180
14289	1664.000	-0.950	-0.810	0.000	-74.925	-6.050
14305	1664.000	-0.688	-0.906	0.000	-74.138	-16.507
14321	1664.000	-0.950	-0.705	0.000	-75.898	5.386
14337	1664.000	-0.872	-0.565	0.000	-74.120	17.623
14353	1664.000	0.704	4.068	0.000	-74.138	-19.082
14369	1664.000	-0.858	-0.719	0.000	-74.153	2.276
14385	1664.000	-0.994	-0.855	0.000	-74.140	-11.328
1	1665.000	-0.961	-1.443	0.000	-125.074	-19.192
17	1665.000	-0.704	-1.173	0.056	-134.472	-10.748
33	1665.000	-0.988	-1.006	0.000	-123.709	23.131
49	1665.000	-0.957	-1.046	0.000	-121.011	16.387
65	1665.000	-0.939	-0.747	0.076	-126.603	14.078
81	1665.000	-0.955	-1.102	0.075	-127.515	-20.049
97	1665.000	-0.901	-1.134	0.000	-125.074	11.644
113	1665.000	-0.967	-1.116	0.000	-121.111	9.523
129	1665.000	-0.916	-1.406	0.000	-121.592	-18.975
145	1665.000	-0.935	-1.464	0.000	-132.999	-13.450
161	1665.000	-0.930	-1.274	0.000	-127.034	-0.402
177	1665.000	-0.910	-1.356	0.000	-121.011	-14.578
193	1665.000	-0.973	-1.215	0.000	-130.772	9.224
209	1665.000	1.350	3.712	0.030	-135.074	-8.979
225	1665.000	-0.962	-1.251	0.000	-121.580	-3.498
241	1665.000	-0.969	-1.336	0.000	-130.143	-3.425
257	1665.000	-0.873	-1.088	0.000	-127.005	18.174
273	1665.000	-0.949	-1.192	0.000	-125.074	5.833
289	1665.000	-0.909	-1.450	0.000	-121.011	-23.940
305	1665.000	-0.958	-1.058	0.000	-121.011	15.167
321	1665.000	-0.971	-1.367	0.000	-131.965	-4.722
337	1665.000	-0.874	-1.152	0.055	-129.848	-13.060
353	1665.000	-0.981	-1.108	0.000	-126.848	16.012
369	1665.000	-0.855	-0.825	0.069	-121.289	4.366
385	1665.000	-1.006	-1.462	0.000	-138.065	-8.176
401	1665.000	-0.935	-1.079	0.000	-121.830	13.930
417	1665.000	-0.950	-1.400	0.000	-122.554	-17.471
433	1665.000	-0.965	-1.499	0.000	-129.412	-20.509
449	1665.000	-0.869	-0.964	0.000	-121.026	24.611
465	1665.000	-1.002	-1.355	0.000	-134.773	-0.738
481	1665.000	-0.914	-1.285	0.026	-131.965	-9.446
497	1665.000	-0.875	-1.122	0.014	-132.004	12.691
513	1665.000	-0.936	-1.092	0.000	-126.244	17.048
529	1665.000	-0.913	-1.162	0.000	-121.045	4.852
545	1665.000	-0.960	-1.297	0.000	-125.074	-4.644
561	1665.000	-0.743	-1.108	0.000	-127.517	16.717
577	1665.000	-0.939	-1.313	0.000	-121.037	-10.307
593	1665.000	-0.584	-1.183	0.000	-123.634	5.288
609	1665.000	-0.985	-1.001	0.000	-124.423	24.325
625	1665.000	-0.957	-1.419	0.000	-121.040	-20.828
1265	1665.000	-0.291	-0.272	0.000	-22.015	-5.224
1281	1665.000	-0.286	-0.267	0.000	-21.889	-4.793
1297	1665.000	-0.227	0.116	0.054	-21.934	6.739
1313	1665.000	-0.211	0.016	0.085	-21.965	-19.179
1329	1665.000	-0.257	-0.081	0.007	-21.709	9.980
1345	1665.000	-0.290	-0.136	0.000	-22.142	8.499
1361	1665.000	-0.182	0.186	0.049	-21.933	16.110
1377	1665.000	-0.205	0.165	0.049	-21.746	13.486
1393	1665.000	-0.200	0.001	0.056	-21.729	-5.982
1409	1665.000	-0.300	-0.223	0.000	-21.746	-0.520
1425	1665.000	-0.234	-0.075	0.000	-21.924	14.425
1441	1665.000	-0.280	0.052	0.012	-21.810	20.946
1457	1665.000	-0.270	-0.013	0.000	-21.862	20.561
1473	1665.000	-0.187	0.116	0.074	-21.801	-3.725
1489	1665.000	-0.230	0.002	0.047	-21.753	-1.615
1505	1665.000	-0.221	0.276	0.071	-21.675	13.852
1521	1665.000	-0.253	-0.086	0.000	-21.736	13.145
1537	1665.000	-0.193	0.199	0.063	-21.757	10.022
1553	1665.000	-0.296	-0.165	0.000	-21.802	5.293
1569	1665.000	-0.311	-0.351	0.021	-21.865	-23.748
1585	1665.000	-0.290	-0.204	0.028	-22.056	-12.384
1601	1665.000	-0.242	-0.125	0.000	-22.118	9.625
1617	1665.000	-0.234	-0.301	0.015	-21.917	-15.527
1633	1665.000	-0.250	0.048	0.036	-21.792	8.564
1649	1665.000	-0.157	0.299	0.062	-21.858	20.875
1665	1665.000	-0.253	-0.019	0.000	-22.302	20.406
1681	1665.000	-0.272	-0.003	0.000	-21.760	21.431
1697	1665.000	-0.263	-0.377	0.000	-21.830	-15.859
1713	1665.000	-0.203	0.315	0.077	-21.944	14.867
1729	1665.000	-0.272	-0.131	0.008	-21.679	4.346
1745	1665.000	-0.242	0.012	0.005	-21.923	20.697
1761	1665.000	-0.208	0.070	0.048	-21.710	4.799
1777	1665.000	-0.293	-0.381	0.000	-21.809	-16.328
1793	1665.000	-0.223	-0.092	0.039	-21.894	-6.678
1809	1665.000	-0.238	0.067	0.033	-21.838	12.071
1825	1665.000	-0.255	0.080	0.053	-22.306	3.539
1841	1665.000	-0.236	-0.070	0.048	-22.591	-8.493
1857	1665.000	-0.249	-0.128	0.027	-21.902	-4.343
1873	1665.000	-0.336	-0.175	0.000	-22.245	4.770
2513	1665.000	-0.300	-0.021	0.028	-29.433	13.443
2529	1665.000	-0.362	-0.337	0.014	-29.475	-11.372
2545	1665.000	-0.177	0.639	0.184	-29.547	1.414
2561	1665.000	-0.280	0.242	0.095	-29.158	5.979
2577	1665.000	-0.355	-0.108	0.003	-29.835	17.641
2593	1665.000	-0.303	0.048	0.058	-29.511	5.270
2609	1665.000	-0.337	-0.132	0.069	-29.029	-18.839
2625	1665.000	-0.264	0.232	0.082	-29.187	11.604
2641	1665.000	-0.237	0.292	0.080	-29.662	18.778
2657	1665.000	-0.305	0.008	0.037	-29.281	11.450
2673	1665.000	-0.382	-0.497	0.000	-29.101	-20.638
2689	1665.000	-0.277	0.461	0.107	-29.663	22.503
2705	1665.000	-0.346	-0.473	0.000	-29.025	-18.324
2721	1665.000	-0.377	-0.275	0.039	-29.572	-17.370
2737	1665.000	-0.374	-0.238	0.000	-29.370	5.583
2753	1665.000	-0.287	0.017	0.058	-29.026	1.613
2769	1665.000	-0.345	-0.287	0.000	-29.167	0.474
2785	1665.000	-0.393	-0.514	0.000	-29.209	-22.145
2801	1665.000	-0.307	0.080	0.083	-29.278	-3.980
2817	1665.000	-0.278	-0.012	0.061	-29.030	-2.511
2833	1665.000	-0.234	0.338	0.114	-29.190	6.025
2849	1665.000	-0.361	-0.449	0.000	-29.094	-15.788
2865	1665.000	-0.332	-0.068	0.000	-29.546	22.784
2881	1665.000	-0.319	-0.132	0.000	-29.369	16.121
2897	1665.000	-0.317	-0.143	0.000	-29.213	14.778
2913	1665.000	-0.415	-0.260	0.000	-29.699	3.673
2929	1665.000	-0.370	-0.152	0.007	-29.170	10.305
2945	1665.000	-0.378	-0.335	0.038	-29.183	-23.176
2961	1665.000	-0.328	-0.025	0.058	-30.074	-1.287
2977	1665.000	-0.398	-0.124	0.000	-29.179	16.808
2993	1665.000	-0.319	-0.216	0.035	-29.297	-9.874
3009	1665.000	-0.270	-0.148	0.052	-29.583	-11.121
3025	1665.000	-0.356	-0.379	0.016	-29.028	-16.971
3041	1665.000	-0.409	-0.199	0.014	-29.281	2.309
3057	1665.000	-0.351	-0.299	0.034	-29.340	-17.427
3073	1665.000	-0.369	-0.378	0.000	-29.282	-8.543
3089	1665.000	-0.428	-0.524	0.000	-29.467	-22.981
3105	1665.000	-0.356	-0.205	0.012	-29.594	2.912
3121	1665.000	-0.385	-0.159	0.000	-29.804	13.869
3761	1665.000	-0.401	-0.158	0.000	-28.935	13.130
3777	1665.000	-0.343	-0.179	0.060	-28.875	-19.116
3793	1665.000	-0.254	0.334	0.089	-29.117	17.796
3809	1665.000	-0.316	-0.182	0.037	-28.909	-7.913
3825	1665.000	0.010	1.518	0.351	-28.917	5.172
3841	1665.000	-0.267	0.301	0.069	-28.974	24.717
3857	1665.000	-0.308	-0.177	0.025	-28.808	-1.533
3873	1665.000	0.009	1.697	0.408	-28.777	-5.623
3889	1665.000	-0.330	-0.299	0.011	-29.274	-6.381
3905	1665.000	-0.338	-0.184	0.000	-29.037	10.680
3921	1665.000	-0.336	-0.116	0.000	-29.051	17.467
3937	1665.000	-0.433	-0.487	0.000	-29.079	-19.657
3953	1665.000	-0.320	-0.011	0.024	-28.876	15.660
3969	1665.000	-0.374	-0.279	0.000	-29.366	1.427
3985	1665.000	-0.378	-0.469	0.000	-28.990	-17.921
4001	1665.000	-0.297	0.129	0.060	-29.092	11.723
4017	1665.000	-0.206	0.520	0.124	-28.953	19.102
4033	1665.000	-0.392	-0.532	0.000	-28.889	-24.355
4049	1665.000	-0.355	-0.146	0.077	-29.029	-23.886
4065	1665.000	-0.302	0.077	0.048	-28.832	12.590
4081	1665.000	-0.336	-0.194	0.000	-28.919	9.487
4097	1665.000	-0.365	-0.135	0.007	-29.483	12.537
4113	1665.000	-0.399	-0.076	0.000	-29.106	21.512
4129	1665.000	-0.306	0.179	0.079	-28.833	7.472
4145	1665.000	-0.265	0.319	0.073	-29.226	24.404
4161	1665.000	-0.294	-0.237	0.049	-28.917	-19.295
4177	1665.000	-0.280	0.338	0.112	-28.930	6.548
4193	1665.000	-0.372	-0.305	0.000	-28.739	-1.804
4209	1665.000	-0.352	-0.358	0.000	-28.654	-7.155
4225	1665.000	-0.171	0.734	0.166	-29.163	19.507
4241	1665.000	-0.292	0.358	0.086	-28.924	21.708
4257	1665.000	-0.413	-0.480	0.000	-28.714	-19.335
4273	1665.000	-0.379	-0.104	0.000	-29.559	19.206
4289	1665.000	-0.377	-0.200	0.015	-28.792	1.474
4305	1665.000	-0.115	1.149	0.257	-28.647	14.962
4321	1665.000	-0.394	-0.096	0.029	-28.951	5.025
4337	1665.000	-0.250	0.017	0.019	-29.016	21.253
4353	1665.000	-0.136	1.247	0.263	-28.645	21.794
4369	1665.000	-0.210	0.401	0.101	-29.110	18.585
5009	1665.000	-0.184	0.224	0.049	-20.711	18.543
5025	1665.000	-0.181	0.303	0.073	-20.674	14.331
5041	1665.000	-0.139	0.466	0.147	-20.901	-5.952
5057	1665.000	-0.203	0.032	0.000	-20.837	24.030
5073	1665.000	-0.110	0.421	0.168	-20.811	-20.914
5089	1665.000	-0.288	-0.207	0.007	-21.003	-3.388
5105	1665.000	-0.212	-0.102	0.041	-20.745	-10.112
5121	1665.000	-0.198	0.114	0.111	-20.812	-23.157
5137	1665.000	-0.238	0.276	0.086	-21.096	5.886
5153	1665.000	-0.190	0.114	0.073	-20.894	-4.265
5169	1665.000	-0.261	-0.063	0.001	-20.977	14.132
5185	1665.000	-0.243	-0.007	0.000	-21.031	20.289
5201	1665.000	-0.225	-0.085	0.014	-21.022	5.720
5217	1665.000	-0.052	1.003	0.231	-20.838	5.663
5233	1665.000	-0.268	-0.158	0.000	-20.821	5.016
5249	1665.000	-0.112	0.753	0.221	-21.115	-13.957
5265	1665.000	-0.237	-0.173	0.000	-21.261	3.997
5281	1665.000	-0.283	-0.142	0.000	-20.956	6.761
5297	1665.000	-0.273	-0.417	0.000	-21.099	-20.574
5313	1665.000	-0.117	0.587	0.206	-20.779	-23.654
5329	1665.000	-0.255	-0.086	0.000	-21.178	12.600
5345	1665.000	-0.308	-0.383	0.000	-20.990	-17.317
5361	1665.000	-0.247	0.185	0.041	-20.683	18.579
5377	1665.000	-0.244	-0.011	0.070	-21.707	-14.448
5393	1665.000	-0.243	-0.294	0.006	-20.962	-11.707
5409	1665.000	-0.177	0.295	0.053	-20.678	23.714
5425	1665.000	-0.133	0.455	0.143	-21.319	-4.841
5441	1665.000	-0.223	0.073	0.036	-20.752	9.831
5457	1665.000	-0.057	1.079	0.213	-20.672	21.878
5473	1665.000	-0.175	0.056	0.004	-20.788	24.456
5489	1665.000	-0.103	0.862	0.177	-20.678	18.519
5505	1665.000	-0.193	0.325	0.094	-20.738	6.416
5521	1665.000	-0.177	0.150	0.076	-20.675	-2.443
5537	1665.000	-0.295	-0.210	0.008	-20.672	-4.308
5553	1665.000	-0.218	0.114	0.086	-21.038	-10.683
5569	1665.000	-0.237	-0.295	0.000	-20.735	-8.788
5585	1665.000	-0.092	0.518	0.111	-20.679	16.840
5601	1665.000	-0.144	0.306	0.129	-20.780	-13.287
5617	1665.000	-0.243	-0.436	0.000	-20.885	-22.676
6257	1665.000	-0.985	-1.300	0.000	-122.170	-7.809
6273	1665.000	-1.007	-1.046	0.000	-122.724	18.155
6289	1665.000	-0.952	-1.489	0.000	-126.227	-22.701
6305	1665.000	-0.937	-1.304	0.000	-126.225	-4.149
6321	1665.000	-0.912	-0.980	0.011	-124.338	20.956
6337	1665.000	-0.974	-1.308	0.000	-135.020	4.239
6353	1665.000	-0.931	-1.424	0.016	-126.198	-23.984
6369	1665.000	-0.971	-1.412	0.000	-132.931	-8.227
6385	1665.000	1.277	3.715	0.000	-140.539	12.082
6401	1665.000	-1.026	-1.415	0.000	-135.021	-6.498
6417	1665.000	-0.999	-1.180	0.000	-135.118	17.134
6433	1665.000	-1.065	-1.468	0.000	-126.577	-20.216
6449	1665.000	-0.820	-0.615	0.104	-122.136	8.467
6465	1665.000	-0.997	-1.263	0.000	-135.934	9.651
6481	1665.000	-0.979	-1.312	0.000	-122.777	-8.448
6497	1665.000	-0.961	-0.654	0.066	-122.135	23.633
6513	1665.000	-1.015	-1.416	0.000	-122.394	-19.162
6529	1665.000	-0.968	-1.476	0.000	-130.725	-16.838
6545	1665.000	-0.950	-1.125	0.000	-122.723	10.190
6561	1665.000	-0.952	-1.103	0.000	-122.142	11.822
6577	1665.000	-0.980	-1.340	0.000	-122.714	-11.330
6593	1665.000	-0.972	-1.332	0.000	-122.148	-11.080
6609	1665.000	-0.989	-1.116	0.000	-122.797	11.196
6625	1665.000	-0.951	-1.151	0.000	-127.613	12.505
6641	1665.000	-0.947	-1.214	0.000	-123.323	1.878
6657	1665.000	-0.962	-1.290	0.000	-123.336	-5.616
6673	1665.000	-0.986	-1.060	0.000	-122.157	16.139
6689	1665.000	-0.939	-1.114	0.000	-122.182	10.766
6705	1665.000	-1.011	-1.252	0.000	-122.885	-2.307
6721	1665.000	-1.012	-1.324	0.000	-124.066	-8.303
6737	1665.000	-0.493	-1.458	0.000	-122.162	-23.626
6753	1665.000	-0.459	-1.209	0.000	-128.606	7.689
6769	1665.000	1.257	3.598	0.000	-147.126	6.970
6785	1665.000	-0.932	-1.045	0.000	-126.198	21.714
6801	1665.000	-1.022	-1.247	0.000	-132.873	8.152
6817	1665.000	-0.922	-0.864	0.072	-145.504	23.303
6833	1665.000	-0.941	-1.213	0.000	-122.142	0.835
6849	1665.000	-1.020	-1.113	0.000	-129.331	18.002
6865	1665.000	-0.947	-1.436	0.021	-133.302	-20.984
6881	1665.000	-0.967	-1.032	0.062	-127.375	-6.623
7521	1665.000	-0.893	-1.150	0.000	-133.666	18.675
7537	1665.000	-0.878	-0.982	0.018	-120.239	13.216
7553	1665.000	-0.665	-0.770	0.066	-119.637	9.505
7569	1665.000	-0.910	-1.105	0.000	-119.646	9.170
7585	1665.000	-0.516	-0.774	0.063	-122.270	13.359
7601	1665.000	-0.965	-1.413	0.000	-120.945	-20.324
7617	1665.000	-0.964	-1.199	0.000	-121.565	1.685
7633	1665.000	-1.066	-1.338	0.000	-121.133	-12.657
7649	1665.000	-0.866	-1.049	0.000	-120.128	15.228
7665	1665.000	-0.993	-1.329	0.000	-121.083	-11.780
7681	1665.000	-0.972	-1.477	0.000	-128.190	-19.468
7697	1665.000	-0.956	-1.114	0.000	-119.911	8.538
7713	1665.000	-0.993	-1.241	0.000	-126.289	2.147
7729	1665.000	-0.887	-1.077	0.000	-123.756	16.095
7745	1665.000	-0.980	-1.137	0.018	-121.615	-1.265
7761	1665.000	-0.825	-1.072	0.007	-119.620	9.148
7777	1665.000	-0.953	-1.196	0.000	-121.749	2.146
7793	1665.000	1.330	3.646	0.000	-137.782	2.421
7809	1665.000	-1.008	-1.152	0.000	-120.188	5.020
7825	1665.000	-0.970	-1.172	0.000	-134.445	17.256
7841	1665.000	-0.926	-1.253	0.000	-121.588	-3.689
7857	1665.000	-0.986	-1.193	0.024	-127.745	-3.375
7873	1665.000	-0.999	-1.566	0.000	-135.804	-20.836
7889	1665.000	-0.979	-1.485	0.000	-123.683	-24.866
7905	1665.000	-0.832	-0.804	0.052	-119.620	13.294
7921	1665.000	-0.999	-1.098	0.000	-121.079	11.255
7937	1665.000	-1.009	-1.239	0.000	-121.172	-2.716
7953	1665.000	-0.982	-1.421	0.000	-128.195	-13.934
7969	1665.000	-0.916	-1.225	0.000	-119.633	-2.907
7985	1665.000	-0.971	-1.400	0.000	-120.222	-19.825
8001	1665.000	-0.945	-1.036	0.016	-120.248	8.543
8017	1665.000	-0.941	-1.431	0.000	-120.980	-22.135
8033	1665.000	-0.871	-0.989	0.045	-119.633	-1.913
8049	1665.000	-0.949	-1.420	0.000	-126.186	-15.861
8065	1665.000	-0.958	-1.265	0.000	-121.459	-5.036
8081	1665.000	-0.956	-1.344	0.000	-139.135	4.697
8097	1665.000	-0.927	-0.835	0.095	-125.195	-5.990
8113	1665.000	-0.957	-1.070	0.000	-119.678	12.710
8129	1665.000	-0.977	-1.222	0.000	-123.717	1.488
8769	1665.000	-0.269	0.102	0.042	-23.980	13.349
8785	1665.000	-0.266	-0.002	0.000	-24.139	23.889
8801	1665.000	-0.308	-0.155	0.034	-24.300	-8.270
8817	1665.000	-0.236	0.240	0.062	-24.298	17.157
8833	1665.000	-0.234	0.216	0.057	-24.269	17.252
8849	1665.000	-0.300	-0.181	0.000	-24.321	6.176
8865	1665.000	-0.308	-0.086	0.000	-24.555	15.974
8881	1665.000	-0.327	-0.054	0.000	-24.134	18.702
8897	1665.000	-0.268	-0.160	0.000	-24.580	8.350
8913	1665.000	-0.190	0.118	0.080	-24.100	-4.116
8929	1665.000	-0.114	0.720	0.225	-24.134	-16.178
8945	1665.000	-0.299	-0.039	0.000	-24.322	20.373
8961	1665.000	-0.264	-0.108	0.058	-24.067	-15.876
8977	1665.000	-0.080	0.856	0.217	-24.229	1.121
8993	1665.000	-0.379	-0.421	0.000	-24.482	-17.608
9009	1665.000	-0.335	-0.320	0.000	-24.163	-7.873
9025	1665.000	-0.309	-0.302	0.000	-24.609	-5.557
9041	1665.000	-0.335	-0.166	0.033	-24.759	-8.337
9057	1665.000	-0.240	0.294	0.067	-24.646	20.710
9073	1665.000	-0.287	-0.324	0.007	-24.586	-11.194
9089	1665.000	-0.283	-0.098	0.012	-24.135	8.412
9105	1665.000	-0.288	-0.145	0.000	-24.045	9.585
9121	1665.000	-0.243	0.236	0.070	-24.799	13.310
9137	1665.000	-0.250	0.121	0.059	-23.980	6.684
9153	1665.000	-0.335	-0.312	0.000	-23.982	-7.202
9169	1665.000	-0.321	-0.469	0.000	-24.566	-22.300
9185	1665.000	-0.256	-0.417	0.000	-24.112	-17.595
9201	1665.000	-0.155	0.467	0.156	-24.169	-6.875
9217	1665.000	-0.294	-0.443	0.000	-24.142	-20.151
9233	1665.000	-0.270	-0.155	0.000	-24.114	8.574
9249	1665.000	-0.321	-0.109	0.000	-24.167	13.307
9265	1665.000	-0.217	0.296	0.060	-24.101	23.908
9281	1665.000	-0.115	0.651	0.130	-24.013	24.175
9297	1665.000	-0.343	-0.379	0.000	-24.116	-13.738
9313	1665.000	-0.317	-0.004	0.000	-24.102	23.679
9329	1665.000	-0.209	0.235	0.089	-24.109	2.899
9345	1665.000	-0.368	-0.178	0.000	-24.057	6.240
9361	1665.000	-0.227	0.106	0.081	-24.280	-5.534
9377	1665.000	-0.074	1.217	0.255	-24.112	18.253
10017	1665.000	-0.327	-0.396	0.000	-28.821	-10.764
10033	1665.000	-0.257	0.044	0.021	-28.732	22.622
10049	1665.000	-0.369	-0.336	0.000	-28.851	-4.799
10065	1665.000	-0.369	-0.448	0.000	-28.882	-15.909
10081	1665.000	-0.401	-0.449	0.000	-28.803	-16.127
10097	1665.000	-0.334	-0.221	0.060	-29.280	-23.031
10113	1665.000	-0.366	-0.374	0.000	-28.989	-8.441
10129	1665.000	-0.207	0.618	0.159	-28.850	11.240
10145	1665.000	-0.270	0.394	0.101	-29.579	18.395
10161	1665.000	-0.230	0.550	0.154	-28.794	6.646
10177	1665.000	0.020	1.817	0.401	-29.214	10.541
10193	1665.000	-0.264	0.155	0.103	-28.820	-6.964
10209	1665.000	-0.301	-0.254	0.047	-28.729	-20.176
10225	1665.000	-0.326	0.074	0.031	-28.907	21.091
10241	1665.000	-0.124	1.318	0.278	-29.031	21.985
10257	1665.000	-0.292	0.064	0.069	-28.729	0.422
10273	1665.000	-0.382	-0.409	0.006	-28.935	-15.172
10289	1665.000	-0.349	-0.368	0.032	-28.946	-24.107
10305	1665.000	-0.257	0.112	0.124	-29.172	-21.837
10321	1665.000	-0.340	-0.247	0.000	-28.961	4.244
10337	1665.000	-0.300	0.091	0.028	-29.292	24.164
10353	1665.000	-0.324	-0.113	0.079	-29.080	-21.689
10369	1665.000	-0.437	-0.353	0.000	-29.363	-5.957
10385	1665.000	-0.187	0.592	0.175	-29.527	1.377
10401	1665.000	-0.337	-0.183	0.000	-29.358	11.098
10417	1665.000	-0.286	0.131	0.063	-29.072	10.808
10433	1665.000	-0.302	-0.061	0.015	-29.074	15.459
10449	1665.000	-0.385	-0.433	0.000	-28.963	-14.346
10465	1665.000	-0.364	-0.320	0.021	-28.962	-13.347
10481	1665.000	-0.370	-0.360	0.000	-29.076	-6.920
10497	1665.000	-0.245	0.305	0.081	-29.195	19.048
10513	1665.000	-0.221	0.288	0.152	-29.341	-17.735
10529	1665.000	-0.204	0.567	0.202	-28.987	-15.319
10545	1665.000	-0.340	-0.429	0.000	-29.756	-13.099
10561	1665.000	-0.204	0.541	0.123	-29.433	22.024
10577	1665.000	-0.274	0.412	0.117	-28.920	11.838
10593	1665.000	-0.378	-0.106	0.000	-28.849	18.203
10609	1665.000	-0.342	-0.220	0.011	-28.735	1.346
10625	1665.000	-0.351	-0.368	0.000	-28.738	-8.109
11265	1665.000	-0.391	-0.507	0.000	-28.159	-22.516
11281	1665.000	-0.324	-0.161	0.001	-28.306	11.932
11297	1665.000	-0.392	-0.208	0.018	-29.005	-0.520
11313	1665.000	-0.327	-0.282	0.049	-28.198	-24.302
11329	1665.000	-0.344	-0.285	0.027	-28.440	-13.722
11345	1665.000	-0.311	0.045	0.071	-28.987	-1.899
11361	1665.000	-0.140	0.536	0.176	-28.078	-6.411
11377	1665.000	-0.386	-0.268	0.000	-28.495	1.671
11393	1665.000	-0.263	0.329	0.093	-28.496	14.949
11409	1665.000	-0.303	-0.025	0.008	-28.137	21.602
11425	1665.000	-0.263	0.548	0.156	-28.287	5.145
11441	1665.000	-0.250	-0.054	0.072	-28.458	-13.012
11457	1665.000	-0.400	-0.357	0.000	-28.656	-6.995
11473	1665.000	-0.298	-0.225	0.000	-28.138	5.609
11489	1665.000	-0.347	-0.169	0.000	-28.306	11.444
11505	1665.000	-0.442	-0.379	0.000	-28.974	-8.941
11521	1665.000	-0.382	-0.196	0.000	-28.642	9.079
11537	1665.000	-0.250	0.204	0.062	-28.078	17.610
11553	1665.000	-0.218	0.273	0.092	-28.248	9.756
11569	1665.000	-0.340	-0.185	0.064	-28.504	-22.142
11585	1665.000	-0.295	-0.279	0.035	-28.080	-17.254
11601	1665.000	-0.342	-0.149	0.016	-28.638	5.890
11617	1665.000	-0.255	0.218	0.053	-28.407	23.561
11633	1665.000	-0.328	-0.164	0.073	-28.239	-24.522
11649	1665.000	-0.403	-0.395	0.018	-29.288	-19.122
11665	1665.000	-0.223	0.532	0.124	-28.158	19.275
11681	1665.000	-0.277	0.392	0.107	-28.655	14.352
11697	1665.000	-0.392	-0.340	0.030	-28.394	-20.751
11713	1665.000	-0.344	-0.184	0.000	-28.083	9.660
11729	1665.000	-0.340	-0.296	0.000	-28.271	-1.353
11745	1665.000	-0.363	-0.337	0.036	-28.401	-23.355
11761	1665.000	-0.307	0.074	0.096	-28.085	-12.656
11777	1665.000	-0.275	0.278	0.074	-28.078	18.700
11793	1665.000	-0.202	0.736	0.156	-28.684	24.422
11809	1665.000	-0.274	0.189	0.101	-28.099	-3.568
11825	1665.000	-0.248	0.060	0.092	-28.144	-12.021
11841	1665.000	-0.325	-0.234	0.022	-28.434	-5.990
11857	1665.000	-0.350	-0.075	0.029	-28.195	6.265
11873	1665.000	-0.312	-0.186	0.000	-28.644	10.028
12529	1665.000	-0.299	-0.322	0.000	-22.916	-9.331
12545	1665.000	-0.213	0.205	0.109	-23.008	-11.133
12561	1665.000	-0.194	0.086	0.056	-22.869	3.291
12577	1665.000	-0.295	0.062	0.023	-23.079	17.736
12593	1665.000	-0.292	-0.320	0.000	-22.888	-9.137
12609	1665.000	-0.161	0.394	0.168	-22.568	-22.313
12625	1665.000	-0.286	-0.233	0.000	-22.800	-0.533
12641	1665.000	-0.214	0.364	0.077	-22.629	20.497
12657	1665.000	-0.273	0.008	0.016	-22.539	15.325
12673	1665.000	-0.237	0.040	0.041	-23.010	6.489
12689	1665.000	-0.224	-0.063	0.000	-22.539	16.282
12705	1665.000	-0.209	0.191	0.050	-22.539	16.483
12721	1665.000	-0.301	-0.197	0.000	-22.779	3.126
12737	1665.000	-0.213	0.012	0.033	-22.762	7.561
12753	1665.000	-0.309	-0.414	0.000	-22.539	-18.891
12769	1665.000	-0.206	0.463	0.098	-22.539	19.838
12785	1665.000	-0.269	-0.207	0.000	-23.210	2.537
12801	1665.000	-0.248	-0.389	0.004	-22.541	-18.604
12817	1665.000	-0.150	0.481	0.159	-22.545	-8.764
12833	1665.000	-0.281	-0.006	0.000	-23.125	22.512
12849	1665.000	-0.081	0.738	0.173	-22.557	9.708
12865	1665.000	-0.316	-0.458	0.000	-22.873	-22.974
12881	1665.000	-0.281	0.053	0.030	-23.137	13.407
12897	1665.000	-0.309	-0.354	0.000	-22.828	-12.587
12913	1665.000	-0.232	-0.071	0.015	-22.848	8.097
12929	1665.000	-0.328	-0.315	0.000	-22.738	-8.792
12945	1665.000	-0.191	0.418	0.081	-22.669	23.771
12961	1665.000	-0.282	-0.076	0.000	-22.553	14.950
12977	1665.000	-0.244	0.014	0.053	-23.153	-1.914
12993	1665.000	-0.279	-0.199	0.045	-22.961	-19.246
13009	1665.000	-0.269	-0.168	0.000	-22.543	5.733
13025	1665.000	-0.202	0.102	0.033	-22.670	16.305
13041	1665.000	-0.323	-0.072	0.000	-23.088	15.937
13057	1665.000	-0.157	0.111	0.106	-22.678	-19.251
13073	1665.000	-0.282	-0.205	0.026	-22.723	-10.965
13089	1665.000	-0.139	0.669	0.161	-22.741	8.921
13105	1665.000	-0.278	0.157	0.056	-22.903	10.354
13121	1665.000	-0.292	-0.413	0.000	-22.996	-18.280
13137	1665.000	-0.257	-0.023	0.000	-22.766	20.427
13777	1665.000	-0.994	-1.447	0.000	-131.347	-13.384
13793	1665.000	-1.001	-1.546	0.000	-130.044	-24.559
13809	1665.000	-0.982	-1.467	0.000	-132.488	-14.219
13825	1665.000	-1.025	-1.382	0.000	-123.055	-15.123
13841	1665.000	-0.816	-1.007	0.000	-121.988	21.244
13857	1665.000	-0.774	-1.396	0.000	-125.559	-14.081
13873	1665.000	-0.947	-1.145	0.000	-121.496	6.994
13889	1665.000	-0.969	-1.371	0.000	-121.523	-15.607
13905	1665.000	-0.942	-1.019	0.000	-124.800	22.921
13921	1665.000	-0.976	-1.310	0.000	-121.496	-9.475
13937	1665.000	-0.730	-1.105	0.000	-122.591	12.135
13953	1665.000	-1.048	-1.381	0.000	-132.412	-5.694
13969	1665.000	-0.993	-1.328	0.000	-124.239	-8.591
13985	1665.000	-0.981	-1.333	0.000	-122.564	-10.745
14001	1665.000	-1.005	-1.096	0.000	-133.605	23.977
14017	1665.000	-0.875	-0.766	0.072	-122.335	9.955
14033	1665.000	-0.965	-1.324	0.000	-121.496	-10.874
14049	1665.000	-0.844	-1.182	0.000	-121.502	3.343
14065	1665.000	-0.987	-1.270	0.000	-126.702	-0.306
14081	1665.000	-0.947	-0.783	0.058	-125.559	18.321
14097	1665.000	-0.973	-1.502	0.000	-137.119	-13.060
14113	1665.000	-1.003	-1.362	0.000	-125.575	-10.615
14129	1665.000	-0.932	-1.173	0.000	-126.702	9.424
14145	1665.000	-0.953	-1.017	0.016	-127.130	17.278
14161	1665.000	-1.038	-1.325	0.000	-123.904	-8.614
14177	1665.000	-0.812	-0.628	0.083	-126.702	22.322
14193	1665.000	-0.940	-1.375	0.000	-122.092	-15.401
14209	1665.000	-0.916	-1.080	0.000	-122.285	14.303
14225	1665.000	-0.864	-0.661	0.093	-122.130	9.499
14241	1665.000	-1.016	-1.538	0.000	-129.238	-24.547
14257	1665.000	-0.972	-0.986	0.000	-121.496	22.917
14273	1665.000	-1.032	-1.456	0.000	-129.924	-15.680
14289	1665.000	-1.002	-1.614	0.000	-138.384	-23.033
14305	1665.000	-0.761	-1.304	0.000	-123.443	-6.949
14321	1665.000	-1.000	-1.148	0.000	-139.265	24.479
14337	1665.000	-0.881	-0.997	0.059	-126.702	-2.369
14353	1665.000	1.263	3.636	0.000	-139.611	3.205
14369	1665.000	-0.872	-1.147	0.070	-136.543	-13.434
14385	1665.000	-1.013	-1.236	0.000	-131.993	8.440
