# NEST version: 3.6.0-post0.dev0
# RecordingBackendASCII version: 2
sender	time_ms	V_m	I_tot	I_exc	I_inh	I_noise
15	1662.000	-1.031	-0.901	0.000	-82.385	-7.739
31	1662.000	-1.006	-1.053	0.000	-80.425	-24.869
47	1662.000	-0.976	-0.818	0.000	-78.555	-3.246
63	1662.000	-0.509	4.164	1.000	-79.362	-4.282
79	1662.000	-1.025	-1.053	0.000	-80.640	-24.639
95	1662.000	-0.979	-0.790	0.000	-78.555	-0.493
111	1662.000	-0.961	-0.997	0.000	-78.662	-21.004
127	1662.000	-0.993	-1.028	0.000	-78.555	-24.260
143	1662.000	-0.974	-0.763	0.000	-79.951	3.633
159	1662.000	-0.994	-0.807	0.000	-79.380	-1.311
175	1662.000	-1.026	-0.570	0.000	-80.623	23.636
191	1662.000	-1.046	-0.892	0.000	-79.358	-9.818
207	1662.000	-0.949	-0.851	0.000	-78.591	-6.555
223	1662.000	-1.024	-0.544	0.000	-79.322	24.950
239	1662.000	-0.994	-0.867	0.000	-78.580	-8.087
255	1662.000	-1.006	-1.020	0.000	-78.555	-23.452
271	1662.000	-1.034	-0.979	0.000	-78.915	-18.983
287	1662.000	-0.792	-0.703	0.000	-78.555	8.217
303	1662.000	-0.986	-0.905	0.000	-78.589	-11.920
319	1662.000	-0.926	-0.796	0.000	-78.577	-1.015
335	1662.000	-1.012	-0.647	0.000	-79.605	14.855
351	1662.000	-0.935	-0.581	0.000	-78.887	20.749
367	1662.000	-1.003	-0.909	0.000	-78.577	-12.360
383	1662.000	-1.021	-0.898	0.000	-79.575	-10.263
399	1662.000	-1.010	-0.756	0.000	-78.562	2.968
415	1662.000	-0.827	-0.593	0.000	-81.649	22.306
431	1662.000	-1.020	-0.966	0.000	-78.925	-17.686
447	1662.000	-1.008	-0.681	0.000	-80.233	12.155
463	1662.000	-1.006	-0.841	0.000	-79.452	-4.649
479	1662.000	-1.000	-0.750	0.000	-80.209	5.161
495	1662.000	-0.958	-0.874	0.000	-78.575	-8.798
511	1662.000	-0.989	-0.964	0.000	-78.563	-17.853
527	1662.000	-0.977	-0.886	0.000	-78.619	-9.937
543	1662.000	-0.973	-0.768	0.000	-78.573	1.739
559	1662.000	-0.965	-0.908	0.000	-80.885	-9.898
575	1662.000	-0.930	-0.575	0.000	-78.632	21.158
591	1662.000	-0.987	-0.581	0.000	-80.297	22.168
607	1662.000	-1.014	-0.987	0.000	-80.280	-18.383
623	1662.000	-1.026	-0.685	0.000	-78.610	10.139
1263	1662.000	-0.278	-0.269	0.000	-24.824	-2.081
1279	1662.000	-0.355	-0.157	0.000	-24.671	8.964
1295	1662.000	-0.323	-0.282	0.000	-25.101	-3.077
1311	1662.000	-0.283	-0.031	0.000	-25.049	21.979
1327	1662.000	-0.336	-0.075	0.000	-24.859	17.327
1343	1662.000	-0.300	-0.292	0.000	-24.795	-4.449
1359	1662.000	-0.283	-0.385	0.000	-24.566	-13.952
1375	1662.000	-0.318	-0.115	0.000	-24.821	13.297
1391	1662.000	-0.311	-0.112	0.000	-24.605	13.438
1407	1662.000	-0.328	-0.130	0.000	-24.659	11.612
1423	1662.000	-0.389	-0.378	0.000	-25.179	-12.616
1439	1662.000	-0.312	-0.260	0.000	-25.251	-0.722
1455	1662.000	-0.282	-0.280	0.000	-24.638	-3.314
1471	1662.000	-0.271	-0.140	0.000	-24.561	10.562
1487	1662.000	-0.322	-0.132	0.000	-24.601	11.425
1503	1662.000	-0.328	-0.074	0.000	-24.563	17.209
1519	1662.000	-0.308	-0.358	0.000	-24.718	-11.068
1535	1662.000	-0.299	-0.352	0.000	-24.608	-10.562
1551	1662.000	-0.332	-0.231	0.000	-25.234	2.113
1567	1662.000	-0.307	-0.141	0.000	-24.667	10.581
1583	1662.000	-0.305	-0.367	0.000	-24.569	-12.157
1599	1662.000	-0.265	-0.260	0.000	-24.824	-1.144
1615	1662.000	-0.305	-0.133	0.000	-24.948	11.687
1631	1662.000	-0.272	-0.224	0.000	-24.611	2.229
1647	1662.000	-0.359	-0.325	0.000	-24.705	-7.844
1663	1662.000	-0.277	-0.401	0.000	-25.363	-14.748
1679	1662.000	-0.300	-0.294	0.000	-24.567	-4.861
1695	1662.000	-0.264	-0.248	0.000	-24.971	0.136
1711	1662.000	-0.281	-0.496	0.000	-24.742	-24.886
1727	1662.000	-0.283	-0.322	0.000	-24.743	-7.416
1743	1662.000	-0.290	-0.044	0.000	-24.823	20.394
1759	1662.000	-0.334	-0.024	0.000	-24.563	22.175
1775	1662.000	-0.300	-0.260	0.000	-24.902	-1.125
1791	1662.000	-0.309	-0.341	0.000	-25.206	-8.915
1807	1662.000	-0.245	-0.002	0.000	-24.642	24.397
1823	1662.000	-0.354	-0.069	0.000	-25.505	18.560
1839	1662.000	-0.361	-0.099	0.000	-25.314	15.457
1855	1662.000	-0.264	-0.179	0.000	-24.652	6.737
1871	1662.000	-0.283	-0.011	0.000	-24.800	23.739
2511	1662.000	-0.425	-0.119	0.000	-33.799	21.860
2527	1662.000	-0.428	-0.191	0.000	-34.179	15.118
2543	1662.000	-0.440	-0.134	0.000	-33.705	20.351
2559	1662.000	-0.430	-0.533	0.000	-32.895	-20.426
2575	1662.000	-0.423	-0.224	0.000	-33.503	11.095
2591	1662.000	-0.393	-0.466	0.000	-33.372	-13.248
2607	1662.000	-0.451	-0.437	0.000	-33.190	-10.536
2623	1662.000	-0.388	-0.240	0.000	-33.275	9.236
2639	1662.000	-0.429	-0.525	0.000	-33.542	-18.941
2655	1662.000	-0.465	-0.307	0.000	-33.346	2.658
2671	1662.000	-0.462	-0.502	0.000	-33.203	-16.971
2687	1662.000	-0.401	-0.566	0.000	-33.249	-23.360
2703	1662.000	-0.408	-0.322	0.000	-33.109	0.881
2719	1662.000	-0.406	-0.471	0.000	-33.007	-14.057
2735	1662.000	-0.432	-0.482	0.000	-33.352	-14.801
2751	1662.000	-0.406	-0.256	0.000	-33.076	7.524
2767	1662.000	-0.408	-0.497	0.000	-32.895	-16.850
2783	1662.000	-0.425	-0.158	0.000	-33.325	17.566
2799	1662.000	-0.415	-0.306	0.000	-33.538	2.987
2815	1662.000	-0.295	-0.123	0.000	-32.894	20.613
2831	1662.000	-0.403	-0.275	0.000	-32.974	5.481
2847	1662.000	-0.414	-0.451	0.000	-33.257	-11.849
2863	1662.000	-0.477	-0.525	0.000	-33.680	-18.813
2879	1662.000	-0.404	-0.254	0.000	-32.985	7.620
2895	1662.000	-0.379	-0.102	0.000	-33.265	23.077
2911	1662.000	-0.395	-0.107	0.000	-33.544	22.804
2927	1662.000	-0.422	-0.474	0.000	-32.895	-14.473
2943	1662.000	-0.440	-0.559	0.000	-33.309	-22.630
2959	1662.000	-0.466	-0.318	0.000	-33.984	2.172
2975	1662.000	-0.392	-0.231	0.000	-32.893	9.753
2991	1662.000	-0.412	-0.282	0.000	-33.024	4.796
3007	1662.000	-0.419	-0.107	0.000	-32.890	22.237
3023	1662.000	-0.433	-0.526	0.000	-32.997	-19.580
3039	1662.000	-0.355	-0.488	0.000	-33.498	-15.329
3055	1662.000	-0.432	-0.373	0.000	-33.484	-3.774
3071	1662.000	-0.411	-0.468	0.000	-33.457	-13.382
3087	1662.000	-0.446	-0.428	0.000	-33.783	-9.023
3103	1662.000	-0.415	-0.540	0.000	-33.252	-20.766
3119	1662.000	-0.356	-0.177	0.000	-33.702	16.012
3759	1662.000	-0.405	-0.471	0.000	-33.010	-14.099
3775	1662.000	-0.384	-0.115	0.000	-32.595	21.051
3791	1662.000	-0.405	-0.455	0.000	-32.645	-12.885
3807	1662.000	-0.451	-0.358	0.000	-32.591	-3.174
3823	1662.000	-0.387	-0.346	0.000	-32.705	-1.944
3839	1662.000	-0.414	-0.289	0.000	-32.855	3.906
3855	1662.000	-0.435	-0.256	0.000	-32.652	7.096
3871	1662.000	-0.417	-0.405	0.000	-32.964	-7.497
3887	1662.000	-0.399	-0.223	0.000	-32.858	10.576
3903	1662.000	-0.421	-0.157	0.000	-32.518	16.786
3919	1662.000	-0.424	-0.536	0.000	-32.979	-20.610
3935	1662.000	-0.397	-0.287	0.000	-32.934	4.266
3951	1662.000	-0.422	-0.271	0.000	-33.021	5.937
3967	1662.000	-0.430	-0.433	0.000	-33.150	-10.147
3983	1662.000	-0.400	-0.239	0.000	-32.601	8.729
3999	1662.000	-0.369	-0.468	0.000	-32.790	-14.041
4015	1662.000	-0.373	-0.238	0.000	-33.305	9.533
4031	1662.000	-0.368	-0.260	0.000	-32.721	6.765
4047	1662.000	-0.368	-0.299	0.000	-33.303	3.398
4063	1662.000	-0.342	-0.555	0.000	-32.929	-22.530
4079	1662.000	-0.417	-0.151	0.000	-32.716	17.599
4095	1662.000	-0.391	-0.412	0.000	-33.235	-7.921
4111	1662.000	-0.468	-0.558	0.000	-33.201	-22.577
4127	1662.000	-0.432	-0.102	0.000	-32.642	22.465
4143	1662.000	-0.456	-0.111	0.000	-33.518	22.381
4159	1662.000	-0.470	-0.458	0.000	-32.619	-13.180
4175	1662.000	-0.417	-0.135	0.000	-33.243	19.768
4191	1662.000	-0.481	-0.501	0.000	-33.082	-17.020
4207	1662.000	-0.457	-0.553	0.000	-32.642	-22.618
4223	1662.000	-0.427	-0.140	0.000	-33.485	19.458
4239	1662.000	-0.385	-0.256	0.000	-32.836	7.284
4255	1662.000	-0.471	-0.569	0.000	-32.801	-24.102
4271	1662.000	-0.411	-0.192	0.000	-33.113	13.955
4287	1662.000	-0.472	-0.388	0.000	-32.836	-6.004
4303	1662.000	-0.439	-0.430	0.000	-32.504	-10.515
4319	1662.000	-0.412	-0.341	0.000	-32.675	-1.446
4335	1662.000	-0.434	-0.365	0.000	-33.038	-3.483
4351	1662.000	-0.420	-0.254	0.000	-32.549	7.192
4367	1662.000	-0.438	-0.092	0.000	-32.783	23.620
5007	1662.000	-0.272	-0.013	0.000	-23.543	22.288
5023	1662.000	-0.295	-0.443	0.000	-23.653	-20.687
5039	1662.000	-0.303	-0.173	0.000	-23.545	6.286
5055	1662.000	-0.306	-0.419	0.000	-23.431	-18.486
5071	1662.000	-0.259	-0.013	0.000	-23.700	22.403
5087	1662.000	-0.257	-0.058	0.000	-23.825	18.005
5103	1662.000	-0.322	-0.374	0.000	-23.672	-13.690
5119	1662.000	-0.272	-0.047	0.000	-23.818	19.112
5135	1662.000	-0.253	-0.260	0.000	-23.522	-2.495
5151	1662.000	-0.292	-0.424	0.000	-23.666	-18.751
5167	1662.000	-0.337	-0.467	0.000	-23.831	-22.865
5183	1662.000	-0.257	-0.016	0.000	-23.706	22.091
5199	1662.000	-0.251	-0.046	0.000	-24.119	19.493
5215	1662.000	-0.255	-0.294	0.000	-23.961	-5.413
5231	1662.000	-0.259	-0.193	0.000	-23.660	4.398
5247	1662.000	-0.298	-0.027	0.000	-24.183	21.524
5263	1662.000	-0.336	-0.391	0.000	-24.036	-15.086
5279	1662.000	-0.311	-0.473	0.000	-23.618	-23.694
5295	1662.000	-0.283	-0.174	0.000	-23.932	6.511
5311	1662.000	-0.289	-0.255	0.000	-23.569	-1.916
5327	1662.000	-0.293	-0.274	0.000	-24.222	-3.215
5343	1662.000	-0.268	-0.217	0.000	-23.964	2.228
5359	1662.000	-0.278	-0.066	0.000	-23.434	16.838
5375	1662.000	-0.232	-0.026	0.000	-24.608	21.982
5391	1662.000	-0.260	-0.142	0.000	-23.529	9.358
5407	1662.000	-0.281	-0.145	0.000	-23.465	8.924
5423	1662.000	-0.356	-0.293	0.000	-23.638	-5.630
5439	1662.000	-0.286	-0.128	0.000	-23.701	10.924
5455	1662.000	-0.316	-0.213	0.000	-23.870	2.578
5471	1662.000	-0.310	-0.391	0.000	-23.429	-15.685
5487	1662.000	-0.304	-0.319	0.000	-23.427	-8.427
5503	1662.000	-0.344	-0.347	0.000	-23.608	-11.056
5519	1662.000	-0.306	-0.287	0.000	-23.429	-5.277
5535	1662.000	-0.266	-0.085	0.000	-23.427	14.970
5551	1662.000	-0.346	-0.365	0.000	-23.811	-12.705
5567	1662.000	-0.325	-0.114	0.000	-23.678	12.320
5583	1662.000	-0.280	-0.251	0.000	-23.673	-1.393
5599	1662.000	-0.271	-0.053	0.000	-23.558	18.307
5615	1662.000	-0.308	-0.170	0.000	-23.609	6.567
6271	1662.000	-0.976	-0.723	0.000	-81.363	9.052
6287	1662.000	-1.024	-0.726	0.000	-81.356	8.797
6303	1662.000	-1.009	-0.827	0.000	-81.317	-1.333
6319	1662.000	-0.793	-0.971	0.000	-82.306	-14.843
6335	1662.000	-0.981	-0.743	0.000	-81.316	7.058
6351	1662.000	-1.072	-0.892	0.000	-81.317	-7.858
6367	1662.000	-1.065	-0.938	0.000	-82.306	-11.476
6383	1662.000	-1.060	-0.784	0.000	-83.402	4.981
6399	1662.000	-0.974	-0.646	0.000	-81.318	16.760
6415	1662.000	-1.026	-0.697	0.000	-82.920	13.218
6431	1662.000	-1.010	-0.760	0.000	-84.235	8.266
6447	1662.000	-1.052	-0.726	0.000	-82.941	10.352
6463	1662.000	-1.023	-0.742	0.000	-82.257	8.052
6479	1662.000	-1.013	-0.884	0.000	-81.369	-7.073
6495	1662.000	-1.083	-1.008	0.000	-82.136	-18.709
6511	1662.000	-0.895	-0.917	0.000	-82.285	-9.386
6527	1662.000	-0.828	-0.941	0.000	-82.097	-12.007
6543	1662.000	-1.103	-1.008	0.000	-81.375	-19.466
6559	1662.000	-1.044	-0.718	0.000	-83.700	11.918
6575	1662.000	-0.984	-0.967	0.000	-84.798	-11.854
6591	1662.000	-1.059	-0.844	0.000	-82.919	-1.488
6607	1662.000	-1.000	-0.581	0.000	-83.000	24.868
6623	1662.000	-1.041	-1.025	0.000	-83.568	-18.898
6639	1662.000	-1.059	-0.899	0.000	-82.942	-6.912
6655	1662.000	-1.024	-0.906	0.000	-83.994	-6.588
6671	1662.000	-0.975	-0.695	0.000	-81.373	11.846
6687	1662.000	-1.010	-0.964	0.000	-81.411	-14.972
6703	1662.000	-1.016	-0.654	0.000	-83.748	18.374
6719	1662.000	-1.005	-0.724	0.000	-81.316	8.904
6735	1662.000	-1.016	-0.812	0.000	-82.090	0.869
6751	1662.000	-1.076	-0.961	0.000	-83.696	-12.408
6767	1662.000	-1.018	-0.732	0.000	-81.317	8.163
6783	1662.000	-0.984	-0.761	0.000	-81.317	5.248
6799	1662.000	-1.027	-0.783	0.000	-82.313	3.979
6815	1662.000	-0.965	-0.774	0.000	-81.318	3.869
6831	1662.000	-1.067	-0.633	0.000	-82.188	18.934
6847	1662.000	-1.056	-0.961	0.000	-82.349	-13.796
6863	1662.000	-0.996	-0.877	0.000	-81.366	-6.292
6879	1662.000	-1.051	-0.659	0.000	-81.335	15.462
7519	1662.000	-0.972	-0.666	0.000	-78.470	11.824
7535	1662.000	-0.941	-0.674	0.000	-78.795	11.445
7551	1662.000	-0.833	-0.868	0.000	-79.107	-7.682
7567	1662.000	-0.931	-0.695	0.000	-78.436	8.963
7583	1662.000	-0.978	-0.584	0.000	-80.477	22.058
7599	1662.000	-1.027	-0.943	0.000	-80.224	-14.122
7615	1662.000	-0.719	-0.742	0.000	-79.576	5.402
7631	1662.000	-1.017	-0.770	0.000	-79.214	2.187
7647	1662.000	-0.967	-0.875	0.000	-79.441	-8.066
7663	1662.000	-1.000	-1.051	0.000	-81.309	-23.791
7679	1662.000	-0.964	-0.644	0.000	-78.530	14.128
7695	1662.000	-0.990	-1.037	0.000	-79.449	-24.229
7711	1662.000	-1.018	-0.777	0.000	-78.780	1.051
7727	1662.000	-0.966	-0.558	0.000	-79.273	23.518
7743	1662.000	-0.974	-0.745	0.000	-78.544	4.055
7759	1662.000	-0.968	-0.717	0.000	-78.436	6.734
7775	1662.000	-1.049	-0.803	0.000	-80.518	0.174
7791	1662.000	-0.936	-0.942	0.000	-78.867	-15.307
7807	1662.000	-0.938	-0.827	0.000	-78.436	-4.236
7823	1662.000	-1.018	-0.712	0.000	-81.715	10.515
7839	1662.000	-0.917	-0.608	0.000	-78.454	17.616
7855	1662.000	-0.977	-0.658	0.000	-79.203	13.448
7871	1662.000	-1.066	-0.644	0.000	-83.547	19.114
7887	1662.000	-0.911	-0.704	0.000	-79.979	9.626
7903	1662.000	-0.933	-0.802	0.000	-78.436	-1.735
7919	1662.000	-0.860	-0.856	0.000	-80.405	-5.227
7935	1662.000	-1.078	-0.913	0.000	-80.566	-10.777
7951	1662.000	-1.001	-0.730	0.000	-80.568	7.600
7967	1662.000	-1.035	-0.768	0.000	-78.482	1.676
7983	1662.000	-0.899	-0.732	0.000	-78.482	5.261
7999	1662.000	-0.949	-0.863	0.000	-79.248	-7.066
8015	1662.000	-0.949	-0.745	0.000	-79.116	4.645
8031	1662.000	-0.970	-0.674	0.000	-78.453	11.072
8047	1662.000	-0.977	-0.683	0.000	-79.193	10.853
8063	1662.000	-1.018	-0.880	0.000	-78.457	-9.587
8079	1662.000	-0.980	-0.550	0.000	-78.499	23.533
8095	1662.000	-0.991	-0.698	0.000	-78.436	8.642
8111	1662.000	-0.986	-0.713	0.000	-78.464	7.158
8127	1662.000	-0.992	-0.607	0.000	-78.482	17.781
8767	1662.000	-0.287	-0.110	0.000	-27.414	16.399
8783	1662.000	-0.326	-0.395	0.000	-27.402	-12.071
8799	1662.000	-0.451	-0.422	0.000	-27.885	-14.316
8815	1662.000	-0.332	-0.155	0.000	-27.614	12.082
8831	1662.000	-0.322	-0.315	0.000	-27.282	-4.182
8847	1662.000	-0.271	-0.180	0.000	-27.583	9.553
8863	1662.000	-0.316	-0.152	0.000	-27.335	12.100
8879	1662.000	-0.318	-0.231	0.000	-27.250	4.174
8895	1662.000	-0.311	-0.098	0.000	-27.461	17.679
8911	1662.000	-0.340	-0.297	0.000	-27.489	-2.193
8927	1662.000	-0.276	-0.029	0.000	-27.211	24.287
8943	1662.000	-0.347	-0.313	0.000	-27.275	-3.986
8959	1662.000	-0.330	-0.223	0.000	-27.563	5.293
8975	1662.000	-0.354	-0.153	0.000	-27.815	12.539
8991	1662.000	-0.318	-0.089	0.000	-28.041	19.127
9007	1662.000	-0.316	-0.332	0.000	-27.930	-5.223
9023	1662.000	-0.310	-0.074	0.000	-28.607	21.257
9039	1662.000	-0.391	-0.522	0.000	-27.572	-24.611
9055	1662.000	-0.314	-0.190	0.000	-27.692	8.661
9071	1662.000	-0.392	-0.298	0.000	-27.544	-2.268
9087	1662.000	-0.353	-0.097	0.000	-27.183	17.442
9103	1662.000	-0.396	-0.500	0.000	-27.173	-22.793
9119	1662.000	-0.305	-0.110	0.000	-27.797	16.793
9135	1662.000	-0.354	-0.124	0.000	-27.176	14.813
9151	1662.000	-0.366	-0.344	0.000	-27.487	-6.880
9167	1662.000	-0.353	-0.402	0.000	-27.376	-12.874
9183	1662.000	-0.358	-0.074	0.000	-27.354	19.944
9199	1662.000	-0.371	-0.349	0.000	-27.737	-7.196
9215	1662.000	-0.366	-0.343	0.000	-27.175	-7.167
9231	1662.000	-0.401	-0.483	0.000	-27.173	-21.123
9247	1662.000	-0.331	-0.159	0.000	-27.663	11.774
9263	1662.000	-0.315	-0.083	0.000	-27.220	18.882
9279	1662.000	-0.375	-0.497	0.000	-27.526	-22.130
9295	1662.000	-0.329	-0.262	0.000	-27.462	1.290
9311	1662.000	-0.357	-0.283	0.000	-27.617	-0.727
9327	1662.000	-0.323	-0.302	0.000	-27.644	-2.592
9343	1662.000	-0.341	-0.473	0.000	-27.377	-19.926
9359	1662.000	-0.369	-0.113	0.000	-27.803	16.537
9375	1662.000	-0.374	-0.326	0.000	-27.510	-5.093
10015	1662.000	-0.381	-0.135	0.000	-32.607	19.116
10031	1662.000	-0.382	-0.538	0.000	-32.559	-21.289
10047	1662.000	-0.370	-0.225	0.000	-32.749	10.257
10063	1662.000	-0.412	-0.265	0.000	-32.990	6.445
10079	1662.000	-0.377	-0.227	0.000	-32.569	9.852
10095	1662.000	-0.408	-0.348	0.000	-33.250	-1.581
10111	1662.000	-0.425	-0.558	0.000	-33.114	-22.686
10127	1662.000	-0.417	-0.377	0.000	-32.981	-4.690
10143	1662.000	-0.396	-0.165	0.000	-32.798	16.255
10159	1662.000	-0.436	-0.327	0.000	-32.722	-0.022
10175	1662.000	-0.413	-0.393	0.000	-32.802	-6.545
10191	1662.000	-0.394	-0.451	0.000	-32.963	-12.110
10207	1662.000	-0.492	-0.562	0.000	-32.554	-23.693
10223	1662.000	-0.423	-0.285	0.000	-32.706	4.237
10239	1662.000	-0.421	-0.440	0.000	-33.030	-10.961
10255	1662.000	-0.467	-0.416	0.000	-33.222	-8.405
10271	1662.000	-0.438	-0.469	0.000	-32.738	-14.184
10287	1662.000	-0.392	-0.355	0.000	-33.005	-2.521
10303	1662.000	-0.400	-0.211	0.000	-33.746	12.650
10319	1662.000	-0.415	-0.303	0.000	-33.262	2.946
10335	1662.000	-0.434	-0.408	0.000	-33.723	-7.067
10351	1662.000	-0.439	-0.169	0.000	-33.588	16.655
10367	1662.000	-0.410	-0.171	0.000	-33.145	16.023
10383	1662.000	-0.393	-0.397	0.000	-33.463	-6.278
10399	1662.000	-0.445	-0.499	0.000	-33.454	-16.494
10415	1662.000	-0.403	-0.257	0.000	-32.738	7.034
10431	1662.000	-0.410	-0.100	0.000	-33.091	23.058
10447	1662.000	-0.385	-0.120	0.000	-33.055	21.013
10463	1662.000	-0.392	-0.518	0.000	-33.030	-18.795
10479	1662.000	-0.446	-0.568	0.000	-33.243	-23.527
10495	1662.000	-0.473	-0.503	0.000	-33.946	-16.334
10511	1662.000	-0.446	-0.350	0.000	-33.721	-1.300
10527	1662.000	-0.383	-0.168	0.000	-32.724	15.896
10543	1662.000	-0.413	-0.524	0.000	-33.153	-19.246
10559	1662.000	-0.405	-0.314	0.000	-32.714	1.297
10575	1662.000	-0.443	-0.154	0.000	-32.564	17.191
10591	1662.000	-0.397	-0.497	0.000	-32.603	-17.146
10607	1662.000	-0.344	-0.397	0.000	-32.643	-7.072
10623	1662.000	-0.411	-0.175	0.000	-32.569	15.045
11263	1662.000	-0.413	-0.169	0.000	-32.253	15.369
11279	1662.000	-0.408	-0.496	0.000	-32.705	-16.862
11295	1662.000	-0.420	-0.403	0.000	-33.040	-7.214
11311	1662.000	-0.424	-0.156	0.000	-32.157	16.519
11327	1662.000	-0.386	-0.327	0.000	-32.956	0.273
11343	1662.000	-0.403	-0.520	0.000	-32.746	-19.255
11359	1662.000	-0.428	-0.458	0.000	-31.817	-14.026
11375	1662.000	-0.339	-0.087	0.000	-32.294	23.616
11391	1662.000	-0.409	-0.145	0.000	-32.485	17.941
11407	1662.000	-0.375	-0.446	0.000	-31.926	-12.700
11423	1662.000	-0.396	-0.452	0.000	-31.943	-13.295
11439	1662.000	-0.433	-0.301	0.000	-32.451	2.395
11455	1662.000	-0.421	-0.216	0.000	-33.010	11.364
11471	1662.000	-0.413	-0.369	0.000	-32.133	-4.804
11487	1662.000	-0.495	-0.537	0.000	-32.157	-21.571
11503	1662.000	-0.345	-0.185	0.000	-32.448	13.904
11519	1662.000	-0.401	-0.361	0.000	-32.262	-3.886
11535	1662.000	-0.356	-0.261	0.000	-31.902	5.848
11551	1662.000	-0.454	-0.262	0.000	-32.350	6.197
11567	1662.000	-0.452	-0.280	0.000	-32.482	4.505
11583	1662.000	-0.403	-0.351	0.000	-31.822	-3.316
11599	1662.000	-0.418	-0.273	0.000	-32.999	5.658
11615	1662.000	-0.414	-0.531	0.000	-32.073	-21.023
11631	1662.000	-0.369	-0.414	0.000	-32.172	-9.237
11647	1662.000	-0.350	-0.179	0.000	-33.099	15.200
11663	1662.000	-0.415	-0.369	0.000	-31.825	-5.059
11679	1662.000	-0.435	-0.085	0.000	-32.279	23.792
11695	1662.000	-0.416	-0.552	0.000	-32.063	-23.166
11711	1662.000	-0.431	-0.421	0.000	-31.898	-10.239
11727	1662.000	-0.380	-0.503	0.000	-31.911	-18.361
11743	1662.000	-0.412	-0.565	0.000	-32.517	-23.997
11759	1662.000	-0.368	-0.334	0.000	-31.834	-1.562
11775	1662.000	-0.409	-0.368	0.000	-31.837	-4.931
11791	1662.000	-0.390	-0.353	0.000	-32.404	-2.946
11807	1662.000	-0.405	-0.533	0.000	-31.872	-21.461
11823	1662.000	-0.396	-0.183	0.000	-32.084	13.768
11839	1662.000	-0.376	-0.208	0.000	-32.270	11.486
11855	1662.000	-0.395	-0.159	0.000	-32.453	16.540
11871	1662.000	-0.481	-0.465	0.000	-32.977	-13.547
11887	1662.000	-0.435	-0.123	0.000	-32.338	20.037
12527	1662.000	-0.325	-0.302	0.000	-26.440	-3.753
12543	1662.000	-0.356	-0.282	0.000	-25.820	-2.368
12559	1662.000	-0.274	-0.068	0.000	-25.648	18.833
12575	1662.000	-0.346	-0.325	0.000	-25.967	-6.575
12591	1662.000	-0.360	-0.383	0.000	-25.945	-12.367
12607	1662.000	-0.279	-0.371	0.000	-25.540	-11.593
12623	1662.000	-0.324	-0.179	0.000	-26.009	8.087
12639	1662.000	-0.332	-0.451	0.000	-25.662	-19.442
12655	1662.000	-0.282	-0.194	0.000	-25.540	6.121
12671	1662.000	-0.331	-0.092	0.000	-26.509	17.320
12687	1662.000	-0.345	-0.277	0.000	-25.540	-2.197
12703	1662.000	-0.268	-0.171	0.000	-25.541	8.404
12719	1662.000	-0.341	-0.321	0.000	-25.649	-6.436
12735	1662.000	-0.307	-0.152	0.000	-25.659	10.418
12751	1662.000	-0.356	-0.333	0.000	-25.540	-7.737
12767	1662.000	-0.292	-0.125	0.000	-25.542	13.078
12783	1662.000	-0.295	-0.248	0.000	-26.176	1.336
12799	1662.000	-0.247	-0.110	0.000	-25.550	14.508
12815	1662.000	-0.346	-0.279	0.000	-25.888	-2.042
12831	1662.000	-0.361	-0.468	0.000	-26.151	-20.664
12847	1662.000	-0.335	-0.494	0.000	-25.551	-23.886
12863	1662.000	-0.340	-0.429	0.000	-25.981	-16.940
12879	1662.000	-0.311	-0.187	0.000	-25.840	7.173
12895	1662.000	-0.374	-0.493	0.000	-25.621	-23.664
12911	1662.000	-0.357	-0.375	0.000	-25.554	-11.982
12927	1662.000	-0.308	-0.399	0.000	-25.730	-14.156
12943	1662.000	-0.260	-0.039	0.000	-25.750	21.878
12959	1662.000	-0.298	-0.407	0.000	-25.543	-15.133
12975	1662.000	-0.290	-0.222	0.000	-25.897	3.661
12991	1662.000	-0.405	-0.442	0.000	-26.457	-17.709
13007	1662.000	-0.284	-0.092	0.000	-25.728	16.525
13023	1662.000	-0.353	-0.438	0.000	-25.631	-18.200
13039	1662.000	-0.316	-0.108	0.000	-25.859	15.073
13055	1662.000	-0.337	-0.129	0.000	-25.992	13.057
13071	1662.000	-0.351	-0.497	0.000	-26.229	-23.430
13087	1662.000	-0.323	-0.294	0.000	-25.771	-3.633
13103	1662.000	-0.299	-0.142	0.000	-26.878	12.727
13119	1662.000	-0.321	-0.423	0.000	-26.104	-16.153
13135	1662.000	-0.325	-0.323	0.000	-25.707	-6.636
13775	1662.000	-1.036	-0.581	0.000	-81.339	23.234
13791	1662.000	-1.013	-0.884	0.000	-80.561	-7.856
13807	1662.000	-1.029	-0.891	0.000	-80.561	-8.561
13823	1662.000	-1.030	-0.662	0.000	-82.834	16.615
13839	1662.000	-1.011	-0.588	0.000	-80.561	21.752
13855	1662.000	-1.044	-0.570	0.000	-80.598	23.608
13871	1662.000	-0.976	-0.943	0.000	-80.561	-13.690
13887	1662.000	-1.034	-0.924	0.000	-80.597	-11.833
13903	1662.000	-1.079	-0.857	0.000	-81.702	-3.959
13919	1662.000	-1.044	-0.869	0.000	-81.225	-5.722
13935	1662.000	-0.973	-0.598	0.000	-81.096	21.249
13951	1662.000	-1.036	-1.037	0.000	-82.697	-20.969
13967	1662.000	-0.975	-0.662	0.000	-80.968	14.812
13983	1662.000	-0.978	-0.833	0.000	-81.318	-2.010
13999	1662.000	-1.057	-0.747	0.000	-80.561	5.852
14015	1662.000	-1.014	-1.015	0.000	-80.561	-20.945
14031	1662.000	-0.968	-0.565	0.000	-80.561	24.061
14047	1662.000	-0.968	-0.745	0.000	-80.561	6.084
14063	1662.000	-1.044	-0.839	0.000	-80.569	-3.296
14079	1662.000	-1.004	-0.627	0.000	-80.561	17.844
14095	1662.000	-1.066	-0.707	0.000	-82.677	11.976
14111	1662.000	-1.042	-0.614	0.000	-82.694	21.262
14127	1662.000	-0.961	-0.637	0.000	-80.597	16.924
14143	1662.000	-0.997	-0.942	0.000	-82.150	-12.068
14159	1662.000	-0.755	-0.958	0.000	-83.805	-12.019
14175	1662.000	-0.963	-0.591	0.000	-80.561	21.479
14191	1662.000	-1.041	-0.958	0.000	-83.384	-12.368
14207	1662.000	-1.049	-1.017	0.000	-80.583	-21.165
14223	1662.000	-0.752	-0.793	0.000	-82.869	3.564
14239	1662.000	-1.060	-0.979	0.000	-83.571	-14.297
14255	1662.000	-0.975	-0.919	0.000	-80.561	-11.376
14271	1662.000	-0.947	-0.653	0.000	-83.608	18.272
14287	1662.000	-1.038	-0.806	0.000	-82.551	1.979
14303	1662.000	-1.034	-1.044	0.000	-80.569	-23.786
14319	1662.000	-1.018	-0.773	0.000	-82.037	4.770
14335	1662.000	-0.967	-0.746	0.000	-80.561	5.944
14351	1662.000	-0.979	-0.608	0.000	-80.561	19.734
14367	1662.000	-1.031	-1.052	0.000	-80.626	-24.567
14383	1662.000	-0.996	-0.708	0.000	-80.570	9.776
15	1663.000	-0.969	-0.616	0.000	-78.815	17.236
31	1663.000	-0.946	-0.551	0.000	-77.042	21.910
47	1663.000	-0.922	-0.689	0.000	-75.349	6.449
63	1663.000	-0.561	-0.792	0.000	-76.080	-3.168
79	1663.000	-0.980	-0.715	0.000	-77.236	5.690
95	1663.000	-0.916	-0.531	0.000	-75.349	22.259
111	1663.000	-0.906	-0.575	0.000	-75.446	17.958
127	1663.000	-0.967	-0.910	0.000	-75.349	-15.677
143	1663.000	-0.925	-0.808	0.000	-76.612	-4.170
159	1663.000	-0.976	-0.883	0.000	-76.096	-12.155
175	1663.000	-0.946	-0.572	0.000	-77.221	20.066
191	1663.000	-0.990	-0.670	0.000	-76.075	9.122
207	1663.000	-0.909	-0.838	0.000	-75.382	-8.400
223	1663.000	-0.955	-0.701	0.000	-76.043	5.914
239	1663.000	-0.944	-0.574	0.000	-75.372	17.947
255	1663.000	-0.984	-0.827	0.000	-75.349	-7.320
271	1663.000	-0.972	-0.843	0.000	-75.675	-8.615
287	1663.000	-0.780	-0.850	0.000	-75.349	-9.661
303	1663.000	-0.944	-0.870	0.000	-75.380	-11.612
319	1663.000	-0.880	-0.664	0.000	-75.369	8.956
335	1663.000	-0.935	-0.554	0.000	-76.299	20.942
351	1663.000	-0.888	-0.779	0.000	-75.650	-2.254
367	1663.000	-0.959	-0.930	0.000	-75.369	-17.625
383	1663.000	-0.956	-0.722	0.000	-76.272	4.114
399	1663.000	-0.968	-0.637	0.000	-75.356	11.692
415	1663.000	-0.808	-0.727	0.000	-78.148	5.452
431	1663.000	-0.992	-0.973	0.000	-75.684	-21.643
447	1663.000	-0.981	-0.943	0.000	-76.867	-17.437
463	1663.000	-0.963	-0.773	0.000	-76.161	-1.119
479	1663.000	-0.958	-0.802	0.000	-76.846	-3.403
495	1663.000	-0.933	-0.988	0.000	-75.367	-23.439
511	1663.000	-0.979	-0.935	0.000	-75.357	-18.122
527	1663.000	-0.948	-0.843	0.000	-75.407	-8.887
543	1663.000	-0.904	-0.567	0.000	-75.365	18.674
559	1663.000	-0.946	-0.787	0.000	-77.458	-1.275
575	1663.000	-0.879	-0.565	0.000	-75.419	18.965
591	1663.000	-0.956	-0.640	0.000	-76.926	12.905
607	1663.000	-0.930	-0.537	0.000	-76.910	23.213
623	1663.000	-0.977	-0.662	0.000	-75.399	9.164
1263	1663.000	-0.299	-0.342	0.000	-23.796	-10.387
1279	1663.000	-0.319	-0.047	0.000	-23.658	18.982
1295	1663.000	-0.334	-0.411	0.000	-24.047	-17.049
1311	1663.000	-0.287	-0.452	0.000	-24.000	-21.160
1327	1663.000	-0.310	-0.234	0.000	-23.829	0.391
1343	1663.000	-0.320	-0.409	0.000	-23.771	-17.120
1359	1663.000	-0.256	-0.220	0.000	-23.563	1.541
1375	1663.000	-0.280	-0.079	0.000	-23.794	15.915
1391	1663.000	-0.303	-0.353	0.000	-23.598	-11.680
1407	1663.000	-0.306	-0.289	0.000	-23.647	-5.216
1423	1663.000	-0.390	-0.377	0.000	-24.118	-13.617
1439	1663.000	-0.320	-0.426	0.000	-24.183	-18.456
1455	1663.000	-0.267	-0.249	0.000	-23.628	-1.280
1471	1663.000	-0.292	-0.373	0.000	-23.559	-13.742
1487	1663.000	-0.276	-0.029	0.000	-23.595	20.677
1503	1663.000	-0.313	-0.424	0.000	-23.560	-18.808
1519	1663.000	-0.295	-0.178	0.000	-23.701	5.859
1535	1663.000	-0.251	0.014	0.000	-23.602	24.981
1551	1663.000	-0.286	-0.109	0.000	-24.168	13.244
1567	1663.000	-0.304	-0.138	0.000	-23.654	9.826
1583	1663.000	-0.296	-0.137	0.000	-23.566	9.863
1599	1663.000	-0.280	-0.332	0.000	-23.796	-9.361
1615	1663.000	-0.290	-0.305	0.000	-23.909	-6.637
1631	1663.000	-0.265	-0.361	0.000	-23.604	-12.463
1647	1663.000	-0.313	-0.033	0.000	-23.689	20.418
1663	1663.000	-0.253	-0.234	0.000	-24.284	0.897
1679	1663.000	-0.310	-0.402	0.000	-23.564	-16.586
1695	1663.000	-0.250	-0.226	0.000	-23.929	1.331
1711	1663.000	-0.292	-0.424	0.000	-23.722	-18.710
1727	1663.000	-0.272	-0.197	0.000	-23.723	4.017
1743	1663.000	-0.275	-0.175	0.000	-23.796	6.259
1759	1663.000	-0.320	-0.201	0.000	-23.561	3.425
1775	1663.000	-0.292	-0.059	0.000	-23.867	17.942
1791	1663.000	-0.258	-0.021	0.000	-24.142	22.023
1807	1663.000	-0.212	-0.095	0.000	-23.632	14.101
1823	1663.000	-0.347	-0.305	0.000	-24.412	-6.110
1839	1663.000	-0.339	-0.400	0.000	-24.240	-15.752
1855	1663.000	-0.247	-0.214	0.000	-23.641	2.245
1871	1663.000	-0.268	-0.373	0.000	-23.775	-13.504
2511	1663.000	-0.410	-0.466	0.000	-32.370	-14.251
2527	1663.000	-0.410	-0.395	0.000	-32.714	-6.757
2543	1663.000	-0.428	-0.526	0.000	-32.285	-20.294
2559	1663.000	-0.405	-0.295	0.000	-31.552	2.081
2575	1663.000	-0.368	-0.079	0.000	-32.102	24.250
2591	1663.000	-0.361	-0.339	0.000	-31.984	-1.871
2607	1663.000	-0.425	-0.336	0.000	-31.819	-1.741
2623	1663.000	-0.370	-0.253	0.000	-31.896	6.573
2639	1663.000	-0.428	-0.412	0.000	-32.137	-9.066
2655	1663.000	-0.424	-0.255	0.000	-31.960	6.453
2671	1663.000	-0.437	-0.331	0.000	-31.831	-1.285
2687	1663.000	-0.389	-0.124	0.000	-31.872	19.491
2703	1663.000	-0.416	-0.396	0.000	-31.746	-7.900
2719	1663.000	-0.384	-0.445	0.000	-31.654	-12.873
2735	1663.000	-0.422	-0.558	0.000	-31.965	-23.838
2751	1663.000	-0.348	-0.090	0.000	-31.716	22.711
2767	1663.000	-0.416	-0.556	0.000	-31.553	-24.033
2783	1663.000	-0.412	-0.249	0.000	-31.941	7.051
2799	1663.000	-0.421	-0.368	0.000	-32.134	-4.633
2815	1663.000	-0.305	-0.284	0.000	-31.551	3.131
2831	1663.000	-0.375	-0.211	0.000	-31.624	10.536
2847	1663.000	-0.393	-0.152	0.000	-31.880	16.681
2863	1663.000	-0.431	-0.292	0.000	-32.262	3.033
2879	1663.000	-0.397	-0.223	0.000	-31.634	9.360
2895	1663.000	-0.371	-0.347	0.000	-31.887	-2.838
2911	1663.000	-0.393	-0.421	0.000	-32.139	-10.002
2927	1663.000	-0.413	-0.310	0.000	-31.552	0.558
2943	1663.000	-0.432	-0.404	0.000	-31.927	-8.430
2959	1663.000	-0.413	-0.136	0.000	-32.537	18.892
2975	1663.000	-0.394	-0.541	0.000	-31.550	-22.585
2991	1663.000	-0.371	-0.276	0.000	-31.669	4.116
3007	1663.000	-0.387	-0.236	0.000	-31.547	7.969
3023	1663.000	-0.394	-0.193	0.000	-31.645	12.366
3039	1663.000	-0.354	-0.361	0.000	-32.098	-3.954
3055	1663.000	-0.419	-0.389	0.000	-32.085	-6.852
3071	1663.000	-0.385	-0.082	0.000	-32.061	23.824
3087	1663.000	-0.429	-0.188	0.000	-32.356	13.531
3103	1663.000	-0.399	-0.469	0.000	-31.876	-15.024
3119	1663.000	-0.331	-0.139	0.000	-32.282	18.427
3759	1663.000	-0.392	-0.353	0.000	-31.633	-3.620
3775	1663.000	-0.331	-0.095	0.000	-31.258	21.768
3791	1663.000	-0.367	-0.072	0.000	-31.302	24.102
3807	1663.000	-0.396	-0.218	0.000	-31.254	9.461
3823	1663.000	-0.399	-0.425	0.000	-31.357	-11.184
3839	1663.000	-0.376	-0.227	0.000	-31.493	8.782
3855	1663.000	-0.401	-0.259	0.000	-31.309	5.431
3871	1663.000	-0.430	-0.442	0.000	-31.591	-12.583
3887	1663.000	-0.392	-0.493	0.000	-31.496	-17.808
3903	1663.000	-0.420	-0.343	0.000	-31.188	-3.134
3919	1663.000	-0.435	-0.434	0.000	-31.605	-11.807
3935	1663.000	-0.375	-0.395	0.000	-31.564	-7.931
3951	1663.000	-0.427	-0.459	0.000	-31.643	-14.225
3967	1663.000	-0.432	-0.454	0.000	-31.760	-13.676
3983	1663.000	-0.396	-0.258	0.000	-31.263	5.496
3999	1663.000	-0.366	-0.318	0.000	-31.434	-0.381
4015	1663.000	-0.348	-0.179	0.000	-31.900	13.988
4031	1663.000	-0.381	-0.561	0.000	-31.371	-24.734
4047	1663.000	-0.377	-0.363	0.000	-31.898	-4.413
4063	1663.000	-0.304	-0.080	0.000	-31.559	23.513
4079	1663.000	-0.384	-0.263	0.000	-31.367	5.044
4095	1663.000	-0.414	-0.493	0.000	-31.837	-17.421
4111	1663.000	-0.406	-0.155	0.000	-31.806	16.290
4127	1663.000	-0.433	-0.537	0.000	-31.300	-22.387
4143	1663.000	-0.430	-0.091	0.000	-32.092	22.988
4159	1663.000	-0.462	-0.346	0.000	-31.279	-3.362
4175	1663.000	-0.402	-0.519	0.000	-31.844	-20.068
4191	1663.000	-0.454	-0.538	0.000	-31.698	-22.072
4207	1663.000	-0.408	-0.257	0.000	-31.300	5.566
4223	1663.000	-0.414	-0.171	0.000	-32.062	14.986
4239	1663.000	-0.375	-0.228	0.000	-31.475	8.721
4255	1663.000	-0.458	-0.332	0.000	-31.444	-1.746
4271	1663.000	-0.366	-0.068	0.000	-31.726	24.974
4287	1663.000	-0.444	-0.164	0.000	-31.476	15.033
4303	1663.000	-0.399	-0.273	0.000	-31.175	3.910
4319	1663.000	-0.426	-0.530	0.000	-31.330	-21.642
4335	1663.000	-0.437	-0.559	0.000	-31.659	-24.263
4351	1663.000	-0.420	-0.496	0.000	-31.215	-18.418
4367	1663.000	-0.442	-0.535	0.000	-31.428	-22.072
5007	1663.000	-0.284	-0.407	0.000	-22.575	-18.092
5023	1663.000	-0.287	-0.140	0.000	-22.675	8.717
5039	1663.000	-0.288	-0.112	0.000	-22.578	11.330
5055	1663.000	-0.317	-0.341	0.000	-22.474	-11.576
5071	1663.000	-0.231	-0.005	0.000	-22.718	22.238
5087	1663.000	-0.263	-0.169	0.000	-22.831	5.900
5103	1663.000	-0.296	-0.066	0.000	-22.692	16.118
5119	1663.000	-0.222	0.021	0.000	-22.825	24.953
5135	1663.000	-0.265	-0.459	0.000	-22.557	-23.319
5151	1663.000	-0.294	-0.454	0.000	-22.687	-22.692
5167	1663.000	-0.324	-0.338	0.000	-22.836	-10.947
5183	1663.000	-0.230	-0.197	0.000	-22.723	2.992
5199	1663.000	-0.272	-0.305	0.000	-23.097	-7.392
5215	1663.000	-0.249	-0.098	0.000	-22.954	13.118
5231	1663.000	-0.251	-0.124	0.000	-22.682	10.305
5247	1663.000	-0.274	-0.321	0.000	-23.154	-8.912
5263	1663.000	-0.300	-0.260	0.000	-23.022	-2.964
5279	1663.000	-0.293	-0.044	0.000	-22.643	18.204
5295	1663.000	-0.299	-0.431	0.000	-22.928	-20.148
5311	1663.000	-0.282	-0.069	0.000	-22.599	15.666
5327	1663.000	-0.269	-0.199	0.000	-23.190	3.296
5343	1663.000	-0.251	-0.205	0.000	-22.956	2.501
5359	1663.000	-0.265	-0.193	0.000	-22.478	3.130
5375	1663.000	-0.250	-0.355	0.000	-23.540	-11.932
5391	1663.000	-0.252	-0.049	0.000	-22.563	17.706
5407	1663.000	-0.303	-0.377	0.000	-22.505	-15.187
5423	1663.000	-0.324	-0.275	0.000	-22.662	-4.876
5439	1663.000	-0.320	-0.470	0.000	-22.719	-24.293
5455	1663.000	-0.270	0.013	0.000	-22.872	24.151
5471	1663.000	-0.319	-0.461	0.000	-22.473	-23.617
5487	1663.000	-0.298	-0.211	0.000	-22.471	1.416
5503	1663.000	-0.323	-0.452	0.000	-22.634	-22.547
5519	1663.000	-0.291	-0.427	0.000	-22.473	-20.264
5535	1663.000	-0.290	-0.347	0.000	-22.471	-12.250
5551	1663.000	-0.327	-0.287	0.000	-22.818	-5.895
5567	1663.000	-0.319	-0.423	0.000	-22.698	-19.626
5583	1663.000	-0.294	-0.338	0.000	-22.693	-11.120
5599	1663.000	-0.259	-0.315	0.000	-22.589	-8.920
5615	1663.000	-0.280	-0.020	0.000	-22.635	20.594
6271	1663.000	-0.918	-0.680	0.000	-78.040	10.017
6287	1663.000	-0.981	-0.668	0.000	-78.034	11.270
6303	1663.000	-0.500	4.373	1.000	-77.998	15.330
6319	1663.000	-0.821	-1.034	0.000	-78.893	-24.497
6335	1663.000	-0.933	-0.775	0.000	-77.998	0.525
6351	1663.000	-1.021	-0.970	0.000	-77.998	-19.037
6367	1663.000	-1.029	-1.030	0.000	-78.893	-24.124
6383	1663.000	-0.991	-0.724	0.000	-79.885	7.452
6399	1663.000	-0.930	-0.874	0.000	-77.999	-9.365
6415	1663.000	-0.967	-0.599	0.000	-79.449	19.574
6431	1663.000	-0.975	-0.778	0.000	-80.639	2.876
6447	1663.000	-0.989	-0.649	0.000	-79.468	14.520
6463	1663.000	-0.973	-0.631	0.000	-78.849	15.729
6479	1663.000	-0.969	-0.810	0.000	-78.045	-2.931
6495	1663.000	-1.015	-0.788	0.000	-78.740	-0.079
6511	1663.000	-0.856	-0.603	0.000	-78.874	18.547
6527	1663.000	-0.849	-0.896	0.000	-78.705	-10.857
6543	1663.000	-1.038	-0.806	0.000	-78.051	-2.541
6559	1663.000	-0.987	-0.586	0.000	-80.154	21.525
6575	1663.000	-0.987	-0.949	0.000	-81.148	-13.732
6591	1663.000	-0.977	-0.577	0.000	-79.448	21.743
6607	1663.000	-0.965	-0.749	0.000	-79.521	4.669
6623	1663.000	-0.977	-0.605	0.000	-80.035	19.539
6639	1663.000	-1.014	-0.590	0.000	-79.468	20.510
6655	1663.000	-1.000	-0.958	0.000	-80.421	-15.369
6671	1663.000	-0.931	-0.576	0.000	-78.049	20.461
6687	1663.000	-0.979	-0.662	0.000	-78.084	11.854
6703	1663.000	-0.939	-0.575	0.000	-80.198	22.705
6719	1663.000	-0.972	-0.881	0.000	-77.998	-10.087
6735	1663.000	-0.986	-1.027	0.000	-78.698	-24.034
6751	1663.000	-1.026	-0.574	0.000	-80.151	22.746
6767	1663.000	-0.981	-0.820	0.000	-77.999	-4.012
6783	1663.000	-0.943	-0.705	0.000	-77.998	7.455
6799	1663.000	-0.994	-0.768	0.000	-78.899	2.139
6815	1663.000	-0.907	-0.645	0.000	-77.999	13.473
6831	1663.000	-1.037	-0.884	0.000	-78.786	-9.604
6847	1663.000	-1.012	-0.868	0.000	-78.932	-7.831
6863	1663.000	-0.071	4.159	0.000	-78.043	-6.040
6879	1663.000	-0.089	4.080	0.000	-78.014	-13.969
7519	1663.000	-0.944	-0.836	0.000	-75.266	-8.350
7535	1663.000	-0.892	-0.718	0.000	-75.560	3.730
7551	1663.000	-0.847	-0.843	0.000	-75.842	-8.415
7567	1663.000	-0.912	-0.667	0.000	-75.235	8.562
7583	1663.000	-0.471	4.267	1.000	-77.082	3.758
7599	1663.000	-0.991	-0.717	0.000	-76.853	5.163
7615	1663.000	-0.718	-0.831	0.000	-76.267	-6.840
7631	1663.000	-0.992	-0.848	0.000	-75.939	-8.864
7647	1663.000	-0.925	-0.577	0.000	-76.144	18.493
7663	1663.000	-0.974	-0.898	0.000	-77.835	-11.962
7679	1663.000	-0.940	-0.943	0.000	-75.320	-18.937
7695	1663.000	-0.922	-0.512	0.000	-76.152	24.914
7711	1663.000	-0.977	-0.724	0.000	-75.546	3.158
7727	1663.000	-0.890	-0.557	0.000	-75.993	20.319
7743	1663.000	-0.924	-0.510	0.000	-75.333	24.314
7759	1663.000	-0.927	-0.927	0.000	-75.235	-17.512
7775	1663.000	-1.012	-0.703	0.000	-77.119	6.844
7791	1663.000	-0.425	4.454	1.000	-75.625	21.023
7807	1663.000	-0.911	-0.979	0.000	-75.235	-22.686
7823	1663.000	-0.973	-0.558	0.000	-78.202	22.429
7839	1663.000	-0.851	-0.571	0.000	-75.252	18.171
7855	1663.000	-0.933	-0.712	0.000	-75.929	4.776
7871	1663.000	-1.030	-0.885	0.000	-79.860	-8.667
7887	1663.000	-0.881	-0.881	0.000	-76.632	-11.435
7903	1663.000	-0.917	-0.795	0.000	-75.235	-4.270
7919	1663.000	-0.842	-0.946	0.000	-77.017	-17.550
7935	1663.000	-1.019	-0.601	0.000	-77.163	17.068
7951	1663.000	-0.958	-0.935	0.000	-77.164	-16.339
7967	1663.000	-0.998	-0.971	0.000	-75.277	-21.861
7983	1663.000	-0.867	-0.856	0.000	-75.276	-10.309
7999	1663.000	-0.913	-0.795	0.000	-75.970	-3.491
8015	1663.000	-0.910	-0.865	0.000	-75.850	-10.666
8031	1663.000	-0.915	-0.655	0.000	-75.250	9.792
8047	1663.000	-0.932	-0.534	0.000	-75.920	22.478
8063	1663.000	-0.944	-0.580	0.000	-75.254	17.262
8079	1663.000	-0.911	-0.570	0.000	-75.292	18.275
8095	1663.000	-0.947	-0.527	0.000	-75.235	22.524
8111	1663.000	-0.913	-0.583	0.000	-75.261	17.001
8127	1663.000	-0.935	-0.747	0.000	-75.277	0.591
8767	1663.000	-0.299	-0.268	0.000	-26.282	-0.472
8783	1663.000	-0.278	-0.103	0.000	-26.271	15.924
8799	1663.000	-0.441	-0.307	0.000	-26.708	-3.993
8815	1663.000	-0.336	-0.237	0.000	-26.463	2.730
8831	1663.000	-0.342	-0.412	0.000	-26.162	-15.032
8847	1663.000	-0.297	-0.477	0.000	-26.435	-21.218
8863	1663.000	-0.343	-0.458	0.000	-26.210	-19.627
8879	1663.000	-0.294	-0.322	0.000	-26.133	-6.067
8895	1663.000	-0.280	-0.079	0.000	-26.324	18.406
8911	1663.000	-0.349	-0.317	0.000	-26.350	-5.374
8927	1663.000	-0.283	-0.500	0.000	-26.099	-23.890
8943	1663.000	-0.328	-0.087	0.000	-26.157	17.410
8959	1663.000	-0.300	-0.182	0.000	-26.417	8.255
8975	1663.000	-0.341	-0.487	0.000	-26.645	-22.103
8991	1663.000	-0.329	-0.323	0.000	-26.850	-5.488
9007	1663.000	-0.328	-0.485	0.000	-26.749	-21.757
9023	1663.000	-0.275	-0.042	0.000	-27.362	23.151
9039	1663.000	-0.378	-0.159	0.000	-26.425	10.518
9055	1663.000	-0.302	-0.203	0.000	-26.534	6.212
9071	1663.000	-0.379	-0.224	0.000	-26.399	3.950
9087	1663.000	-0.339	-0.225	0.000	-26.073	3.566
9103	1663.000	-0.393	-0.272	0.000	-26.064	-1.186
9119	1663.000	-0.282	-0.206	0.000	-26.629	5.980
9135	1663.000	-0.301	-0.079	0.000	-26.067	18.159
9151	1663.000	-0.360	-0.435	0.000	-26.348	-17.144
9167	1663.000	-0.343	-0.272	0.000	-26.248	-0.941
9183	1663.000	-0.315	-0.031	0.000	-26.228	23.173
9199	1663.000	-0.351	-0.288	0.000	-26.575	-2.180
9215	1663.000	-0.321	-0.174	0.000	-26.066	8.690
9231	1663.000	-0.373	-0.170	0.000	-26.064	9.022
9247	1663.000	-0.292	-0.031	0.000	-26.508	23.410
9263	1663.000	-0.320	-0.507	0.000	-26.106	-24.634
9279	1663.000	-0.380	-0.316	0.000	-26.384	-5.262
9295	1663.000	-0.350	-0.400	0.000	-26.326	-13.723
9311	1663.000	-0.323	-0.146	0.000	-26.466	11.844
9327	1663.000	-0.310	-0.278	0.000	-26.490	-1.338
9343	1663.000	-0.311	-0.178	0.000	-26.249	8.487
9359	1663.000	-0.382	-0.427	0.000	-26.634	-16.055
9375	1663.000	-0.377	-0.429	0.000	-26.369	-16.501
10015	1663.000	-0.367	-0.335	0.000	-31.273	-2.258
10031	1663.000	-0.342	-0.097	0.000	-31.230	21.542
10047	1663.000	-0.373	-0.435	0.000	-31.402	-12.144
10063	1663.000	-0.391	-0.150	0.000	-31.620	16.667
10079	1663.000	-0.340	-0.264	0.000	-31.239	4.804
10095	1663.000	-0.383	-0.401	0.000	-31.855	-8.214
10111	1663.000	-0.377	-0.184	0.000	-31.732	13.367
10127	1663.000	-0.409	-0.418	0.000	-31.611	-10.143
10143	1663.000	-0.402	-0.473	0.000	-31.446	-15.870
10159	1663.000	-0.442	-0.410	0.000	-31.377	-9.645
10175	1663.000	-0.413	-0.458	0.000	-31.450	-14.311
10191	1663.000	-0.386	-0.262	0.000	-31.596	5.422
10207	1663.000	-0.478	-0.420	0.000	-31.225	-10.760
10223	1663.000	-0.385	-0.319	0.000	-31.363	-0.511
10239	1663.000	-0.405	-0.325	0.000	-31.656	-0.879
10255	1663.000	-0.460	-0.417	0.000	-31.829	-9.877
10271	1663.000	-0.455	-0.521	0.000	-31.392	-20.661
10287	1663.000	-0.377	-0.360	0.000	-31.634	-4.364
10303	1663.000	-0.426	-0.545	0.000	-32.304	-22.231
10319	1663.000	-0.406	-0.278	0.000	-31.866	4.103
10335	1663.000	-0.407	-0.349	0.000	-32.283	-2.602
10351	1663.000	-0.451	-0.553	0.000	-32.161	-23.112
10367	1663.000	-0.414	-0.333	0.000	-31.760	-1.582
10383	1663.000	-0.391	-0.206	0.000	-32.048	11.405
10399	1663.000	-0.427	-0.554	0.000	-32.040	-23.365
10415	1663.000	-0.412	-0.392	0.000	-31.392	-7.842
10431	1663.000	-0.405	-0.376	0.000	-31.712	-5.896
10447	1663.000	-0.338	-0.107	0.000	-31.678	20.991
10463	1663.000	-0.371	-0.238	0.000	-31.656	7.842
10479	1663.000	-0.429	-0.203	0.000	-31.849	11.516
10495	1663.000	-0.407	-0.125	0.000	-32.485	20.014
10511	1663.000	-0.413	-0.077	0.000	-32.282	24.621
10527	1663.000	-0.346	-0.125	0.000	-31.379	18.848
10543	1663.000	-0.415	-0.313	0.000	-31.767	0.490
10559	1663.000	-0.400	-0.260	0.000	-31.370	5.363
10575	1663.000	-0.402	-0.161	0.000	-31.234	15.169
10591	1663.000	-0.353	-0.105	0.000	-31.270	20.728
10607	1663.000	-0.357	-0.515	0.000	-31.306	-20.201
10623	1663.000	-0.399	-0.360	0.000	-31.239	-4.720
11263	1663.000	-0.403	-0.340	0.000	-30.913	-3.042
11279	1663.000	-0.400	-0.234	0.000	-31.322	7.932
11295	1663.000	-0.389	-0.143	0.000	-31.625	17.300
11311	1663.000	-0.401	-0.147	0.000	-30.826	16.126
11327	1663.000	-0.414	-0.522	0.000	-31.550	-20.608
11343	1663.000	-0.397	-0.301	0.000	-31.359	1.210
11359	1663.000	-0.388	-0.170	0.000	-30.518	13.500
11375	1663.000	-0.359	-0.460	0.000	-30.950	-15.059
11391	1663.000	-0.403	-0.299	0.000	-31.123	1.195
11407	1663.000	-0.389	-0.453	0.000	-30.617	-14.636
11423	1663.000	-0.392	-0.278	0.000	-30.632	2.835
11439	1663.000	-0.431	-0.416	0.000	-31.093	-10.516
11455	1663.000	-0.364	-0.076	0.000	-31.598	23.993
11471	1663.000	-0.373	-0.074	0.000	-30.805	23.407
11487	1663.000	-0.449	-0.379	0.000	-30.826	-7.095
11503	1663.000	-0.360	-0.503	0.000	-31.089	-19.216
11519	1663.000	-0.405	-0.498	0.000	-30.921	-18.880
11535	1663.000	-0.308	-0.085	0.000	-30.595	22.078
11551	1663.000	-0.446	-0.545	0.000	-31.001	-23.499
11567	1663.000	-0.399	-0.128	0.000	-31.120	18.343
11583	1663.000	-0.403	-0.294	0.000	-30.523	1.131
11599	1663.000	-0.397	-0.132	0.000	-31.588	18.406
11615	1663.000	-0.402	-0.212	0.000	-30.750	9.567
11631	1663.000	-0.357	-0.079	0.000	-30.840	22.916
11647	1663.000	-0.330	-0.200	0.000	-31.678	11.662
11663	1663.000	-0.392	-0.118	0.000	-30.525	18.765
11679	1663.000	-0.433	-0.324	0.000	-30.936	-1.421
11695	1663.000	-0.391	-0.261	0.000	-30.741	4.627
11711	1663.000	-0.379	-0.164	0.000	-30.592	14.192
11727	1663.000	-0.373	-0.474	0.000	-30.603	-16.824
11743	1663.000	-0.356	-0.080	0.000	-31.152	23.166
11759	1663.000	-0.323	-0.064	0.000	-30.534	24.127
11775	1663.000	-0.361	-0.096	0.000	-30.536	20.967
11791	1663.000	-0.400	-0.520	0.000	-31.049	-20.930
11807	1663.000	-0.418	-0.481	0.000	-30.569	-17.488
11823	1663.000	-0.380	-0.091	0.000	-30.760	21.659
11839	1663.000	-0.341	-0.082	0.000	-30.928	22.700
11855	1663.000	-0.379	-0.145	0.000	-31.094	16.574
11871	1663.000	-0.414	-0.119	0.000	-31.568	19.626
11887	1663.000	-0.398	-0.076	0.000	-30.990	23.345
12527	1663.000	-0.295	-0.226	0.000	-25.312	2.664
12543	1663.000	-0.333	-0.187	0.000	-24.751	6.091
12559	1663.000	-0.286	-0.469	0.000	-24.596	-22.347
12575	1663.000	-0.294	-0.036	0.000	-24.884	21.240
12591	1663.000	-0.313	-0.154	0.000	-24.864	9.493
12607	1663.000	-0.271	-0.306	0.000	-24.498	-6.147
12623	1663.000	-0.304	-0.359	0.000	-24.922	-10.947
12639	1663.000	-0.308	-0.159	0.000	-24.608	8.700
12655	1663.000	-0.271	-0.094	0.000	-24.498	15.125
12671	1663.000	-0.333	-0.226	0.000	-25.375	2.815
12687	1663.000	-0.345	-0.370	0.000	-24.498	-12.503
12703	1663.000	-0.248	-0.079	0.000	-24.499	16.576
12719	1663.000	-0.333	-0.296	0.000	-24.596	-5.031
12735	1663.000	-0.274	-0.139	0.000	-24.606	10.664
12751	1663.000	-0.314	-0.198	0.000	-24.498	4.728
12767	1663.000	-0.282	-0.255	0.000	-24.500	-1.029
12783	1663.000	-0.276	-0.170	0.000	-25.074	8.025
12799	1663.000	-0.253	-0.453	0.000	-24.506	-20.829
12815	1663.000	-0.331	-0.463	0.000	-24.813	-21.478
12831	1663.000	-0.351	-0.314	0.000	-25.051	-6.309
12847	1663.000	-0.324	-0.353	0.000	-24.508	-10.790
12863	1663.000	-0.348	-0.309	0.000	-24.896	-6.041
12879	1663.000	-0.312	-0.494	0.000	-24.769	-24.619
12895	1663.000	-0.338	-0.045	0.000	-24.571	20.097
12911	1663.000	-0.338	-0.180	0.000	-24.511	6.485
12927	1663.000	-0.269	-0.137	0.000	-24.670	10.971
12943	1663.000	-0.290	-0.454	0.000	-24.687	-20.738
12959	1663.000	-0.315	-0.475	0.000	-24.500	-23.041
12975	1663.000	-0.268	-0.036	0.000	-24.821	21.206
12991	1663.000	-0.376	-0.318	0.000	-25.327	-6.489
13007	1663.000	-0.304	-0.493	0.000	-24.668	-24.677
13023	1663.000	-0.315	-0.118	0.000	-24.580	12.747
13039	1663.000	-0.315	-0.464	0.000	-24.786	-21.589
13055	1663.000	-0.322	-0.270	0.000	-24.906	-2.086
13071	1663.000	-0.325	-0.361	0.000	-25.121	-10.942
13087	1663.000	-0.334	-0.380	0.000	-24.707	-13.267
13103	1663.000	-0.267	-0.228	0.000	-25.708	2.890
13119	1663.000	-0.299	-0.002	0.000	-25.008	24.851
13135	1663.000	-0.301	-0.343	0.000	-24.649	-9.624
13775	1663.000	-0.993	-0.774	0.000	-77.977	0.590
13791	1663.000	-1.013	-1.002	0.000	-77.274	-22.894
13807	1663.000	-0.974	-0.845	0.000	-77.274	-7.191
13823	1663.000	-0.996	-0.839	0.000	-79.330	-4.557
13839	1663.000	-0.969	-0.899	0.000	-77.274	-12.622
13855	1663.000	-0.958	-0.539	0.000	-77.306	23.366
13871	1663.000	-0.960	-0.912	0.000	-77.274	-13.922
13887	1663.000	-1.009	-0.887	0.000	-77.306	-11.348
13903	1663.000	-1.006	-0.754	0.000	-78.306	2.874
13919	1663.000	-0.987	-0.556	0.000	-77.874	22.225
13935	1663.000	-0.975	-0.969	0.000	-77.757	-19.142
13951	1663.000	-1.010	-0.801	0.000	-79.206	-0.910
13967	1663.000	-0.932	-0.909	0.000	-77.642	-13.212
13983	1663.000	-0.956	-0.843	0.000	-77.959	-6.356
13999	1663.000	-1.019	-0.837	0.000	-77.274	-6.379
14015	1663.000	-0.960	-0.750	0.000	-77.274	2.306
14031	1663.000	-0.941	-0.846	0.000	-77.274	-7.335
14047	1663.000	-0.946	-0.998	0.000	-77.274	-22.498
14063	1663.000	-1.017	-0.855	0.000	-77.281	-8.189
14079	1663.000	-0.965	-0.565	0.000	-77.274	20.733
14095	1663.000	-1.044	-0.848	0.000	-79.188	-5.652
14111	1663.000	-1.005	-0.943	0.000	-79.203	-15.094
14127	1663.000	-0.034	4.307	0.000	-77.306	8.014
14143	1663.000	-0.935	-0.746	0.000	-78.711	4.101
14159	1663.000	-0.785	-0.958	0.000	-80.209	-15.555
14175	1663.000	-0.950	-0.874	0.000	-77.274	-10.128
14191	1663.000	-1.027	-1.012	0.000	-79.828	-21.381
14207	1663.000	-1.003	-0.633	0.000	-77.293	14.021
14223	1663.000	-0.744	-0.625	0.000	-79.361	16.814
14239	1663.000	-0.534	4.413	1.000	-79.997	21.299
14255	1663.000	-0.939	-0.917	0.000	-77.274	-14.404
14271	1663.000	-0.889	-0.619	0.000	-80.030	18.114
14287	1663.000	-0.107	4.066	0.000	-79.074	-14.338
14303	1663.000	-1.006	-0.790	0.000	-77.281	-1.741
14319	1663.000	-0.965	-0.540	0.000	-78.609	24.590
14335	1663.000	-0.923	-0.775	0.000	-77.274	-0.204
14351	1663.000	-0.900	-0.550	0.000	-77.274	22.270
14367	1663.000	-1.007	-0.909	0.000	-77.332	-13.528
14383	1663.000	-0.936	-0.653	0.000	-77.282	12.001
15	1664.000	-0.961	-0.895	0.000	-76.750	-12.738
31	1664.000	-0.919	-0.747	0.000	-75.146	0.434
47	1664.000	-0.910	-0.801	0.000	-73.615	-6.489
63	1664.000	-0.589	-0.591	0.000	-74.275	15.177
79	1664.000	-0.954	-0.885	0.000	-75.322	-13.191
95	1664.000	-0.870	-0.721	0.000	-73.615	1.465
111	1664.000	-0.843	-0.618	0.000	-73.702	11.863
127	1664.000	-0.934	-0.975	0.000	-73.615	-23.838
143	1664.000	-0.881	-0.810	0.000	-74.757	-6.278
159	1664.000	-0.931	-0.605	0.000	-74.290	13.787
175	1664.000	-0.940	-0.868	0.000	-75.308	-11.480
191	1664.000	-0.949	-0.675	0.000	-74.271	6.755
207	1664.000	-0.885	-0.676	0.000	-73.644	6.071
223	1664.000	-0.893	-0.712	0.000	-74.243	3.020
239	1664.000	-0.885	-0.532	0.000	-73.635	20.404
255	1664.000	-0.955	-0.983	0.000	-73.615	-24.648
271	1664.000	-0.917	-0.731	0.000	-73.909	0.838
287	1664.000	-0.756	-0.619	0.000	-73.615	11.715
303	1664.000	-0.905	-0.613	0.000	-73.642	12.303
319	1664.000	-0.867	-0.788	0.000	-73.632	-5.153
335	1664.000	-0.902	-0.672	0.000	-74.474	7.235
351	1664.000	-0.899	-0.947	0.000	-73.886	-20.792
367	1664.000	-0.885	-0.596	0.000	-73.632	14.059
383	1664.000	-0.939	-0.819	0.000	-74.450	-7.422
399	1664.000	-0.939	-0.783	0.000	-73.620	-4.650
415	1664.000	-0.778	-0.611	0.000	-76.147	15.081
431	1664.000	-0.968	-0.938	0.000	-73.917	-19.856
447	1664.000	-0.935	-0.776	0.000	-74.988	-2.630
463	1664.000	-0.909	-0.820	0.021	-74.349	-18.264
479	1664.000	-0.930	-0.960	0.000	-74.968	-21.004
495	1664.000	-0.929	-0.985	0.000	-73.631	-24.827
511	1664.000	-0.952	-0.719	0.000	-73.621	1.713
527	1664.000	-0.906	-0.494	0.000	-73.666	24.301
543	1664.000	-0.878	-0.854	0.000	-74.618	-10.822
559	1664.000	-0.917	-0.669	0.000	-75.522	8.581
575	1664.000	-0.836	-0.683	0.000	-73.677	5.366
591	1664.000	-0.922	-0.875	0.000	-75.041	-12.499
607	1664.000	-0.868	-0.555	0.000	-75.027	19.568
623	1664.000	-0.960	-0.883	0.000	-73.659	-14.662
1263	1664.000	-0.295	-0.343	0.000	-22.812	-11.478
1279	1664.000	-0.285	-0.164	0.000	-22.687	6.291
1295	1664.000	-0.293	-0.074	0.000	-23.039	15.665
1311	1664.000	-0.264	-0.260	0.000	-22.997	-2.957
1327	1664.000	-0.290	-0.204	0.000	-22.841	2.439
1343	1664.000	-0.328	-0.461	0.000	-22.789	-23.360
1359	1664.000	-0.213	-0.020	0.000	-22.601	20.623
1375	1664.000	-0.284	-0.238	0.000	-22.810	-1.016
1391	1664.000	-0.254	0.008	0.000	-22.633	23.438
1407	1664.000	-0.290	-0.356	0.000	-22.677	-12.891
1423	1664.000	-0.330	-0.117	0.000	-23.103	11.420
1439	1664.000	-0.266	-0.038	0.000	-23.162	19.313
1455	1664.000	-0.233	-0.171	0.000	-22.660	5.529
1471	1664.000	-0.258	-0.158	0.000	-22.597	6.769
1487	1664.000	-0.275	-0.274	0.000	-22.630	-4.805
1503	1664.000	-0.286	-0.280	0.000	-22.599	-5.447
1519	1664.000	-0.274	-0.195	0.000	-22.726	3.193
1535	1664.000	-0.251	-0.101	0.074	-22.636	-24.325
1551	1664.000	-0.241	-0.040	0.000	-23.148	19.165
1567	1664.000	-0.279	-0.317	0.000	-22.684	-9.023
1583	1664.000	-0.277	-0.347	0.000	-22.604	-12.143
1599	1664.000	-0.262	-0.232	0.000	-22.812	-0.408
1615	1664.000	-0.270	-0.100	0.000	-22.914	12.871
1631	1664.000	-0.275	-0.395	0.000	-22.638	-16.818
1647	1664.000	-0.306	-0.083	0.000	-22.715	14.427
1663	1664.000	-0.246	-0.162	0.000	-23.253	7.021
1679	1664.000	-0.310	-0.285	0.000	-22.602	-5.899
1695	1664.000	-0.281	-0.423	0.000	-22.933	-19.387
1711	1664.000	-0.286	-0.189	0.000	-22.745	3.810
1727	1664.000	-0.241	0.018	0.000	-22.746	24.533
1743	1664.000	-0.248	-0.128	0.000	-22.812	10.052
1759	1664.000	-0.313	-0.133	0.000	-22.599	9.258
1775	1664.000	-0.272	-0.032	0.000	-22.876	19.688
1791	1664.000	-0.243	-0.000	0.000	-23.125	23.113
1807	1664.000	-0.192	-0.030	0.000	-22.663	19.671
1823	1664.000	-0.312	-0.138	0.000	-23.370	9.539
1839	1664.000	-0.351	-0.372	0.000	-23.213	-14.030
1855	1664.000	-0.254	-0.226	0.000	-22.672	0.077
1871	1664.000	-0.253	-0.032	0.000	-22.793	19.632
2511	1664.000	-0.384	-0.076	0.000	-31.005	23.409
2527	1664.000	-0.410	-0.295	0.000	-31.316	1.788
2543	1664.000	-0.431	-0.490	0.000	-30.927	-18.039
2559	1664.000	-0.390	-0.429	0.000	-30.264	-12.592
2575	1664.000	-0.352	-0.183	0.000	-30.762	12.417
2591	1664.000	-0.368	-0.334	0.000	-30.655	-2.734
2607	1664.000	-0.394	-0.275	0.000	-30.506	2.985
2623	1664.000	-0.340	-0.134	0.000	-30.575	17.173
2639	1664.000	-0.401	-0.262	0.000	-30.794	4.586
2655	1664.000	-0.387	-0.267	0.000	-30.633	3.929
2671	1664.000	-0.424	-0.417	0.000	-30.516	-11.166
2687	1664.000	-0.345	-0.195	0.000	-30.554	11.090
2703	1664.000	-0.374	-0.251	0.000	-30.439	5.336
2719	1664.000	-0.339	-0.159	0.000	-30.356	14.467
2735	1664.000	-0.429	-0.377	0.000	-30.638	-7.074
2751	1664.000	-0.332	-0.107	0.000	-30.412	19.739
2767	1664.000	-0.407	-0.228	0.000	-30.265	7.447
2783	1664.000	-0.403	-0.393	0.000	-30.616	-8.640
2799	1664.000	-0.415	-0.408	0.000	-30.791	-9.964
2815	1664.000	-0.327	-0.525	0.000	-30.263	-22.214
2831	1664.000	-0.333	-0.131	0.000	-30.329	17.246
2847	1664.000	-0.341	-0.133	0.000	-30.561	17.282
2863	1664.000	-0.386	-0.111	0.000	-30.907	19.763
2879	1664.000	-0.387	-0.382	0.000	-30.338	-7.826
2895	1664.000	-0.361	-0.500	0.000	-30.567	-19.413
2911	1664.000	-0.378	-0.439	0.000	-30.795	-13.099
2927	1664.000	-0.398	-0.335	0.041	-30.264	-23.534
2943	1664.000	-0.418	-0.489	0.000	-30.603	-18.339
2959	1664.000	-0.380	-0.248	0.000	-31.156	6.378
2975	1664.000	-0.372	-0.149	0.000	-30.263	15.404
2991	1664.000	-0.364	-0.222	0.000	-30.370	8.204
3007	1664.000	-0.377	-0.379	0.000	-30.260	-7.664
3023	1664.000	-0.404	-0.387	0.018	-30.348	-17.183
3039	1664.000	-0.347	-0.222	0.000	-30.758	8.518
3055	1664.000	-0.416	-0.273	0.000	-30.746	3.494
3071	1664.000	-0.382	-0.512	0.000	-30.725	-20.496
3087	1664.000	-0.400	-0.362	0.000	-30.991	-5.257
3103	1664.000	-0.392	-0.422	0.000	-30.557	-11.685
3119	1664.000	-0.316	-0.255	0.000	-30.925	5.435
3759	1664.000	-0.322	0.372	0.102	-30.315	16.493
3775	1664.000	-0.315	-0.114	0.000	-29.975	18.560
3791	1664.000	-0.344	-0.053	0.000	-30.016	24.676
3807	1664.000	-0.346	-0.103	0.000	-29.972	19.700
3823	1664.000	-0.360	-0.202	0.000	-30.065	9.859
3839	1664.000	-0.381	-0.411	0.000	-30.188	-10.942
3855	1664.000	-0.357	0.122	0.046	-30.021	19.325
3871	1664.000	-0.417	-0.283	0.000	-30.277	1.971
3887	1664.000	-0.373	-0.477	0.000	-30.191	-17.554
3903	1664.000	-0.387	-0.152	0.000	-29.912	14.701
3919	1664.000	-0.388	-0.202	0.000	-30.290	10.139
3935	1664.000	-0.337	-0.220	0.000	-30.253	8.213
3951	1664.000	-0.430	-0.387	0.000	-30.324	-8.383
3967	1664.000	-0.422	-0.371	0.000	-30.430	-6.678
3983	1664.000	-0.394	-0.395	0.000	-29.980	-9.539
3999	1664.000	-0.391	-0.551	0.000	-30.135	-24.980
4015	1664.000	-0.373	-0.447	0.000	-30.556	-14.143
4031	1664.000	-0.355	-0.181	0.000	-30.078	11.988
4047	1664.000	-0.373	-0.203	0.000	-30.555	10.285
4063	1664.000	-0.299	-0.098	0.000	-30.248	20.450
4079	1664.000	-0.367	-0.127	0.000	-30.074	17.357
4095	1664.000	-0.384	-0.063	0.000	-30.499	24.196
4111	1664.000	-0.384	-0.122	0.000	-30.471	18.258
4127	1664.000	-0.408	-0.104	0.000	-30.014	19.578
4143	1664.000	-0.409	-0.083	0.000	-30.731	22.415
4159	1664.000	-0.453	-0.409	0.000	-29.994	-10.939
4175	1664.000	-0.373	-0.238	0.000	-30.506	6.727
4191	1664.000	-0.441	-0.288	0.000	-30.374	1.620
4207	1664.000	-0.425	-0.476	0.000	-30.014	-17.580
4223	1664.000	-0.425	-0.535	0.000	-30.703	-22.820
4239	1664.000	-0.342	-0.159	0.000	-30.172	14.248
4255	1664.000	-0.430	-0.181	0.000	-30.144	12.054
4271	1664.000	-0.346	-0.166	0.000	-30.399	13.835
4287	1664.000	-0.416	-0.200	0.000	-30.173	10.211
4303	1664.000	-0.384	-0.477	0.000	-29.901	-17.769
4319	1664.000	-0.398	-0.271	0.000	-30.041	2.984
4335	1664.000	-0.387	-0.157	0.000	-30.338	14.686
4351	1664.000	-0.396	-0.292	0.000	-29.937	0.732
4367	1664.000	-0.433	-0.532	0.000	-30.129	-23.118
5007	1664.000	-0.278	-0.266	0.000	-21.648	-4.932
5023	1664.000	-0.304	-0.418	0.000	-21.739	-20.063
5039	1664.000	-0.235	0.013	0.000	-21.650	22.932
5055	1664.000	-0.294	-0.360	0.000	-21.557	-14.451
5071	1664.000	-0.237	-0.243	0.000	-21.777	-2.494
5087	1664.000	-0.244	-0.111	0.000	-21.880	10.787
5103	1664.000	-0.284	-0.126	0.000	-21.754	9.122
5119	1664.000	-0.199	-0.089	0.000	-21.874	13.010
5135	1664.000	-0.245	-0.285	0.000	-21.631	-6.901
5151	1664.000	-0.260	0.004	0.000	-21.749	22.199
5167	1664.000	-0.337	-0.380	0.000	-21.884	-16.145
5183	1664.000	-0.231	-0.126	0.000	-21.782	9.197
5199	1664.000	-0.255	-0.235	0.000	-22.120	-1.373
5215	1664.000	-0.275	-0.324	0.000	-21.991	-10.367
5231	1664.000	-0.253	-0.303	0.000	-21.745	-8.531
5247	1664.000	-0.251	-0.168	0.000	-22.172	5.386
5263	1664.000	-0.275	-0.208	0.000	-22.052	1.237
5279	1664.000	-0.302	-0.252	0.000	-21.710	-3.540
5295	1664.000	-0.320	-0.394	0.000	-21.967	-17.389
5311	1664.000	-0.261	-0.022	0.000	-21.670	19.476
5327	1664.000	-0.283	-0.245	0.000	-22.204	-2.256
5343	1664.000	-0.282	-0.466	0.000	-21.993	-24.577
5359	1664.000	-0.284	-0.389	0.000	-21.560	-17.363
5375	1664.000	-0.248	-0.158	0.000	-22.521	6.768
5391	1664.000	-0.238	-0.180	0.028	-21.637	-10.246
5407	1664.000	-0.275	-0.119	0.000	-21.585	9.726
5423	1664.000	-0.293	-0.305	0.000	-21.727	-8.774
5439	1664.000	-0.325	-0.446	0.000	-21.778	-22.787
5455	1664.000	-0.240	-0.127	0.000	-21.916	9.242
5471	1664.000	-0.316	-0.275	0.000	-21.555	-5.939
5487	1664.000	-0.291	-0.236	0.000	-21.553	-2.052
5503	1664.000	-0.285	-0.077	0.000	-21.702	14.014
5519	1664.000	-0.256	-0.052	0.000	-21.555	16.354
5535	1664.000	-0.268	-0.041	0.000	-21.554	17.412
5551	1664.000	-0.293	-0.276	0.000	-21.868	-5.742
5567	1664.000	-0.289	-0.003	0.038	-21.759	2.274
5583	1664.000	-0.254	-0.024	0.000	-21.755	19.345
5599	1664.000	-0.217	-0.013	0.000	-21.661	20.389
5615	1664.000	-0.258	-0.266	0.000	-21.702	-4.896
6271	1664.000	-0.860	-0.670	0.000	-76.193	9.156
6287	1664.000	-0.948	-0.988	0.000	-76.187	-22.610
6303	1664.000	-0.529	-0.615	0.000	-76.155	14.606
6319	1664.000	-0.812	-0.568	0.000	-76.965	20.150
6335	1664.000	-0.904	-0.843	0.000	-76.155	-8.152
6351	1664.000	-0.992	-0.919	0.000	-76.155	-15.707
6367	1664.000	-0.994	-0.768	0.000	-76.965	0.197
6383	1664.000	-0.945	-0.896	0.000	-77.862	-11.697
6399	1664.000	-0.923	-0.852	0.000	-76.156	-9.053
6415	1664.000	-0.952	-0.799	0.000	-77.468	-2.459
6431	1664.000	-0.938	-0.651	0.000	-78.545	13.413
6447	1664.000	-0.976	-0.979	0.000	-77.485	-20.409
6463	1664.000	-0.946	-0.708	0.000	-76.925	6.108
6479	1664.000	-0.937	-0.693	0.000	-76.198	6.939
6495	1664.000	-0.973	-0.800	0.000	-76.826	-3.212
6511	1664.000	-0.850	-0.918	0.000	-76.948	-14.826
6527	1664.000	-0.855	-0.961	0.000	-76.794	-19.263
6543	1664.000	-1.010	-0.951	0.000	-76.203	-18.910
6559	1664.000	-0.947	-0.960	0.000	-78.106	-17.924
6575	1664.000	-0.944	-0.822	0.000	-79.006	-3.148
6591	1664.000	-0.944	-0.747	0.000	-77.467	2.792
6607	1664.000	-0.905	-0.640	0.000	-77.533	13.556
6623	1664.000	-0.926	-0.829	0.000	-77.998	-4.927
6639	1664.000	-0.965	-0.650	0.000	-77.486	12.467
6655	1664.000	-0.958	-0.793	0.000	-78.347	-0.924
6671	1664.000	-0.880	-0.623	0.000	-76.202	13.942
6687	1664.000	-0.938	-0.651	0.000	-76.233	11.172
6703	1664.000	-0.900	-0.592	0.000	-78.146	18.982
6719	1664.000	-0.953	-0.764	0.000	-76.155	-0.291
6735	1664.000	-0.939	-0.669	0.000	-76.788	9.881
6751	1664.000	-0.940	-0.557	0.000	-78.103	22.368
6767	1664.000	-0.923	-0.371	0.037	-78.238	22.688
6783	1664.000	-0.877	-0.595	0.000	-76.155	16.704
6799	1664.000	-0.945	-0.655	0.000	-76.971	11.477
6815	1664.000	-0.872	-0.628	0.000	-81.770	18.940
6831	1664.000	-1.000	-0.931	0.000	-76.868	-16.261
6847	1664.000	-0.970	-0.690	0.000	-77.000	8.034
6863	1664.000	0.693	4.041	0.000	-76.196	-19.751
6879	1664.000	0.690	4.337	0.000	-76.170	9.834
7519	1664.000	-0.909	-0.697	0.000	-72.192	2.490
7535	1664.000	-0.891	-0.945	0.000	-72.459	-22.027
7551	1664.000	-0.862	-0.897	0.000	-72.714	-16.986
7567	1664.000	-0.878	-0.824	0.000	-72.164	-10.284
7583	1664.000	-0.534	-0.859	0.000	-73.836	-12.023
7599	1664.000	-0.933	-0.496	0.000	-73.629	23.995
7615	1664.000	-0.736	-0.875	0.000	-73.098	-14.385
7631	1664.000	-0.912	-0.600	0.000	-72.802	12.851
7647	1664.000	-0.868	-0.561	0.000	-72.987	16.896
7663	1664.000	-0.947	-0.676	0.000	-74.517	6.964
7679	1664.000	-0.920	-0.915	0.000	-72.242	-19.245
7695	1664.000	-0.879	-0.649	0.000	-72.994	8.120
7711	1664.000	-0.964	-0.945	0.000	-72.446	-22.030
7727	1664.000	-0.837	-0.490	0.000	-72.850	23.852
7743	1664.000	-0.893	-0.646	0.000	-72.253	7.687
7759	1664.000	-0.899	-0.814	0.000	-72.164	-9.264
7775	1664.000	-0.976	-0.890	0.000	-73.869	-15.123
7791	1664.000	-0.507	-0.940	0.000	-72.518	-21.448
7807	1664.000	-0.869	-0.801	0.000	-72.164	-7.913
7823	1664.000	-0.958	-0.886	0.000	-74.850	-13.757
7839	1664.000	-0.831	-0.811	0.000	-72.180	-8.970
7855	1664.000	-0.893	-0.832	0.000	-72.792	-10.455
7871	1664.000	-0.988	-0.957	0.000	-76.349	-19.372
7887	1664.000	-0.854	-0.747	0.000	-73.428	-1.246
7903	1664.000	-0.922	-0.942	0.000	-72.164	-22.068
7919	1664.000	-0.820	-0.653	0.000	-73.777	8.480
7935	1664.000	-0.963	-0.843	0.000	-73.909	-10.383
7951	1664.000	-0.899	-0.499	0.000	-73.910	24.017
7967	1664.000	-0.957	-0.822	0.000	-72.202	-9.975
7983	1664.000	-0.848	-0.633	0.000	-72.202	8.867
7999	1664.000	-0.882	-0.801	0.000	-72.829	-7.239
8015	1664.000	-0.872	-0.651	0.000	-72.721	7.605
8031	1664.000	-0.905	-0.966	0.000	-72.178	-24.425
8047	1664.000	-0.873	-0.540	0.000	-72.784	18.829
8063	1664.000	-0.899	-0.849	0.000	-72.182	-12.708
8079	1664.000	-0.895	-0.802	0.000	-72.216	-7.993
8095	1664.000	-0.916	-0.914	0.000	-72.164	-19.202
8111	1664.000	-0.467	-0.834	0.000	-72.188	-11.240
8127	1664.000	-0.894	-0.589	0.000	-72.202	13.283
8767	1664.000	-0.311	-0.332	0.000	-25.197	-7.982
8783	1664.000	-0.283	-0.164	0.000	-25.188	8.807
8799	1664.000	-0.386	-0.146	0.000	-25.583	10.996
8815	1664.000	-0.308	-0.219	0.000	-25.361	3.432
8831	1664.000	-0.339	-0.306	0.000	-25.089	-5.535
8847	1664.000	-0.284	-0.396	0.000	-25.336	-14.254
8863	1664.000	-0.326	-0.171	0.000	-25.133	8.009
8879	1664.000	-0.296	-0.484	0.000	-25.063	-23.344
8895	1664.000	-0.279	-0.115	0.000	-25.236	13.782
8911	1664.000	-0.303	-0.047	0.000	-25.259	20.579
8927	1664.000	-0.274	-0.294	0.000	-25.032	-4.411
8943	1664.000	-0.302	-0.217	0.000	-25.084	3.376
8959	1664.000	-0.308	-0.430	0.000	-25.320	-17.685
8975	1664.000	-0.331	-0.194	0.000	-25.526	6.167
8991	1664.000	-0.347	-0.475	0.000	-25.711	-21.825
9007	1664.000	-0.317	-0.340	0.000	-25.620	-8.409
9023	1664.000	-0.263	-0.167	0.000	-26.175	9.519
9039	1664.000	-0.360	-0.284	0.000	-25.327	-3.076
9055	1664.000	-0.296	-0.384	0.000	-25.425	-12.981
9071	1664.000	-0.364	-0.263	0.000	-25.304	-0.988
9087	1664.000	-0.281	-0.007	0.000	-25.009	24.262
9103	1664.000	-0.384	-0.311	0.000	-25.000	-6.059
9119	1664.000	-0.295	-0.393	0.000	-25.511	-13.777
9135	1664.000	-0.319	-0.336	0.000	-25.003	-8.549
9151	1664.000	-0.360	-0.342	0.000	-25.257	-8.955
9167	1664.000	-0.339	-0.363	0.000	-25.166	-11.152
9183	1664.000	-0.301	-0.035	0.000	-25.148	21.681
9199	1664.000	-0.358	-0.370	0.000	-25.462	-11.559
9215	1664.000	-0.305	-0.141	0.000	-25.002	10.929
9231	1664.000	-0.339	-0.216	0.000	-25.000	3.388
9247	1664.000	-0.280	-0.097	0.000	-25.402	15.730
9263	1664.000	-0.316	-0.354	0.000	-25.039	-10.409
9279	1664.000	-0.394	-0.418	0.000	-25.289	-16.515
9295	1664.000	-0.349	-0.498	0.000	-25.237	-24.572
9311	1664.000	-0.319	-0.361	0.000	-25.364	-10.711
9327	1664.000	-0.344	-0.499	0.000	-25.386	-24.527
9343	1664.000	-0.307	-0.286	0.000	-25.167	-3.478
9359	1664.000	-0.347	-0.151	0.000	-25.516	10.378
9375	1664.000	-0.375	-0.279	0.000	-25.276	-2.654
10015	1664.000	-0.316	-0.090	0.000	-29.995	20.989
10031	1664.000	-0.350	-0.295	0.000	-29.955	0.448
10047	1664.000	-0.369	-0.506	0.000	-30.111	-20.534
10063	1664.000	-0.376	-0.190	0.000	-30.308	11.266
10079	1664.000	-0.334	-0.252	0.000	-29.963	4.793
10095	1664.000	-0.378	-0.316	0.000	-30.521	-1.048
10111	1664.000	-0.348	-0.179	0.000	-30.410	12.468
10127	1664.000	-0.386	-0.186	0.000	-30.300	11.690
10143	1664.000	-0.387	-0.105	0.000	-30.151	19.649
10159	1664.000	-0.395	-0.112	0.000	-30.089	18.839
10175	1664.000	-0.421	-0.456	0.000	-30.154	-15.487
10191	1664.000	-0.394	-0.510	0.000	-30.286	-20.738
10207	1664.000	-0.457	-0.243	0.000	-29.951	5.624
10223	1664.000	-0.358	-0.191	0.000	-30.076	11.019
10239	1664.000	-0.398	-0.279	0.000	-30.341	2.433
10255	1664.000	-0.411	-0.134	0.000	-30.498	17.059
10271	1664.000	-0.438	-0.468	0.000	-30.102	-16.667
10287	1664.000	-0.367	-0.159	0.000	-30.320	14.417
10303	1664.000	-0.406	-0.245	0.000	-30.927	6.446
10319	1664.000	-0.393	-0.288	0.000	-30.531	1.742
10335	1664.000	-0.380	-0.338	0.000	-30.908	-2.847
10351	1664.000	-0.417	-0.062	0.000	-30.797	24.557
10367	1664.000	-0.398	-0.469	0.000	-30.435	-16.450
10383	1664.000	-0.379	-0.392	0.000	-30.696	-8.473
10399	1664.000	-0.407	-0.241	0.000	-30.688	6.600
10415	1664.000	-0.387	-0.161	0.000	-30.102	13.977
10431	1664.000	-0.392	-0.516	0.000	-30.391	-21.243
10447	1664.000	-0.352	-0.433	0.000	-30.361	-12.903
10463	1664.000	-0.334	-0.166	0.000	-30.341	13.724
10479	1664.000	-0.395	-0.152	0.000	-30.516	15.363
10495	1664.000	-0.380	-0.289	0.000	-31.091	2.218
10511	1664.000	-0.406	-0.296	0.000	-30.907	1.285
10527	1664.000	-0.337	-0.216	0.000	-30.090	8.465
10543	1664.000	-0.383	-0.184	0.000	-30.441	12.036
10559	1664.000	-0.381	-0.182	0.000	-30.082	11.929
10575	1664.000	-0.391	-0.273	0.000	-29.959	2.672
10591	1664.000	-0.305	-0.077	0.000	-29.992	22.291
10607	1664.000	-0.354	-0.201	0.000	-30.024	9.944
10623	1664.000	-0.365	-0.208	0.000	-29.964	9.139
11263	1664.000	-0.412	-0.535	0.000	-29.630	-23.919
11279	1664.000	-0.370	-0.164	0.000	-30.000	13.564
11295	1664.000	-0.381	-0.507	0.000	-30.274	-20.422
11311	1664.000	-0.345	-0.094	0.000	-29.552	20.184
11327	1664.000	-0.406	-0.456	0.000	-30.206	-15.440
11343	1664.000	-0.388	-0.260	0.000	-30.034	4.004
11359	1664.000	-0.373	-0.458	0.000	-29.273	-16.482
11375	1664.000	-0.321	-0.051	0.000	-29.664	24.519
11391	1664.000	-0.379	-0.081	0.000	-29.820	21.689
11407	1664.000	-0.379	-0.437	0.000	-29.362	-14.383
11423	1664.000	-0.380	-0.245	0.000	-29.376	4.898
11439	1664.000	-0.411	-0.119	0.000	-29.792	17.901
11455	1664.000	-0.372	-0.295	0.000	-30.250	0.714
11471	1664.000	-0.399	-0.538	0.000	-29.532	-24.302
11487	1664.000	-0.439	-0.437	0.000	-29.551	-14.142
11503	1664.000	-0.353	-0.198	0.000	-29.790	9.943
11519	1664.000	-0.379	-0.445	0.000	-29.638	-14.831
11535	1664.000	-0.295	-0.307	0.000	-29.343	-1.326
11551	1664.000	-0.419	-0.238	0.000	-29.709	5.882
11567	1664.000	-0.358	-0.094	0.000	-29.817	20.426
11583	1664.000	-0.387	-0.327	0.000	-29.277	-3.421
11599	1664.000	-0.369	-0.056	0.000	-30.241	24.665
11615	1664.000	-0.398	-0.452	0.000	-29.482	-15.765
11631	1664.000	-0.377	-0.445	0.000	-29.564	-14.942
11647	1664.000	-0.326	-0.108	0.000	-30.322	19.527
11663	1664.000	-0.355	-0.297	0.000	-29.279	-0.437
11679	1664.000	-0.369	-0.090	0.000	-29.651	20.617
11695	1664.000	-0.377	-0.412	0.000	-29.474	-11.768
11711	1664.000	-0.390	-0.480	0.000	-29.339	-18.613
11727	1664.000	-0.390	-0.431	0.000	-29.350	-13.719
11743	1664.000	-0.374	-0.483	0.000	-29.846	-18.468
11759	1664.000	-0.325	-0.142	0.000	-29.287	15.130
11775	1664.000	-0.384	-0.538	0.000	-29.289	-24.514
11791	1664.000	-0.411	-0.444	0.000	-29.753	-14.670
11807	1664.000	-0.404	-0.393	0.000	-29.318	-9.954
11823	1664.000	-0.343	-0.270	0.000	-29.491	2.487
11839	1664.000	-0.339	-0.152	0.000	-29.644	14.470
11855	1664.000	-0.332	-0.115	0.000	-29.794	18.245
11871	1664.000	-0.408	-0.529	0.000	-30.223	-22.688
11887	1664.000	-0.358	-0.079	0.000	-29.700	21.804
12527	1664.000	-0.297	-0.286	0.000	-24.235	-4.349
12543	1664.000	-0.297	-0.179	0.000	-23.727	5.807
12559	1664.000	-0.261	-0.119	0.000	-23.586	11.704
12575	1664.000	-0.259	-0.062	0.000	-23.848	17.635
12591	1664.000	-0.297	-0.114	0.000	-23.830	12.382
12607	1664.000	-0.271	-0.302	0.000	-23.498	-6.665
12623	1664.000	-0.291	-0.162	0.000	-23.882	7.716
12639	1664.000	-0.274	-0.191	0.000	-23.598	4.540
12655	1664.000	-0.270	-0.112	0.000	-23.498	12.250
12671	1664.000	-0.335	-0.424	0.000	-24.292	-18.114
12687	1664.000	-0.336	-0.242	0.000	-23.498	-0.667
12703	1664.000	-0.214	-0.100	0.000	-23.499	13.498
12719	1664.000	-0.338	-0.349	0.000	-23.587	-11.318
12735	1664.000	-0.259	-0.243	0.000	-23.596	-0.676
12751	1664.000	-0.272	-0.124	0.000	-23.498	11.096
12767	1664.000	-0.247	-0.160	0.000	-23.500	7.496
12783	1664.000	-0.244	-0.043	0.000	-24.019	19.711
12799	1664.000	-0.243	-0.310	0.000	-23.506	-7.467
12815	1664.000	-0.296	-0.063	0.000	-23.783	17.505
12831	1664.000	-0.337	-0.191	0.000	-23.998	4.927
12847	1664.000	-0.312	-0.424	0.000	-23.507	-18.886
12863	1664.000	-0.339	-0.167	0.000	-23.859	7.147
12879	1664.000	-0.300	-0.059	0.000	-23.743	17.879
12895	1664.000	-0.355	-0.473	0.000	-23.564	-23.725
12911	1664.000	-0.297	-0.043	0.000	-23.510	19.257
12927	1664.000	-0.285	-0.249	0.000	-23.653	-1.239
12943	1664.000	-0.278	-0.391	0.000	-23.670	-15.468
12959	1664.000	-0.289	-0.111	0.000	-23.500	12.397
12975	1664.000	-0.282	-0.421	0.000	-23.790	-18.337
12991	1664.000	-0.378	-0.327	0.000	-24.249	-8.478
13007	1664.000	-0.256	-0.034	0.000	-23.652	20.245
13023	1664.000	-0.321	-0.363	0.000	-23.572	-12.734
13039	1664.000	-0.306	-0.081	0.000	-23.759	15.707
13055	1664.000	-0.319	-0.467	0.000	-23.868	-22.827
13071	1664.000	-0.300	-0.199	0.000	-24.062	4.184
13087	1664.000	-0.320	-0.084	0.000	-23.687	15.246
13103	1664.000	-0.269	-0.442	0.000	-24.593	-19.630
13119	1664.000	-0.273	-0.149	0.000	-23.960	9.094
13135	1664.000	-0.270	-0.140	0.000	-23.635	9.619
13775	1664.000	-0.962	-0.683	0.000	-74.757	6.415
13791	1664.000	-0.967	-0.824	0.000	-74.120	-8.303
13807	1664.000	-0.911	-0.632	0.000	-74.120	10.942
13823	1664.000	-0.966	-0.735	0.000	-75.980	2.497
13839	1664.000	-0.943	-0.744	0.000	-74.120	-0.291
13855	1664.000	-0.924	-0.984	0.000	-74.150	-24.276
13871	1664.000	-0.930	-0.635	0.000	-74.120	10.631
13887	1664.000	-0.942	-0.693	0.000	-74.150	4.872
13903	1664.000	-0.937	-0.671	0.000	-75.054	7.986
13919	1664.000	-0.937	-0.701	0.000	-74.663	4.598
13935	1664.000	-0.926	-0.723	0.000	-74.558	2.226
13951	1664.000	-0.996	-0.883	0.000	-75.868	-12.398
13967	1664.000	-0.887	-0.545	0.000	-74.453	19.917
13983	1664.000	-0.906	-0.799	0.000	-74.740	-5.191
13999	1664.000	-0.958	-0.662	0.000	-74.120	7.932
14015	1664.000	-0.958	-0.984	0.000	-74.120	-24.233
14031	1664.000	-0.903	-0.799	0.000	-74.120	-5.790
14047	1664.000	-0.921	-0.886	0.000	-74.120	-14.444
14063	1664.000	-0.955	-0.587	0.000	-74.127	15.460
14079	1664.000	-0.890	-0.554	0.000	-74.120	18.746
14095	1664.000	-0.989	-0.877	0.000	-75.852	-11.867
14111	1664.000	-0.951	-0.566	0.000	-75.866	19.316
14127	1664.000	0.727	4.010	0.000	-74.149	-24.882
14143	1664.000	-0.903	-0.774	0.000	-75.421	-2.003
14159	1664.000	-0.787	-0.983	0.000	-76.776	-21.476
14175	1664.000	-0.912	-0.933	0.000	-74.120	-19.225
14191	1664.000	-0.963	-0.780	0.000	-76.431	-1.539
14207	1664.000	-0.967	-0.691	0.000	-74.138	5.016
14223	1664.000	-0.713	-0.523	0.000	-76.009	23.713
14239	1664.000	-0.572	-0.589	0.000	-76.584	17.661
14255	1664.000	-0.873	-0.539	0.000	-74.120	20.224
14271	1664.000	-0.903	-1.010	0.000	-76.614	-24.355
14287	1664.000	0.690	4.247	0.000	-75.749	0.440
14303	1664.000	-0.993	-0.905	0.000	-74.127	-16.348
14319	1664.000	-0.927	-0.890	0.000	-75.328	-13.643
14335	1664.000	-0.879	-0.835	0.000	-74.120	-9.380
14351	1664.000	-0.904	-0.876	0.000	-74.120	-13.435
14367	1664.000	-0.969	-0.685	0.000	-74.173	5.680
14383	1664.000	-0.930	-0.944	0.000	-74.127	-20.279
15	1665.000	-0.844	-0.363	0.173	-134.802	11.788
31	1665.000	-0.937	-1.158	0.000	-133.351	17.597
47	1665.000	-0.907	-1.153	0.037	-121.011	-12.690
63	1665.000	-0.612	-0.947	0.075	-121.609	-10.414
79	1665.000	-0.968	-1.157	0.049	-130.681	-9.754
95	1665.000	-0.904	-0.985	0.000	-121.011	22.465
111	1665.000	-0.866	-1.013	0.000	-125.153	23.888
127	1665.000	-0.991	-1.411	0.000	-121.011	-20.060
143	1665.000	-0.437	3.622	1.033	-131.314	-22.785
159	1665.000	-0.979	-1.373	0.000	-137.782	0.476
175	1665.000	-0.936	-0.997	0.053	-126.606	0.302
191	1665.000	-0.925	-1.167	0.069	-126.812	-24.216
207	1665.000	-0.945	-1.391	0.000	-126.244	-12.863
223	1665.000	-0.924	-1.211	0.000	-121.580	0.448
239	1665.000	-0.865	-0.943	0.074	-121.029	-10.244
255	1665.000	-1.004	-1.411	0.000	-121.011	-20.122
271	1665.000	-0.958	-1.439	0.000	-125.340	-18.567
287	1665.000	-0.788	-1.241	0.048	-129.560	-18.400
303	1665.000	-0.937	-1.030	0.000	-121.036	18.007
319	1665.000	-0.882	-1.060	0.000	-122.958	16.998
335	1665.000	-0.948	-1.262	0.000	-138.462	12.289
351	1665.000	-0.917	-1.132	0.000	-121.257	8.083
367	1665.000	-0.881	-1.170	0.045	-121.028	-18.312
383	1665.000	-1.005	-1.458	0.000	-132.721	-13.079
399	1665.000	-0.994	-1.396	0.000	-121.017	-18.601
415	1665.000	-0.863	-1.411	0.000	-123.303	-17.824
431	1665.000	-1.023	-1.498	0.000	-136.302	-13.449
447	1665.000	-0.973	-1.364	0.000	-122.254	-14.139
463	1665.000	-0.885	-0.815	0.058	-125.738	15.483
479	1665.000	-0.856	-0.630	0.082	-126.299	22.383
495	1665.000	-0.967	-1.157	0.000	-125.088	9.433
511	1665.000	-0.923	-1.058	0.062	-122.948	-13.994
527	1665.000	-0.957	-1.434	0.000	-121.058	-22.349
543	1665.000	-0.952	-1.448	0.000	-123.850	-20.938
559	1665.000	-0.977	-1.433	0.000	-122.737	-20.562
575	1665.000	-0.874	-1.219	0.036	-121.068	-18.914
591	1665.000	-0.990	-1.366	0.000	-127.508	-9.140
607	1665.000	-0.900	-1.072	0.000	-124.220	17.010
623	1665.000	-0.982	-1.333	0.000	-121.052	-12.257
1263	1665.000	-0.261	-0.041	0.000	-21.869	17.804
1279	1665.000	-0.247	-0.090	0.002	-21.757	11.998
1295	1665.000	-0.276	-0.387	0.000	-22.075	-16.626
1311	1665.000	-0.254	-0.115	0.000	-22.036	10.513
1327	1665.000	-0.255	0.002	0.000	-21.896	22.047
1343	1665.000	-0.252	0.026	0.074	-21.849	-12.270
1359	1665.000	-0.194	-0.056	0.000	-21.679	16.091
1375	1665.000	-0.285	-0.247	0.000	-21.867	-2.859
1391	1665.000	-0.245	-0.305	0.000	-21.707	-8.768
1407	1665.000	-0.233	-0.000	0.031	-21.747	6.169
1423	1665.000	-0.238	0.166	0.039	-22.133	19.053
1439	1665.000	-0.231	0.026	0.016	-22.186	16.682
1455	1665.000	-0.194	0.116	0.040	-21.732	13.502
1471	1665.000	-0.239	-0.230	0.000	-21.675	-1.356
1487	1665.000	-0.236	-0.082	0.060	-21.705	-16.582
1503	1665.000	-0.266	-0.204	0.045	-21.676	-21.341
1519	1665.000	-0.174	0.320	0.116	-21.792	-4.140
1535	1665.000	-0.114	0.340	0.140	-21.710	-14.475
1551	1665.000	-0.254	-0.249	0.000	-22.174	-2.708
1567	1665.000	-0.235	-0.048	0.000	-21.753	16.959
1583	1665.000	-0.156	0.289	0.106	-21.681	-2.530
1599	1665.000	-0.203	-0.014	0.066	-21.870	-12.557
1615	1665.000	-0.214	-0.080	0.058	-21.962	-14.909
1631	1665.000	-0.216	0.227	0.042	-21.712	23.683
1647	1665.000	-0.252	0.004	0.013	-21.782	15.831
1663	1665.000	-0.211	-0.055	0.000	-22.269	16.780
1679	1665.000	-0.260	-0.000	0.030	-21.680	6.581
1695	1665.000	-0.266	-0.128	0.000	-21.978	9.144
1711	1665.000	-0.099	0.743	0.201	-21.809	-4.189
1727	1665.000	-0.245	-0.337	0.000	-21.810	-11.929
1743	1665.000	-0.217	0.123	0.033	-21.869	17.780
1759	1665.000	-0.304	-0.180	0.000	-21.677	3.705
1775	1665.000	-0.271	-0.108	0.000	-21.927	11.137
1791	1665.000	-0.145	0.316	0.076	-22.153	15.919
1807	1665.000	-0.118	0.340	0.087	-21.735	12.153
1823	1665.000	-0.293	-0.334	0.000	-22.374	-10.981
1839	1665.000	-0.327	-0.200	0.009	-22.232	-2.397
1855	1665.000	-0.257	-0.246	0.000	-21.742	-2.849
1871	1665.000	-0.210	-0.078	0.017	-21.852	5.543
2511	1665.000	-0.393	-0.445	0.000	-29.699	-14.811
2527	1665.000	-0.394	-0.278	0.000	-29.980	2.186
2543	1665.000	-0.368	-0.099	0.000	-29.629	19.759
2559	1665.000	-0.411	-0.487	0.000	-29.029	-19.649
2575	1665.000	-0.265	0.169	0.054	-29.479	19.482
2591	1665.000	-0.273	0.264	0.076	-29.382	17.626
2607	1665.000	-0.400	-0.533	0.000	-29.247	-24.076
2623	1665.000	-0.335	-0.348	0.000	-29.310	-5.495
2639	1665.000	-0.371	-0.096	0.000	-29.508	19.898
2655	1665.000	-0.309	-0.029	0.097	-29.363	-22.218
2671	1665.000	-0.362	-0.055	0.041	-29.257	3.399
2687	1665.000	-0.294	0.124	0.040	-29.291	21.580
2703	1665.000	-0.354	-0.243	0.011	-29.187	-0.606
2719	1665.000	-0.334	-0.320	0.000	-29.112	-2.915
2735	1665.000	-0.418	-0.431	0.007	-29.367	-17.153
2751	1665.000	-0.308	-0.261	0.006	-29.163	-0.185
2767	1665.000	-0.258	0.372	0.141	-29.029	-4.425
2783	1665.000	-0.342	-0.161	0.053	-29.347	-13.052
2799	1665.000	-0.389	-0.370	0.004	-29.505	-9.247
2815	1665.000	-0.308	-0.176	0.000	-29.028	11.382
2831	1665.000	-0.282	0.016	0.050	-29.088	5.848
2847	1665.000	-0.288	0.020	0.068	-29.297	-2.751
2863	1665.000	-0.347	-0.266	0.000	-29.610	3.015
2879	1665.000	-0.351	-0.303	0.000	-29.096	-1.236
2895	1665.000	-0.316	0.002	0.057	-29.303	0.942
2911	1665.000	-0.354	-0.106	0.000	-29.509	18.901
2927	1665.000	-0.330	-0.155	0.071	-29.028	-22.071
2943	1665.000	-0.306	-0.005	0.103	-29.335	-22.621
2959	1665.000	-0.314	0.070	0.034	-29.835	19.903
2975	1665.000	-0.326	-0.153	0.073	-29.027	-22.930
2991	1665.000	-0.320	-0.173	0.000	-29.125	11.824
3007	1665.000	-0.349	-0.360	0.000	-29.025	-7.025
3023	1665.000	-0.355	-0.258	0.018	-29.105	-5.535
3039	1665.000	-0.197	0.534	0.159	-29.476	3.366
3055	1665.000	-0.392	-0.255	0.024	-29.465	-7.883
3071	1665.000	-0.353	-0.101	0.000	-29.445	19.322
3087	1665.000	-0.343	-0.151	0.029	-29.687	0.071
3103	1665.000	-0.272	0.259	0.127	-29.294	-8.158
3119	1665.000	-0.284	0.006	0.019	-29.627	20.683
3759	1665.000	-0.031	1.490	0.318	-29.053	19.012
3775	1665.000	-0.307	-0.432	0.000	-28.746	-14.438
3791	1665.000	-0.242	0.152	0.108	-28.783	-10.225
3807	1665.000	-0.360	-0.451	0.000	-28.743	-16.309
3823	1665.000	-0.376	-0.478	0.000	-28.827	-19.003
3839	1665.000	-0.358	-0.440	0.000	-28.939	-15.074
3855	1665.000	-0.165	0.683	0.154	-28.788	20.201
3871	1665.000	-0.367	-0.198	0.022	-29.019	-1.710
3887	1665.000	-0.359	-0.104	0.000	-28.941	18.569
3903	1665.000	-0.353	-0.066	0.000	-28.689	22.082
3919	1665.000	-0.366	-0.439	0.000	-29.031	-14.822
3935	1665.000	-0.260	0.098	0.076	-28.997	0.619
3951	1665.000	-0.392	-0.057	0.002	-29.061	22.142
3967	1665.000	-0.306	0.144	0.076	-29.157	5.713
3983	1665.000	-0.395	-0.430	0.000	-28.750	-14.445
3999	1665.000	-0.359	-0.291	0.000	-28.890	-0.195
4015	1665.000	-0.343	-0.230	0.000	-29.272	6.304
4031	1665.000	-0.348	-0.492	0.002	-28.839	-21.340
4047	1665.000	-0.363	-0.361	0.032	-29.271	-22.921
4063	1665.000	-0.296	-0.345	0.000	-28.993	-5.513
4079	1665.000	-0.367	-0.262	0.000	-28.836	2.612
4095	1665.000	-0.147	1.138	0.278	-29.220	4.165
4111	1665.000	-0.265	0.375	0.086	-29.195	23.949
4127	1665.000	-0.425	-0.495	0.000	-28.781	-20.682
4143	1665.000	-0.376	-0.334	0.016	-29.429	-12.054
4159	1665.000	-0.443	-0.497	0.001	-28.763	-21.414
4175	1665.000	-0.260	0.074	0.101	-29.226	-13.929
4191	1665.000	-0.411	-0.312	0.000	-29.106	-2.058
4207	1665.000	-0.164	0.923	0.248	-28.781	-2.897
4223	1665.000	-0.402	-0.316	0.004	-29.405	-4.101
4239	1665.000	-0.328	-0.405	0.000	-28.924	-11.566
4255	1665.000	-0.303	0.414	0.128	-28.899	6.515
4271	1665.000	-0.089	0.996	0.243	-29.130	6.983
4287	1665.000	-0.391	-0.404	0.008	-28.925	-15.729
4303	1665.000	-0.328	-0.160	0.022	-28.678	1.602
4319	1665.000	-0.358	-0.265	0.021	-28.805	-8.120
4335	1665.000	-0.368	-0.195	0.009	-29.074	4.930
4351	1665.000	-0.174	0.690	0.224	-28.711	-14.253
4367	1665.000	-0.350	0.037	0.071	-28.885	-2.768
5007	1665.000	-0.198	-0.001	0.070	-20.760	-14.130
5023	1665.000	-0.242	0.184	0.039	-20.841	19.672
5039	1665.000	-0.144	0.481	0.095	-20.761	21.247
5055	1665.000	-0.164	0.357	0.112	-20.677	0.269
5071	1665.000	-0.260	-0.353	0.000	-20.876	-14.437
5087	1665.000	-0.238	-0.319	0.018	-20.969	-20.167
5103	1665.000	-0.166	0.392	0.107	-20.855	6.659
5119	1665.000	-0.120	0.210	0.064	-20.964	9.789
5135	1665.000	0.051	1.328	0.286	-20.744	10.564
5151	1665.000	-0.200	0.025	0.021	-20.851	12.835
5167	1665.000	-0.275	0.071	0.050	-20.973	3.307
5183	1665.000	-0.217	0.011	0.004	-20.881	20.023
5199	1665.000	-0.252	-0.126	0.000	-21.186	8.579
5215	1665.000	-0.273	-0.185	0.000	-21.069	2.549
5231	1665.000	-0.256	-0.117	0.000	-20.847	9.170
5247	1665.000	-0.169	0.321	0.062	-21.234	22.216
5263	1665.000	-0.214	0.078	0.081	-21.125	-11.436
5279	1665.000	-0.278	-0.271	0.000	-20.815	-6.260
5295	1665.000	-0.234	0.167	0.079	-21.048	-1.644
5311	1665.000	-0.254	-0.147	0.000	-20.779	6.083
5327	1665.000	-0.291	-0.272	0.000	-21.263	-5.888
5343	1665.000	-0.308	-0.445	0.000	-21.071	-23.459
5359	1665.000	-0.189	0.204	0.124	-20.679	-21.037
5375	1665.000	-0.232	-0.127	0.000	-21.549	8.830
5391	1665.000	-0.211	-0.133	0.028	-20.750	-6.444
5407	1665.000	-0.237	0.013	0.000	-20.702	22.046
5423	1665.000	-0.182	0.309	0.071	-20.831	16.426
5439	1665.000	-0.289	-0.077	0.000	-20.877	13.204
5455	1665.000	-0.201	-0.079	0.071	-21.002	-22.208
5471	1665.000	-0.296	-0.197	0.000	-20.675	1.011
5487	1665.000	-0.180	0.406	0.079	-20.674	21.966
5503	1665.000	-0.259	-0.061	0.000	-20.808	14.662
5519	1665.000	-0.221	-0.054	0.000	-20.675	15.256
5535	1665.000	-0.124	0.464	0.119	-20.674	7.768
5551	1665.000	-0.113	0.639	0.178	-20.958	-3.982
5567	1665.000	-0.256	-0.058	0.038	-20.860	-4.109
5583	1665.000	-0.222	-0.014	0.028	-20.856	5.382
5599	1665.000	-0.117	0.420	0.108	-20.771	8.842
5615	1665.000	-0.251	-0.238	0.000	-20.809	-3.023
6271	1665.000	-0.913	-1.262	0.000	-122.170	-4.066
6287	1665.000	-0.990	-1.204	0.000	-130.290	9.845
6303	1665.000	-0.627	-1.131	0.000	-126.198	13.111
6319	1665.000	-0.827	-0.990	0.000	-122.868	23.843
6335	1665.000	-0.939	-1.232	0.000	-138.295	15.077
6351	1665.000	-1.030	-1.224	0.000	-138.296	15.911
6367	1665.000	-1.037	-1.328	0.000	-126.931	-5.834
6383	1665.000	-0.994	-1.312	0.000	-128.886	-2.326
6399	1665.000	-0.981	-1.415	0.021	-139.953	-11.796
6415	1665.000	-0.976	-1.154	0.050	-134.277	-6.318
6431	1665.000	-0.980	-1.409	0.000	-124.298	-16.645
6447	1665.000	-0.917	-0.986	0.097	-125.270	-21.960
6463	1665.000	-0.942	-0.996	0.000	-122.832	23.219
6479	1665.000	-1.010	-1.516	0.000	-130.722	-20.838
6495	1665.000	-1.025	-1.361	0.000	-122.743	-13.358
6511	1665.000	-0.937	-1.438	0.000	-122.853	-20.955
6527	1665.000	-0.887	-1.202	0.000	-131.262	11.019
6543	1665.000	-1.072	-1.483	0.000	-124.109	-24.182
6559	1665.000	-1.006	-1.389	0.000	-123.901	-14.949
6575	1665.000	-0.985	-1.288	0.014	-129.096	-6.603
6591	1665.000	-0.960	-1.248	0.000	-123.323	-1.472
6607	1665.000	-0.952	-1.383	0.000	-123.383	-14.900
6623	1665.000	-0.970	-1.109	0.000	-128.185	17.249
6639	1665.000	-1.004	-1.245	0.000	-123.340	-1.174
6655	1665.000	-1.009	-1.436	0.000	-124.119	-19.499
6671	1665.000	-0.903	-0.986	0.000	-122.178	23.565
6687	1665.000	-0.961	-0.989	0.000	-122.206	23.334
6703	1665.000	-0.910	-1.106	0.000	-123.937	13.351
6719	1665.000	-1.018	-1.359	0.000	-127.341	-8.582
6735	1665.000	-0.979	-1.351	0.000	-126.771	-8.321
6751	1665.000	-0.971	-1.160	0.000	-123.898	7.855
6767	1665.000	-0.939	-1.133	0.037	-137.351	5.662
6783	1665.000	-0.894	-1.081	0.046	-133.089	1.916
6799	1665.000	-0.994	-1.378	0.000	-124.804	-12.996
6815	1665.000	-0.949	-1.479	0.000	-140.101	-7.829
6831	1665.000	-1.019	-1.299	0.000	-130.705	0.846
6847	1665.000	-0.979	-1.081	0.002	-122.900	13.880
6863	1665.000	1.267	3.690	0.000	-136.209	5.218
6879	1665.000	1.259	3.707	0.000	-140.248	10.965
7519	1665.000	-0.968	-1.423	0.000	-119.646	-22.638
7535	1665.000	-0.835	-0.819	0.086	-125.093	-0.071
7551	1665.000	-0.839	-0.915	0.047	-120.118	5.100
7567	1665.000	-0.901	-0.999	0.000	-124.826	24.905
7583	1665.000	-0.661	-1.341	0.000	-132.086	-2.062
7599	1665.000	-0.944	-1.028	0.022	-122.876	9.243
7615	1665.000	-0.797	-1.221	0.000	-125.671	3.577
7631	1665.000	-0.922	-1.006	0.000	-120.197	19.575
7647	1665.000	-0.899	-1.170	0.000	-120.365	3.384
7663	1665.000	-0.962	-1.297	0.000	-121.749	-7.937
7679	1665.000	-0.849	-0.685	0.113	-119.690	-5.491
7695	1665.000	-0.908	-1.045	0.000	-120.371	15.882
7711	1665.000	-1.012	-1.334	0.000	-119.875	-13.500
7727	1665.000	-0.907	-1.240	0.000	-120.241	-3.761
7743	1665.000	-0.923	-1.220	0.000	-128.969	7.002
7759	1665.000	-0.875	-0.830	0.094	-119.620	-10.362
7775	1665.000	-0.968	-1.049	0.000	-121.163	16.239
7791	1665.000	-0.685	-1.648	0.000	-140.163	-24.631
7807	1665.000	-0.904	-1.337	0.038	-138.699	-14.045
7823	1665.000	-0.973	-1.193	0.000	-132.529	13.223
7839	1665.000	-0.884	-1.373	0.000	-123.697	-13.554
7855	1665.000	-0.943	-1.338	0.000	-135.205	1.361
7871	1665.000	-1.033	-1.334	0.000	-123.407	-10.034
7887	1665.000	-0.902	-1.155	0.000	-131.718	16.234
7903	1665.000	-0.941	-1.032	0.018	-128.169	15.790
7919	1665.000	-0.909	-1.408	0.000	-121.079	-19.712
7935	1665.000	-0.972	-1.022	0.000	-121.199	19.027
7951	1665.000	-0.935	-1.291	0.000	-129.748	0.612
7967	1665.000	-0.959	-1.065	0.000	-119.655	13.202
7983	1665.000	-0.874	-1.176	0.000	-119.654	2.068
7999	1665.000	-0.848	-0.770	0.089	-124.285	2.768
8015	1665.000	-0.874	-0.962	0.000	-120.124	23.890
8031	1665.000	-0.893	-0.902	0.075	-128.181	0.636
8047	1665.000	-0.925	-1.259	0.000	-131.135	5.240
8063	1665.000	-0.896	-1.021	0.000	-119.636	17.558
8079	1665.000	-0.848	-0.919	0.115	-132.278	-17.314
8095	1665.000	-0.910	-1.171	0.028	-119.620	-11.725
8111	1665.000	-0.577	-1.107	0.000	-119.642	8.895
8127	1665.000	-0.894	-0.938	0.019	-128.203	24.754
8767	1665.000	-0.292	-0.026	0.000	-24.158	21.569
8783	1665.000	-0.240	-0.007	0.000	-24.150	23.456
8799	1665.000	-0.357	-0.039	0.000	-24.507	20.618
8815	1665.000	-0.193	0.161	0.124	-24.307	-21.723
8831	1665.000	-0.258	0.289	0.070	-24.061	18.154
8847	1665.000	-0.297	-0.323	0.000	-24.284	-8.027
8863	1665.000	-0.290	-0.010	0.001	-24.100	22.729
8879	1665.000	-0.278	-0.282	0.029	-24.037	-18.896
8895	1665.000	-0.235	-0.032	0.067	-24.193	-12.536
8911	1665.000	-0.228	0.182	0.046	-24.214	19.212
8927	1665.000	-0.198	0.217	0.043	-24.008	24.446
8943	1665.000	-0.275	-0.173	0.000	-24.056	6.770
8959	1665.000	-0.307	-0.170	0.000	-24.269	7.258
8975	1665.000	-0.326	-0.203	0.000	-24.456	4.176
8991	1665.000	-0.268	0.209	0.043	-24.623	24.049
9007	1665.000	-0.309	-0.159	0.000	-24.541	8.690
9023	1665.000	-0.174	0.277	0.097	-25.043	4.435
9039	1665.000	-0.373	-0.420	0.006	-24.276	-20.974
9055	1665.000	-0.266	-0.058	0.034	-24.365	1.327
9071	1665.000	-0.300	0.163	0.051	-24.255	14.971
9087	1665.000	-0.259	-0.257	0.000	-23.988	-1.741
9103	1665.000	-0.374	-0.384	0.000	-23.980	-14.418
9119	1665.000	-0.300	-0.271	0.001	-24.442	-2.994
9135	1665.000	-0.336	-0.480	0.000	-23.982	-24.037
9151	1665.000	-0.356	-0.287	0.020	-24.212	-14.779
9167	1665.000	-0.280	-0.075	0.051	-24.130	-8.687
9183	1665.000	-0.102	0.819	0.239	-24.114	-13.350
9199	1665.000	-0.350	-0.251	0.000	-24.398	-0.676
9215	1665.000	-0.274	-0.163	0.000	-23.982	7.672
9231	1665.000	-0.197	0.491	0.111	-23.980	17.442
9247	1665.000	-0.091	0.757	0.188	-24.343	5.876
9263	1665.000	-0.259	0.148	0.054	-24.015	11.938
9279	1665.000	-0.291	0.089	0.065	-24.242	0.660
9295	1665.000	-0.282	0.172	0.061	-24.194	11.141
9311	1665.000	-0.311	-0.105	0.000	-24.309	13.840
9327	1665.000	-0.252	0.044	0.091	-24.329	-16.654
9343	1665.000	-0.328	-0.467	0.000	-24.131	-22.606
9359	1665.000	-0.332	-0.084	0.000	-24.447	16.064
9375	1665.000	-0.280	0.139	0.089	-24.229	-6.556
10015	1665.000	-0.236	0.079	0.053	-28.768	9.987
10031	1665.000	-0.339	-0.309	0.014	-28.733	-9.314
10047	1665.000	-0.197	0.674	0.145	-28.873	23.953
10063	1665.000	-0.361	-0.490	0.000	-29.051	-19.965
10079	1665.000	-0.326	-0.235	0.000	-28.740	5.229
10095	1665.000	-0.350	-0.254	0.007	-29.244	0.476
10111	1665.000	-0.296	-0.169	0.021	-29.144	1.553
10127	1665.000	-0.203	0.685	0.184	-29.045	5.766
10143	1665.000	-0.207	0.604	0.173	-28.909	2.683
10159	1665.000	-0.358	-0.130	0.000	-28.853	15.876
10175	1665.000	-0.383	-0.249	0.000	-28.913	3.978
10191	1665.000	-0.376	-0.460	0.000	-29.032	-16.952
10207	1665.000	-0.159	1.328	0.309	-28.728	6.912
10223	1665.000	-0.302	-0.047	0.029	-28.841	9.540
10239	1665.000	-0.354	-0.355	0.033	-29.081	-23.027
10255	1665.000	-0.365	-0.229	0.000	-29.223	6.292
10271	1665.000	-0.309	0.274	0.074	-28.865	19.495
10287	1665.000	-0.264	0.058	0.114	-29.063	-22.325
10303	1665.000	-0.391	-0.529	0.000	-29.612	-23.242
10319	1665.000	-0.264	0.330	0.085	-29.253	19.905
10335	1665.000	-0.357	-0.322	0.014	-29.595	-9.680
10351	1665.000	-0.412	-0.391	0.000	-29.494	-9.598
10367	1665.000	-0.283	0.224	0.078	-29.167	12.720
10383	1665.000	-0.095	1.210	0.343	-29.402	-21.286
10399	1665.000	-0.395	-0.245	0.000	-29.395	4.911
10415	1665.000	-0.233	0.569	0.167	-28.865	2.026
10431	1665.000	-0.272	0.299	0.111	-29.127	3.748
10447	1665.000	-0.354	-0.259	0.000	-29.100	3.191
10463	1665.000	-0.321	-0.348	0.016	-29.082	-13.949
10479	1665.000	-0.320	-0.071	0.063	-29.240	-9.221
10495	1665.000	-0.354	-0.203	0.000	-29.760	9.438
10511	1665.000	-0.394	-0.215	0.006	-29.594	4.905
10527	1665.000	-0.185	0.652	0.168	-28.854	10.255
10543	1665.000	-0.389	-0.497	0.008	-29.172	-24.465
10559	1665.000	-0.279	0.056	0.075	-28.847	-3.070
10575	1665.000	-0.365	-0.423	0.001	-28.736	-13.891
10591	1665.000	-0.306	-0.338	0.000	-28.765	-5.019
10607	1665.000	-0.295	0.034	0.086	-28.795	-10.769
10623	1665.000	-0.366	-0.386	0.016	-28.740	-17.586
11263	1665.000	-0.332	0.030	0.063	-28.401	-0.288
11279	1665.000	-0.274	0.338	0.092	-28.737	16.749
11295	1665.000	-0.319	-0.104	0.080	-28.984	-21.419
11311	1665.000	-0.324	-0.260	0.052	-28.330	-23.654
11327	1665.000	-0.331	0.125	0.063	-28.923	9.792
11343	1665.000	-0.306	0.162	0.052	-28.767	18.824
11359	1665.000	-0.286	0.020	0.051	-28.078	4.502
11375	1665.000	-0.347	-0.497	0.000	-28.432	-21.311
11391	1665.000	-0.391	-0.511	0.000	-28.573	-22.536
11407	1665.000	-0.316	-0.132	0.057	-28.159	-13.531
11423	1665.000	-0.352	-0.137	0.020	-28.172	4.305
11439	1665.000	-0.391	-0.317	0.001	-28.548	-3.480
11455	1665.000	-0.355	-0.309	0.000	-28.962	-1.970
11471	1665.000	-0.392	-0.512	0.000	-28.313	-22.884
11487	1665.000	-0.400	-0.268	0.015	-28.330	-5.736
11503	1665.000	-0.290	0.094	0.055	-28.546	10.271
11519	1665.000	-0.344	-0.299	0.035	-28.408	-19.034
11535	1665.000	-0.321	-0.364	0.000	-28.141	-8.223
11551	1665.000	-0.144	1.175	0.296	-28.473	-2.141
11567	1665.000	-0.351	-0.424	0.000	-28.571	-13.792
11583	1665.000	-0.257	0.364	0.162	-28.082	-16.458
11599	1665.000	-0.381	-0.428	0.000	-28.954	-13.816
11615	1665.000	-0.294	0.169	0.057	-28.268	16.741
11631	1665.000	-0.358	-0.114	0.000	-28.342	16.908
11647	1665.000	-0.296	-0.185	0.065	-29.028	-21.928
11663	1665.000	-0.165	0.866	0.193	-28.084	18.465
11679	1665.000	-0.349	-0.374	0.000	-28.421	-8.958
11695	1665.000	-0.232	0.470	0.101	-28.260	24.885
11711	1665.000	-0.322	-0.096	0.060	-28.138	-11.437
11727	1665.000	-0.363	-0.144	0.027	-28.148	0.313
11743	1665.000	-0.328	-0.123	0.011	-28.597	10.950
11759	1665.000	-0.232	0.318	0.070	-28.091	24.915
11775	1665.000	-0.221	0.666	0.159	-28.093	15.220
11791	1665.000	-0.390	-0.085	0.000	-28.513	20.045
11807	1665.000	-0.352	-0.114	0.000	-28.119	16.699
11823	1665.000	-0.313	-0.359	0.035	-28.276	-24.952
11839	1665.000	-0.120	0.824	0.207	-28.414	7.376
11855	1665.000	-0.287	0.050	0.041	-28.550	13.257
11871	1665.000	-0.367	-0.124	0.000	-28.938	16.579
11887	1665.000	-0.342	-0.347	0.000	-28.464	-6.279
12527	1665.000	-0.279	-0.201	0.000	-23.206	3.087
12543	1665.000	-0.214	0.035	0.082	-22.746	-14.701
12559	1665.000	-0.281	-0.290	0.000	-22.619	-6.374
12575	1665.000	-0.203	-0.051	0.039	-22.856	-1.884
12591	1665.000	-0.275	-0.311	0.017	-22.839	-16.892
12607	1665.000	-0.269	-0.174	0.000	-22.539	5.142
12623	1665.000	-0.274	-0.143	0.026	-22.886	-4.225
12639	1665.000	-0.198	0.137	0.040	-22.629	16.239
12655	1665.000	-0.288	-0.463	0.000	-22.539	-23.751
12671	1665.000	-0.196	0.480	0.129	-23.257	6.590
12687	1665.000	-0.356	-0.460	0.000	-22.539	-23.461
12703	1665.000	-0.179	-0.041	0.000	-22.540	18.477
12719	1665.000	-0.336	-0.450	0.000	-22.619	-22.420
12735	1665.000	-0.198	0.003	0.084	-22.627	-18.921
12751	1665.000	-0.082	0.691	0.194	-22.539	-5.380
12767	1665.000	-0.248	-0.059	0.000	-22.541	16.655
12783	1665.000	-0.242	-0.018	0.000	-23.010	21.202
12799	1665.000	-0.174	0.238	0.053	-22.546	19.601
12815	1665.000	-0.298	-0.307	0.000	-22.797	-7.933
12831	1665.000	-0.319	-0.130	0.000	-22.992	9.992
12847	1665.000	-0.291	-0.144	0.000	-22.547	8.138
12863	1665.000	-0.291	-0.048	0.000	-22.865	18.056
12879	1665.000	-0.158	0.484	0.121	-22.761	10.550
12895	1665.000	-0.277	0.193	0.057	-22.599	13.636
12911	1665.000	-0.252	0.013	0.000	-22.550	23.864
12927	1665.000	-0.251	-0.119	0.000	-22.680	10.827
12943	1665.000	-0.064	0.874	0.196	-22.694	12.117
12959	1665.000	-0.228	-0.012	0.079	-22.541	-17.971
12975	1665.000	-0.256	-0.048	0.000	-22.803	17.967
12991	1665.000	-0.329	-0.254	0.042	-23.218	-23.014
13007	1665.000	-0.168	0.291	0.106	-22.678	-1.299
13023	1665.000	-0.308	-0.386	0.000	-22.606	-15.974
13039	1665.000	-0.203	0.449	0.098	-22.775	18.854
13055	1665.000	-0.298	-0.225	0.003	-22.874	-0.959
13071	1665.000	-0.292	-0.149	0.000	-23.049	8.127
13087	1665.000	-0.287	-0.148	0.000	-22.710	7.922
13103	1665.000	-0.246	-0.117	0.055	-23.530	-15.504
13119	1665.000	-0.209	0.206	0.062	-22.957	12.688
13135	1665.000	-0.014	1.176	0.231	-22.663	24.983
13775	1665.000	-0.956	-1.057	0.000	-122.072	16.363
13791	1665.000	-0.978	-1.003	0.000	-121.496	21.217
13807	1665.000	-0.994	-1.526	0.000	-132.450	-20.197
13823	1665.000	-0.982	-0.997	0.000	-123.180	23.482
13839	1665.000	-0.962	-1.068	0.000	-121.496	14.659
13855	1665.000	-0.978	-1.300	0.025	-126.729	-16.007
13871	1665.000	-0.902	-0.770	0.086	-121.496	1.275
13887	1665.000	-0.961	-1.205	0.000	-121.523	1.038
13903	1665.000	-0.943	-1.088	0.000	-127.547	18.770
13919	1665.000	-0.957	-1.250	0.000	-121.987	-3.049
13935	1665.000	-0.962	-1.161	0.000	-121.892	5.841
13951	1665.000	-1.050	-1.391	0.000	-134.032	-5.113
13967	1665.000	-0.950	-1.466	0.000	-121.797	-24.818
13983	1665.000	-0.926	-1.243	0.000	-122.057	-2.289
13999	1665.000	-0.998	-1.233	0.000	-125.559	2.257
14015	1665.000	-0.991	-1.442	0.000	-121.496	-22.714
14031	1665.000	-0.800	-0.534	0.165	-136.513	0.482
14047	1665.000	-0.899	-0.918	0.093	-134.107	-4.044
14063	1665.000	-0.995	-1.312	0.000	-121.502	-9.673
14079	1665.000	-0.864	-0.795	0.068	-127.490	14.154
14095	1665.000	-0.966	-0.910	0.038	-134.017	23.803
14111	1665.000	-0.977	-1.142	0.000	-123.076	8.865
14127	1665.000	1.269	3.478	0.000	-135.559	-16.690
14143	1665.000	-0.949	-1.331	0.020	-122.673	-20.365
14159	1665.000	-0.353	3.894	1.000	-123.899	13.308
14175	1665.000	-0.922	-1.099	0.000	-127.489	17.580
14191	1665.000	-1.040	-1.497	0.000	-130.724	-19.020
14207	1665.000	-0.959	-1.217	0.041	-121.512	-20.834
14223	1665.000	-0.777	-1.341	0.000	-123.205	-10.911
14239	1665.000	-0.693	-1.296	0.000	-147.564	17.968
14255	1665.000	-0.924	-1.242	0.000	-121.496	-2.739
14271	1665.000	-0.940	-1.308	0.000	-129.747	-1.063
14287	1665.000	1.284	3.788	0.000	-141.069	19.904
14303	1665.000	-1.032	-1.369	0.000	-126.708	-10.211
14319	1665.000	-0.993	-1.467	0.000	-133.543	-13.126
14335	1665.000	-0.871	-0.872	0.047	-131.975	21.175
14351	1665.000	-0.956	-1.180	0.000	-126.702	8.678
14367	1665.000	-0.947	-0.885	0.027	-125.607	23.791
14383	1665.000	-0.977	-1.227	0.000	-135.257	12.604
