# NEST version: 3.6.0-post0.dev0
# RecordingBackendASCII version: 2
sender	time_ms	V_m	I_tot	I_exc	I_inh	I_noise
2	1662.000	-0.978	-0.762	0.000	-78.555	2.401
18	1662.000	-0.998	-0.870	0.000	-81.072	-5.969
34	1662.000	-1.055	-0.792	0.000	-81.732	2.486
50	1662.000	-0.965	-0.771	0.000	-78.555	1.485
66	1662.000	-0.975	-0.576	0.000	-80.502	22.859
82	1662.000	-1.031	-0.578	0.000	-82.060	24.297
98	1662.000	-0.957	-0.606	0.000	-78.555	17.931
114	1662.000	-1.017	-0.783	0.000	-78.668	0.418
130	1662.000	-0.938	-0.570	0.000	-79.574	22.584
146	1662.000	-0.631	-0.978	0.000	-79.219	-18.536
162	1662.000	-0.983	-0.839	0.000	-78.625	-5.309
178	1662.000	-0.702	-0.878	0.000	-78.555	-9.286
194	1662.000	-1.115	-0.782	0.000	-84.022	5.851
210	1662.000	-0.952	-0.577	0.000	-78.572	20.907
226	1662.000	-0.747	-0.654	0.000	-78.555	13.136
242	1662.000	-1.038	-0.959	0.000	-80.949	-14.965
258	1662.000	-1.026	-0.921	0.000	-78.555	-13.516
274	1662.000	-0.941	-0.747	0.000	-78.562	3.905
290	1662.000	-1.052	-0.643	0.000	-78.572	14.315
306	1662.000	-0.952	-0.932	0.000	-78.555	-14.640
322	1662.000	-0.940	-0.748	0.000	-78.555	3.713
338	1662.000	-1.009	-0.696	0.000	-78.555	8.914
354	1662.000	-0.986	-0.827	0.000	-81.227	-1.521
370	1662.000	-1.017	-1.012	0.000	-79.328	-21.840
386	1662.000	-1.019	-0.923	0.000	-80.701	-11.569
402	1662.000	-1.024	-0.976	0.000	-81.659	-15.905
418	1662.000	-1.019	-0.702	0.000	-80.180	9.932
434	1662.000	-1.007	-0.637	0.000	-79.338	15.687
450	1662.000	-0.988	-1.025	0.000	-78.555	-23.961
466	1662.000	-1.032	-0.568	0.000	-80.643	23.814
482	1662.000	-0.971	-0.805	0.000	-78.555	-1.902
498	1662.000	-0.999	-0.947	0.000	-78.596	-16.074
514	1662.000	-0.657	-0.582	0.000	-78.601	20.352
530	1662.000	-1.036	-0.999	0.000	-78.577	-21.339
546	1662.000	-1.017	-0.802	0.000	-78.564	-1.629
562	1662.000	-1.012	-0.932	0.000	-79.228	-14.007
578	1662.000	-0.561	-0.541	0.000	-78.577	24.454
594	1662.000	-0.750	-1.011	0.000	-79.284	-21.767
610	1662.000	-1.057	-0.632	0.000	-82.596	19.355
1266	1662.000	-0.345	-0.273	0.000	-25.230	-2.092
1282	1662.000	-0.313	-0.436	0.000	-24.866	-18.735
1298	1662.000	-0.308	-0.363	0.000	-24.884	-11.374
1314	1662.000	-0.255	-0.008	0.000	-24.802	24.025
1330	1662.000	-0.321	-0.440	0.000	-24.650	-19.386
1346	1662.000	-0.326	-0.007	0.000	-25.132	24.451
1362	1662.000	-0.295	-0.144	0.000	-25.295	10.883
1378	1662.000	-0.338	-0.450	0.000	-24.664	-20.350
1394	1662.000	-0.306	-0.317	0.000	-24.715	-6.943
1410	1662.000	-0.279	-0.044	0.000	-24.606	20.170
1426	1662.000	-0.345	-0.310	0.000	-24.718	-6.311
1442	1662.000	-0.293	-0.172	0.000	-24.660	7.490
1458	1662.000	-0.290	-0.312	0.000	-24.886	-6.320
1474	1662.000	-0.305	-0.079	0.000	-24.781	16.882
1490	1662.000	-0.312	-0.452	0.000	-24.743	-20.445
1506	1662.000	-0.310	-0.323	0.000	-24.606	-7.739
1522	1662.000	-0.341	-0.470	0.000	-24.606	-22.400
1538	1662.000	-0.278	-0.487	0.000	-24.649	-24.024
1554	1662.000	-0.280	-0.394	0.000	-24.646	-14.790
1570	1662.000	-0.331	-0.245	0.000	-24.840	0.311
1586	1662.000	-0.301	-0.439	0.000	-25.636	-18.250
1602	1662.000	-0.348	-0.343	0.000	-25.129	-9.168
1618	1662.000	-0.344	-0.123	0.000	-24.823	12.569
1634	1662.000	-0.332	-0.391	0.000	-24.736	-14.324
1650	1662.000	-0.251	-0.277	0.000	-24.918	-2.781
1666	1662.000	-0.294	-0.034	0.000	-25.226	21.843
1682	1662.000	-0.315	-0.112	0.000	-24.796	13.622
1698	1662.000	-0.294	-0.064	0.000	-24.749	18.388
1714	1662.000	-0.316	-0.322	0.000	-25.323	-6.886
1730	1662.000	-0.290	-0.473	0.000	-24.565	-22.757
1746	1662.000	-0.294	-0.162	0.000	-24.755	8.574
1762	1662.000	-0.296	-0.094	0.000	-24.688	15.256
1778	1662.000	-0.286	-0.118	0.000	-24.606	12.759
1794	1662.000	-0.293	-0.351	0.000	-24.674	-10.378
1810	1662.000	-0.278	-0.028	0.000	-24.736	21.974
1826	1662.000	-0.320	-0.153	0.000	-24.993	9.683
1842	1662.000	-0.306	-0.039	0.000	-25.737	21.854
1858	1662.000	-0.312	-0.002	0.000	-25.061	24.905
1874	1662.000	-0.339	-0.056	0.000	-25.532	19.941
2514	1662.000	-0.387	-0.237	0.000	-33.318	9.592
2530	1662.000	-0.392	-0.477	0.000	-33.076	-14.623
2546	1662.000	-0.457	-0.478	0.000	-33.638	-14.199
2562	1662.000	-0.411	-0.248	0.000	-33.118	8.290
2578	1662.000	-0.448	-0.321	0.000	-33.822	1.739
2594	1662.000	-0.374	-0.163	0.000	-33.443	17.184
2610	1662.000	-0.420	-0.324	0.000	-32.893	0.519
2626	1662.000	-0.365	-0.224	0.000	-33.246	10.810
2642	1662.000	-0.416	-0.377	0.000	-33.749	-3.903
2658	1662.000	-0.436	-0.563	0.000	-33.118	-23.222
2674	1662.000	-0.431	-0.579	0.000	-32.942	-24.920
2690	1662.000	-0.449	-0.237	0.000	-33.787	10.128
2706	1662.000	-0.394	-0.096	0.000	-33.174	23.615
2722	1662.000	-0.420	-0.336	0.000	-33.826	0.258
2738	1662.000	-0.463	-0.522	0.000	-33.484	-18.669
2754	1662.000	-0.413	-0.282	0.000	-32.889	4.654
2770	1662.000	-0.451	-0.101	0.000	-33.460	23.386
2786	1662.000	-0.384	-0.407	0.000	-33.073	-7.669
2802	1662.000	-0.416	-0.379	0.000	-33.010	-4.877
2818	1662.000	-0.372	-0.284	0.000	-33.086	4.733
2834	1662.000	-0.378	-0.231	0.000	-33.108	10.044
2850	1662.000	-0.393	-0.207	0.000	-33.009	12.286
2866	1662.000	-0.386	-0.535	0.000	-33.263	-20.260
2882	1662.000	-0.457	-0.331	0.000	-33.589	0.485
2898	1662.000	-0.406	-0.213	0.000	-32.992	11.697
2914	1662.000	-0.436	-0.404	0.000	-33.832	-6.551
2930	1662.000	-0.420	-0.549	0.000	-33.132	-21.757
2946	1662.000	-0.408	-0.376	0.000	-32.938	-4.643
2962	1662.000	-0.428	-0.228	0.000	-34.016	11.203
2978	1662.000	-0.395	-0.113	0.000	-33.160	21.829
2994	1662.000	-0.386	-0.209	0.000	-33.295	12.438
3010	1662.000	-0.450	-0.448	0.000	-33.990	-10.780
3026	1662.000	-0.430	-0.351	0.000	-32.990	-2.096
3042	1662.000	-0.455	-0.551	0.000	-33.098	-21.955
3058	1662.000	-0.381	-0.265	0.000	-33.239	6.704
3074	1662.000	-0.393	-0.290	0.000	-33.060	4.045
3090	1662.000	-0.429	-0.321	0.000	-33.608	1.548
3106	1662.000	-0.408	-0.546	0.000	-33.823	-20.759
3122	1662.000	-0.393	-0.211	0.000	-33.839	12.788
3762	1662.000	-0.396	-0.147	0.000	-32.790	18.103
3778	1662.000	-0.424	-0.572	0.000	-32.793	-24.455
3794	1662.000	-0.438	-0.552	0.000	-33.065	-22.096
3810	1662.000	-0.402	-0.134	0.000	-32.783	19.388
3826	1662.000	-0.375	-0.186	0.000	-33.074	14.439
3842	1662.000	-0.390	-0.240	0.000	-33.067	9.032
3858	1662.000	-0.507	-0.565	0.000	-32.814	-23.701
3874	1662.000	-0.378	-0.256	0.000	-32.668	7.060
3890	1662.000	-0.362	-0.167	0.000	-33.369	16.677
3906	1662.000	-0.381	-0.150	0.000	-33.005	17.987
3922	1662.000	-0.407	-0.351	0.000	-32.794	-2.268
3938	1662.000	-0.437	-0.154	0.000	-33.201	17.796
3954	1662.000	-0.400	-0.449	0.000	-32.920	-12.005
3970	1662.000	-0.403	-0.130	0.000	-33.440	20.432
3986	1662.000	-0.441	-0.533	0.000	-33.109	-20.215
4002	1662.000	-0.410	-0.186	0.000	-32.896	14.304
4018	1662.000	-0.447	-0.523	0.000	-33.128	-19.217
4034	1662.000	-0.392	-0.102	0.000	-32.814	22.607
4050	1662.000	-0.448	-0.305	0.000	-32.859	2.383
4066	1662.000	-0.436	-0.442	0.000	-32.780	-11.404
4082	1662.000	-0.465	-0.541	0.000	-32.816	-21.317
4098	1662.000	-0.375	-0.203	0.000	-33.544	13.217
4114	1662.000	-0.390	-0.537	0.000	-32.787	-20.913
4130	1662.000	-0.440	-0.530	0.000	-32.762	-20.188
4146	1662.000	-0.435	-0.437	0.000	-33.219	-10.527
4162	1662.000	-0.401	-0.104	0.000	-32.790	22.340
4178	1662.000	-0.421	-0.078	0.000	-32.804	24.967
4194	1662.000	-0.437	-0.472	0.000	-32.651	-14.568
4210	1662.000	-0.405	-0.076	0.000	-32.474	24.911
4226	1662.000	-0.403	-0.371	0.000	-32.914	-4.190
4242	1662.000	-0.377	-0.200	0.000	-32.638	12.649
4258	1662.000	-0.351	-0.134	0.000	-32.460	19.096
4274	1662.000	-0.402	-0.414	0.000	-33.509	-7.849
4290	1662.000	-0.404	-0.227	0.000	-32.553	9.898
4306	1662.000	-0.438	-0.127	0.000	-32.506	19.844
4322	1662.000	-0.399	-0.441	0.000	-32.912	-11.191
4338	1662.000	-0.370	-0.236	0.000	-32.892	9.304
4354	1662.000	-0.346	-0.368	0.000	-32.459	-4.322
4370	1662.000	-0.415	-0.193	0.000	-33.007	13.737
5010	1662.000	-0.325	-0.065	0.000	-23.434	16.960
5026	1662.000	-0.284	-0.087	0.000	-23.432	14.690
5042	1662.000	-0.275	-0.014	0.000	-23.769	22.340
5058	1662.000	-0.256	-0.162	0.000	-23.708	7.539
5074	1662.000	-0.286	-0.362	0.000	-23.516	-12.658
5090	1662.000	-0.343	-0.086	0.000	-23.707	15.067
5106	1662.000	-0.270	-0.379	0.000	-23.536	-14.389
5122	1662.000	-0.310	-0.095	0.000	-23.514	14.033
5138	1662.000	-0.315	-0.184	0.000	-24.134	5.700
5154	1662.000	-0.279	-0.168	0.000	-23.702	6.859
5170	1662.000	-0.333	-0.354	0.000	-23.746	-11.694
5186	1662.000	-0.299	-0.189	0.000	-24.161	5.237
5202	1662.000	-0.281	0.010	0.000	-23.721	24.742
5218	1662.000	-0.343	-0.276	0.000	-23.567	-4.027
5234	1662.000	-0.319	-0.348	0.000	-23.964	-10.788
5250	1662.000	-0.275	-0.268	0.000	-23.883	-2.931
5266	1662.000	-0.358	-0.394	0.000	-24.218	-15.207
5282	1662.000	-0.349	-0.263	0.000	-23.604	-2.706
5298	1662.000	-0.363	-0.381	0.000	-23.852	-14.221
5314	1662.000	-0.286	-0.417	0.000	-23.692	-18.031
5330	1662.000	-0.303	-0.287	0.000	-24.171	-4.534
5346	1662.000	-0.279	-0.140	0.000	-23.718	9.750
5362	1662.000	-0.281	-0.396	0.000	-23.482	-16.167
5378	1662.000	-0.333	-0.316	0.000	-24.693	-6.951
5394	1662.000	-0.333	-0.271	0.000	-23.924	-3.134
5410	1662.000	-0.242	-0.327	0.000	-23.435	-9.221
5426	1662.000	-0.251	-0.329	0.000	-24.328	-8.553
5442	1662.000	-0.314	-0.296	0.000	-23.431	-6.189
5458	1662.000	-0.247	-0.165	0.000	-23.425	6.938
5474	1662.000	-0.317	-0.043	0.000	-23.752	19.409
5490	1662.000	-0.296	-0.462	0.000	-23.431	-22.763
5506	1662.000	-0.309	-0.405	0.000	-23.514	-17.016
5522	1662.000	-0.326	-0.377	0.000	-23.530	-14.183
5538	1662.000	-0.284	-0.025	0.000	-23.425	20.879
5554	1662.000	-0.231	-0.217	0.000	-23.853	2.182
5570	1662.000	-0.303	-0.355	0.000	-23.603	-11.847
5586	1662.000	-0.319	-0.390	0.000	-23.432	-15.536
5602	1662.000	-0.289	-0.284	0.000	-23.590	-4.788
5618	1662.000	-0.323	-0.434	0.000	-23.730	-19.694
6258	1662.000	-0.964	-0.881	0.000	-81.339	-6.746
6274	1662.000	-1.098	-0.980	0.000	-82.313	-15.723
6290	1662.000	-0.939	-0.931	0.000	-81.336	-11.745
6306	1662.000	-0.966	-0.880	0.000	-81.362	-6.678
6322	1662.000	-0.965	-0.852	0.000	-81.316	-3.839
6338	1662.000	-1.017	-0.651	0.000	-81.317	16.205
6354	1662.000	-1.036	-0.917	0.000	-81.678	-10.050
6370	1662.000	-1.042	-0.697	0.000	-84.170	14.452
6386	1662.000	-1.030	-0.740	0.000	-81.316	7.305
6402	1662.000	-0.725	-0.942	0.000	-81.317	-12.892
6418	1662.000	-1.073	-0.997	0.000	-83.843	-15.892
6434	1662.000	-1.060	-0.989	0.000	-84.429	-14.470
6450	1662.000	-1.026	-0.958	0.000	-81.317	-14.503
6466	1662.000	-1.051	-0.910	0.000	-84.356	-6.677
6482	1662.000	-1.048	-0.886	0.000	-82.224	-6.417
6498	1662.000	-0.976	-0.586	0.000	-81.678	23.112
6514	1662.000	-0.944	-0.868	0.000	-81.317	-5.513
6530	1662.000	-1.003	-0.674	0.000	-81.372	13.959
6546	1662.000	-1.063	-0.999	0.000	-82.949	-16.925
6562	1662.000	-1.027	-0.692	0.000	-81.317	12.149
6578	1662.000	-0.987	-1.013	0.000	-81.349	-19.953
6594	1662.000	-1.023	-0.808	0.000	-81.345	0.574
6610	1662.000	-1.060	-0.887	0.000	-81.735	-6.986
6626	1662.000	-0.969	-0.647	0.000	-82.055	17.324
6642	1662.000	-1.022	-0.969	0.000	-82.100	-14.757
6658	1662.000	-1.042	-0.707	0.000	-82.999	12.330
6674	1662.000	-1.066	-0.834	0.000	-81.348	-2.016
6690	1662.000	-0.977	-0.662	0.000	-81.337	15.144
6706	1662.000	-0.983	-1.065	0.000	-82.145	-24.323
6722	1662.000	-1.034	-0.861	0.000	-81.316	-4.762
6738	1662.000	-0.982	-0.611	0.000	-81.353	20.208
6754	1662.000	-1.128	-0.999	0.000	-84.281	-15.637
6770	1662.000	-1.015	-1.038	0.000	-81.317	-22.448
6786	1662.000	-1.074	-0.663	0.000	-81.317	15.037
6802	1662.000	-1.022	-0.597	0.000	-83.383	23.693
6818	1662.000	-0.947	-0.588	0.000	-83.637	24.831
6834	1662.000	-0.714	-0.782	0.000	-81.317	3.074
6850	1662.000	-1.021	-0.618	0.000	-83.413	21.661
6866	1662.000	-1.014	-0.774	0.000	-82.178	4.784
7522	1662.000	-0.978	-0.751	0.000	-79.209	4.062
7538	1662.000	-1.007	-0.981	0.000	-79.505	-18.627
7554	1662.000	-0.987	-0.663	0.000	-78.453	12.158
7570	1662.000	-0.939	-0.806	0.000	-78.479	-2.138
7586	1662.000	-1.040	-1.044	0.000	-79.440	-24.985
7602	1662.000	-0.999	-0.679	0.000	-79.296	11.354
7618	1662.000	-0.978	-0.884	0.000	-79.222	-9.217
7634	1662.000	-1.011	-1.018	0.000	-79.193	-22.636
7650	1662.000	-0.969	-0.558	0.000	-79.303	23.483
7666	1662.000	-0.998	-0.698	0.000	-79.276	9.463
7682	1662.000	-0.958	-0.652	0.000	-78.436	13.196
7698	1662.000	-0.984	-0.892	0.000	-78.483	-10.703
7714	1662.000	-0.947	-1.031	0.000	-83.325	-19.810
7730	1662.000	-0.652	-0.954	0.000	-78.499	-16.916
7746	1662.000	-0.955	-0.775	0.000	-78.477	0.941
7762	1662.000	-1.005	-0.879	0.000	-79.193	-8.675
7778	1662.000	-1.009	-1.045	0.000	-81.076	-23.386
7794	1662.000	-1.003	-0.833	0.000	-78.518	-4.785
7810	1662.000	-1.001	-0.956	0.000	-79.418	-16.212
7826	1662.000	-0.994	-0.934	0.000	-79.425	-14.011
7842	1662.000	-1.002	-0.560	0.000	-78.475	22.496
7858	1662.000	-0.996	-0.890	0.000	-79.203	-9.813
7874	1662.000	-0.987	-0.696	0.000	-80.540	10.912
7890	1662.000	-0.974	-0.775	0.000	-78.436	0.941
7906	1662.000	-0.947	-0.613	0.000	-78.436	17.106
7922	1662.000	-0.991	-0.998	0.000	-79.372	-20.428
7938	1662.000	-0.975	-0.731	0.000	-79.431	6.352
7954	1662.000	-0.978	-0.939	0.000	-78.453	-15.452
7970	1662.000	-0.734	-0.610	0.000	-78.436	17.479
7986	1662.000	-0.957	-0.671	0.000	-79.448	12.387
8002	1662.000	-1.007	-0.898	0.000	-78.876	-10.884
8018	1662.000	-0.970	-0.726	0.000	-79.868	7.285
8034	1662.000	-1.022	-0.797	0.000	-78.436	-1.290
8050	1662.000	-0.961	-0.964	0.000	-78.814	-17.634
8066	1662.000	-0.985	-0.877	0.000	-82.152	-5.521
8082	1662.000	-0.953	-0.751	0.000	-78.436	3.364
8098	1662.000	-1.045	-0.988	0.000	-81.051	-17.756
8114	1662.000	-0.962	-0.672	0.000	-79.357	12.115
8130	1662.000	-0.959	-0.817	0.000	-78.458	-3.269
8770	1662.000	-0.312	-0.272	0.000	-27.211	0.018
8786	1662.000	-0.375	-0.292	0.000	-27.355	-1.891
8802	1662.000	-0.356	-0.398	0.000	-27.352	-12.461
8818	1662.000	-0.317	-0.319	0.000	-27.377	-4.566
8834	1662.000	-0.342	-0.304	0.000	-27.621	-2.800
8850	1662.000	-0.329	-0.124	0.000	-27.434	14.991
8866	1662.000	-0.389	-0.449	0.000	-27.950	-16.931
8882	1662.000	-0.364	-0.103	0.000	-27.541	17.287
8898	1662.000	-0.335	-0.464	0.000	-27.843	-18.514
8914	1662.000	-0.343	-0.180	0.000	-27.513	9.552
8930	1662.000	-0.343	-0.380	0.000	-27.611	-10.356
8946	1662.000	-0.390	-0.072	0.000	-28.116	20.962
8962	1662.000	-0.344	-0.417	0.000	-27.294	-14.398
8978	1662.000	-0.355	-0.405	0.000	-27.413	-13.080
8994	1662.000	-0.375	-0.455	0.000	-27.706	-17.785
9010	1662.000	-0.384	-0.184	0.000	-27.175	8.769
9026	1662.000	-0.353	-0.101	0.000	-27.683	17.537
9042	1662.000	-0.354	-0.297	0.000	-28.225	-1.490
9058	1662.000	-0.314	-0.106	0.000	-27.807	17.163
9074	1662.000	-0.409	-0.406	0.000	-28.000	-12.593
9090	1662.000	-0.356	-0.311	0.000	-27.569	-3.482
9106	1662.000	-0.299	-0.055	0.000	-27.286	21.830
9122	1662.000	-0.395	-0.473	0.000	-28.367	-18.897
9138	1662.000	-0.337	-0.094	0.000	-27.173	17.729
9154	1662.000	-0.363	-0.425	0.000	-27.174	-15.323
9170	1662.000	-0.387	-0.092	0.000	-28.174	18.976
9186	1662.000	-0.340	-0.045	0.000	-27.284	22.782
9202	1662.000	-0.338	-0.077	0.000	-27.266	19.533
9218	1662.000	-0.344	-0.238	0.000	-27.485	3.717
9234	1662.000	-0.313	-0.523	0.000	-27.406	-24.911
9250	1662.000	-0.371	-0.452	0.000	-27.454	-17.789
9266	1662.000	-0.367	-0.494	0.000	-27.600	-21.753
9282	1662.000	-0.311	-0.178	0.000	-27.267	9.515
9298	1662.000	-0.332	-0.083	0.000	-27.292	18.982
9314	1662.000	-0.338	-0.028	0.000	-27.380	24.573
9330	1662.000	-0.294	-0.088	0.000	-27.173	18.398
9346	1662.000	-0.348	-0.354	0.000	-27.391	-7.965
9362	1662.000	-0.401	-0.439	0.000	-27.492	-16.429
9378	1662.000	-0.366	-0.443	0.000	-27.258	-17.007
10018	1662.000	-0.450	-0.347	0.000	-32.648	-2.007
10034	1662.000	-0.411	-0.450	0.000	-32.562	-12.412
10050	1662.000	-0.409	-0.524	0.000	-32.654	-19.770
10066	1662.000	-0.394	-0.512	0.000	-32.914	-18.260
10082	1662.000	-0.451	-0.409	0.000	-32.671	-8.274
10098	1662.000	-0.421	-0.572	0.000	-33.121	-24.072
10114	1662.000	-0.402	-0.411	0.000	-32.985	-8.149
10130	1662.000	-0.418	-0.196	0.000	-32.669	13.119
10146	1662.000	-0.406	-0.447	0.000	-33.850	-10.853
10162	1662.000	-0.450	-0.560	0.000	-32.647	-23.325
10178	1662.000	-0.453	-0.496	0.000	-33.065	-16.501
10194	1662.000	-0.430	-0.173	0.000	-32.997	15.675
10210	1662.000	-0.426	-0.467	0.000	-32.556	-14.161
10226	1662.000	-0.405	-0.184	0.000	-32.976	14.578
10242	1662.000	-0.393	-0.355	0.000	-32.728	-2.743
10258	1662.000	-0.359	-0.247	0.000	-32.554	7.812
10274	1662.000	-0.395	-0.222	0.000	-32.933	10.709
10290	1662.000	-0.378	-0.279	0.000	-32.783	4.915
10306	1662.000	-0.350	-0.421	0.000	-33.332	-8.741
10322	1662.000	-0.446	-0.423	0.000	-32.841	-9.472
10338	1662.000	-0.394	-0.211	0.000	-32.887	11.742
10354	1662.000	-0.431	-0.150	0.000	-33.024	18.069
10370	1662.000	-0.420	-0.128	0.000	-33.267	20.459
10386	1662.000	-0.424	-0.237	0.000	-33.489	9.745
10402	1662.000	-0.488	-0.514	0.000	-33.302	-18.091
10418	1662.000	-0.427	-0.465	0.000	-33.099	-13.390
10434	1662.000	-0.440	-0.578	0.000	-33.076	-24.739
10450	1662.000	-0.430	-0.164	0.000	-32.844	16.442
10466	1662.000	-0.402	-0.193	0.000	-32.883	13.533
10482	1662.000	-0.378	-0.216	0.000	-33.071	11.432
10498	1662.000	-0.419	-0.577	0.000	-32.723	-24.958
10514	1662.000	-0.403	-0.106	0.000	-32.897	22.284
10530	1662.000	-0.437	-0.515	0.000	-32.952	-18.556
10546	1662.000	-0.405	-0.258	0.000	-33.856	8.074
10562	1662.000	-0.498	-0.505	0.000	-33.189	-17.355
10578	1662.000	-0.398	-0.256	0.000	-33.000	7.363
10594	1662.000	-0.387	-0.299	0.000	-32.852	2.944
10610	1662.000	-0.398	-0.341	0.000	-32.676	-1.441
10626	1662.000	-0.420	-0.127	0.000	-32.675	20.010
11266	1662.000	-0.386	-0.093	0.000	-32.125	22.807
11282	1662.000	-0.370	-0.105	0.000	-31.963	21.492
11298	1662.000	-0.401	-0.371	0.000	-32.594	-4.526
11314	1662.000	-0.414	-0.220	0.000	-31.894	9.901
11330	1662.000	-0.391	-0.215	0.000	-31.920	10.405
11346	1662.000	-0.374	-0.252	0.000	-33.138	7.925
11362	1662.000	-0.377	-0.155	0.000	-31.817	16.320
11378	1662.000	-0.356	-0.087	0.000	-32.166	23.514
11394	1662.000	-0.372	-0.359	0.000	-32.211	-3.711
11410	1662.000	-0.366	-0.509	0.000	-31.898	-19.047
11426	1662.000	-0.410	-0.530	0.000	-32.256	-20.735
11442	1662.000	-0.431	-0.420	0.000	-32.136	-9.888
11458	1662.000	-0.366	-0.392	0.000	-32.155	-7.070
11474	1662.000	-0.409	-0.432	0.000	-31.817	-11.392
11490	1662.000	-0.364	-0.210	0.000	-32.104	11.130
11506	1662.000	-0.392	-0.137	0.000	-32.857	19.150
11522	1662.000	-0.407	-0.133	0.000	-32.616	19.349
11538	1662.000	-0.422	-0.558	0.000	-31.931	-23.822
11554	1662.000	-0.400	-0.561	0.000	-32.000	-24.128
11570	1662.000	-0.436	-0.514	0.000	-32.574	-18.821
11586	1662.000	-0.367	-0.286	0.000	-31.821	3.243
11602	1662.000	-0.378	-0.296	0.000	-32.400	2.764
11618	1662.000	-0.442	-0.364	0.000	-32.177	-4.179
11634	1662.000	-0.374	-0.293	0.000	-31.990	2.657
11650	1662.000	-0.449	-0.539	0.000	-33.346	-20.545
11666	1662.000	-0.407	-0.493	0.000	-31.952	-17.369
11682	1662.000	-0.393	-0.400	0.000	-32.369	-7.600
11698	1662.000	-0.400	-0.150	0.000	-32.385	17.391
11714	1662.000	-0.424	-0.529	0.000	-31.829	-21.082
11730	1662.000	-0.430	-0.515	0.000	-32.194	-19.312
11746	1662.000	-0.422	-0.486	0.000	-32.052	-16.526
11762	1662.000	-0.384	-0.149	0.000	-31.821	16.884
11778	1662.000	-0.455	-0.222	0.000	-31.817	9.568
11794	1662.000	-0.431	-0.404	0.000	-32.499	-7.858
11810	1662.000	-0.389	-0.413	0.000	-31.843	-9.422
11826	1662.000	-0.371	-0.427	0.000	-32.099	-10.586
11842	1662.000	-0.377	-0.107	0.000	-32.321	21.575
11858	1662.000	-0.365	-0.158	0.000	-31.825	16.063
11874	1662.000	-0.413	-0.293	0.000	-32.283	3.007
12514	1662.000	-0.301	-0.007	0.000	-25.688	24.994
12530	1662.000	-0.338	-0.384	0.000	-25.919	-12.531
12546	1662.000	-0.351	-0.401	0.000	-26.081	-14.022
12562	1662.000	-0.318	-0.233	0.000	-26.049	2.780
12578	1662.000	-0.348	-0.267	0.000	-26.198	-0.516
12594	1662.000	-0.298	-0.445	0.000	-26.277	-18.208
12610	1662.000	-0.306	-0.402	0.000	-25.828	-14.373
12626	1662.000	-0.355	-0.428	0.000	-25.913	-16.933
12642	1662.000	-0.352	-0.417	0.000	-25.638	-16.082
12658	1662.000	-0.309	-0.094	0.000	-25.540	16.121
12674	1662.000	-0.310	-0.188	0.000	-25.968	7.145
12690	1662.000	-0.305	-0.358	0.000	-25.540	-10.294
12706	1662.000	-0.299	-0.072	0.000	-25.546	18.329
12722	1662.000	-0.291	-0.187	0.000	-25.888	7.188
12738	1662.000	-0.377	-0.422	0.000	-25.775	-16.468
12754	1662.000	-0.306	-0.131	0.000	-25.540	12.416
12770	1662.000	-0.329	-0.449	0.000	-25.540	-19.375
12786	1662.000	-0.324	-0.241	0.000	-26.508	2.360
12802	1662.000	-0.325	-0.132	0.000	-25.542	12.294
12818	1662.000	-0.295	-0.251	0.000	-25.544	0.432
12834	1662.000	-0.298	-0.184	0.000	-26.240	7.871
12850	1662.000	-0.303	-0.220	0.000	-25.564	3.594
12866	1662.000	-0.352	-0.089	0.000	-25.792	16.872
12882	1662.000	-0.344	-0.240	0.000	-26.170	2.199
12898	1662.000	-0.286	-0.133	0.000	-25.936	12.593
12914	1662.000	-0.350	-0.354	0.000	-26.202	-9.224
12930	1662.000	-0.322	-0.193	0.000	-25.800	6.515
12946	1662.000	-0.257	-0.193	0.000	-25.836	6.562
12962	1662.000	-0.263	-0.250	0.000	-25.768	0.759
12978	1662.000	-0.275	-0.353	0.000	-26.482	-8.778
12994	1662.000	-0.341	-0.329	0.000	-25.870	-7.016
13010	1662.000	-0.358	-0.342	0.000	-25.549	-8.675
13026	1662.000	-0.304	-0.104	0.000	-26.021	15.633
13042	1662.000	-0.347	-0.123	0.000	-26.255	13.948
13058	1662.000	-0.268	-0.219	0.000	-25.634	3.780
13074	1662.000	-0.258	-0.137	0.000	-25.752	12.062
13090	1662.000	-0.240	-0.024	0.000	-25.879	23.516
13106	1662.000	-0.374	-0.470	0.000	-25.773	-21.191
13122	1662.000	-0.353	-0.251	0.000	-26.088	0.998
13138	1662.000	-0.331	-0.325	0.000	-25.757	-6.720
13778	1662.000	-1.008	-0.891	0.000	-80.956	-8.114
13794	1662.000	-0.963	-0.746	0.000	-80.561	5.950
13810	1662.000	-0.980	-0.919	0.000	-80.627	-11.304
13826	1662.000	-0.804	-0.784	0.000	-83.264	4.882
13842	1662.000	-1.087	-0.895	0.000	-81.957	-7.537
13858	1662.000	-1.022	-0.946	0.000	-80.570	-14.047
13874	1662.000	-0.911	-0.741	0.000	-80.931	6.832
13890	1662.000	-0.984	-0.621	0.000	-80.583	18.473
13906	1662.000	-1.028	-0.923	0.000	-82.387	-9.892
13922	1662.000	-1.028	-0.660	0.000	-80.561	14.522
13938	1662.000	-1.019	-0.573	0.000	-81.733	24.446
13954	1662.000	-1.126	-0.980	0.000	-85.367	-12.629
13970	1662.000	-1.010	-0.888	0.000	-81.417	-7.381
13986	1662.000	-1.091	-1.006	0.000	-83.596	-17.054
14002	1662.000	-1.064	-0.941	0.000	-83.259	-10.863
14018	1662.000	-1.069	-1.072	0.000	-82.915	-24.308
14034	1662.000	-1.050	-1.002	0.000	-80.561	-19.655
14050	1662.000	-1.028	-0.875	0.000	-80.586	-6.952
14066	1662.000	-1.070	-0.883	0.000	-80.579	-7.754
14082	1662.000	-1.051	-0.895	0.000	-80.561	-8.892
14098	1662.000	-0.966	-0.564	0.000	-80.597	24.199
14114	1662.000	-0.945	-0.798	0.000	-80.561	0.788
14130	1662.000	-0.987	-0.795	0.000	-80.578	1.086
14146	1662.000	-1.043	-0.954	0.000	-82.222	-13.141
14162	1662.000	-1.019	-0.618	0.000	-82.119	20.283
14178	1662.000	-1.041	-0.872	0.000	-80.561	-6.604
14194	1662.000	-1.026	-0.854	0.000	-80.607	-4.836
14210	1662.000	-0.975	-0.669	0.000	-82.236	15.324
14226	1662.000	-1.002	-0.981	0.000	-80.561	-17.526
14242	1662.000	-1.009	-0.645	0.000	-80.640	16.095
14258	1662.000	-0.962	-0.734	0.000	-80.561	7.164
14274	1662.000	-1.079	-0.621	0.000	-83.955	21.880
14290	1662.000	-0.973	-0.688	0.000	-80.587	11.763
14306	1662.000	-0.948	-0.652	0.000	-80.578	15.382
14322	1662.000	-1.064	-0.969	0.000	-82.818	-14.073
14338	1662.000	-1.051	-1.037	0.000	-80.561	-23.141
14354	1662.000	-0.852	-0.792	0.000	-80.608	1.454
14370	1662.000	-1.052	-1.058	0.000	-81.675	-24.085
14386	1662.000	-1.004	-1.026	0.000	-80.580	-21.992
2	1663.000	-0.906	-0.578	0.000	-75.349	17.505
18	1663.000	-0.999	-1.016	0.000	-77.627	-23.974
34	1663.000	-0.993	-0.615	0.000	-78.224	16.733
50	1663.000	-0.942	-0.984	0.000	-75.349	-23.037
66	1663.000	-0.965	-1.013	0.000	-77.111	-24.225
82	1663.000	-0.986	-0.692	0.000	-78.520	9.351
98	1663.000	-0.947	-0.876	0.000	-75.349	-12.215
114	1663.000	-0.993	-0.769	0.000	-75.452	-1.484
130	1663.000	-0.920	-0.703	0.000	-76.271	5.929
146	1663.000	-0.662	-0.828	0.000	-75.950	-6.868
162	1663.000	-0.909	-0.541	0.000	-75.412	21.333
178	1663.000	-0.716	-0.633	0.000	-75.349	12.051
194	1663.000	-1.076	-0.782	0.000	-80.296	2.128
210	1663.000	-0.954	-0.984	0.000	-75.365	-23.001
226	1663.000	-0.745	-0.550	0.000	-75.349	20.376
242	1663.000	-1.011	-0.776	0.000	-77.515	-0.105
258	1663.000	-0.977	-0.660	0.000	-75.349	9.392
274	1663.000	-0.925	-0.845	0.000	-75.356	-9.119
290	1663.000	-0.997	-0.656	0.000	-75.365	9.736
306	1663.000	-0.911	-0.804	0.000	-75.349	-5.067
322	1663.000	-0.022	4.033	0.000	-75.349	-21.338
338	1663.000	-0.976	-0.922	0.000	-75.349	-16.860
354	1663.000	-0.981	-0.923	0.000	-77.767	-14.522
370	1663.000	-0.998	-0.843	0.000	-76.048	-8.212
386	1663.000	-0.970	-0.583	0.000	-77.291	18.991
402	1663.000	-0.968	-0.683	0.000	-78.158	9.885
418	1663.000	-0.984	-0.926	0.000	-76.820	-15.745
434	1663.000	-0.972	-0.865	0.000	-76.057	-10.438
450	1663.000	-0.967	-0.952	0.000	-75.349	-19.822
466	1663.000	-0.967	-0.673	0.000	-77.238	9.903
482	1663.000	-0.899	-0.576	0.000	-75.349	17.707
498	1663.000	-0.944	-0.576	0.000	-75.387	17.797
514	1663.000	-0.671	-0.749	0.000	-75.391	0.489
530	1663.000	-0.984	-0.770	0.000	-75.369	-1.581
546	1663.000	-0.967	-0.826	0.000	-75.357	-7.252
562	1663.000	-0.945	-0.737	0.000	-75.958	2.281
578	1663.000	-0.573	-0.521	0.000	-75.369	23.290
594	1663.000	-0.767	-0.740	0.000	-76.009	2.044
610	1663.000	-0.970	-0.567	0.000	-79.005	22.302
1266	1663.000	-0.324	-0.198	0.000	-24.164	4.317
1282	1663.000	-0.277	-0.040	0.000	-23.835	19.810
1298	1663.000	-0.262	-0.091	0.000	-23.851	14.720
1314	1663.000	-0.264	-0.220	0.000	-23.776	1.774
1330	1663.000	-0.302	-0.051	0.000	-23.640	18.573
1346	1663.000	-0.323	-0.194	0.000	-24.075	4.723
1362	1663.000	-0.276	-0.268	0.000	-24.223	-2.546
1378	1663.000	-0.354	-0.481	0.000	-23.652	-24.405
1394	1663.000	-0.295	-0.391	0.000	-23.698	-15.433
1410	1663.000	-0.262	-0.312	0.000	-23.600	-7.577
1426	1663.000	-0.303	-0.014	0.000	-23.701	22.318
1442	1663.000	-0.254	-0.078	0.000	-23.648	15.895
1458	1663.000	-0.278	-0.036	0.000	-23.853	20.226
1474	1663.000	-0.280	-0.125	0.000	-23.757	11.209
1490	1663.000	-0.319	-0.350	0.000	-23.723	-11.251
1506	1663.000	-0.280	-0.075	0.000	-23.600	16.071
1522	1663.000	-0.310	-0.136	0.000	-23.599	10.048
1538	1663.000	-0.267	-0.333	0.000	-23.638	-9.686
1554	1663.000	-0.302	-0.332	0.000	-23.636	-9.588
1570	1663.000	-0.333	-0.221	0.000	-23.811	1.703
1586	1663.000	-0.297	-0.190	0.000	-24.531	5.508
1602	1663.000	-0.347	-0.489	0.000	-24.073	-24.781
1618	1663.000	-0.346	-0.442	0.000	-23.796	-20.402
1634	1663.000	-0.346	-0.351	0.000	-23.717	-11.425
1650	1663.000	-0.215	-0.083	0.000	-23.882	15.545
1666	1663.000	-0.279	-0.283	0.000	-24.160	-4.187
1682	1663.000	-0.299	-0.111	0.000	-23.771	12.691
1698	1663.000	-0.267	-0.252	0.000	-23.728	-1.456
1714	1663.000	-0.299	-0.023	0.000	-24.248	21.990
1730	1663.000	-0.281	-0.201	0.000	-23.563	3.426
1746	1663.000	-0.253	-0.120	0.000	-23.734	11.754
1762	1663.000	-0.299	-0.282	0.000	-23.674	-4.528
1778	1663.000	-0.267	-0.278	0.000	-23.599	-4.169
1794	1663.000	-0.316	-0.371	0.000	-23.661	-13.445
1810	1663.000	-0.276	-0.429	0.000	-23.717	-19.225
1826	1663.000	-0.316	-0.292	0.000	-23.950	-5.216
1842	1663.000	-0.316	-0.302	0.000	-24.623	-5.598
1858	1663.000	-0.324	-0.469	0.000	-24.011	-22.862
1874	1663.000	-0.343	-0.344	0.000	-24.437	-9.930
2514	1663.000	-0.374	-0.183	0.000	-31.935	13.673
2530	1663.000	-0.356	-0.111	0.000	-31.716	20.659
2546	1663.000	-0.448	-0.372	0.000	-32.225	-5.010
2562	1663.000	-0.421	-0.533	0.000	-31.754	-21.586
2578	1663.000	-0.434	-0.420	0.000	-32.391	-9.614
2594	1663.000	-0.347	-0.079	0.000	-32.048	24.181
2610	1663.000	-0.418	-0.311	0.000	-31.550	0.455
2626	1663.000	-0.375	-0.334	0.000	-31.870	-1.568
2642	1663.000	-0.393	-0.363	0.000	-32.325	-3.958
2658	1663.000	-0.400	-0.302	0.000	-31.754	1.583
2674	1663.000	-0.389	-0.097	0.000	-31.595	21.906
2690	1663.000	-0.451	-0.447	0.000	-32.359	-12.356
2706	1663.000	-0.387	-0.320	0.000	-31.804	-0.166
2722	1663.000	-0.381	-0.202	0.000	-32.395	12.188
2738	1663.000	-0.440	-0.353	0.000	-32.085	-3.214
2754	1663.000	-0.390	-0.230	0.000	-31.546	8.545
2770	1663.000	-0.469	-0.554	0.000	-32.063	-23.360
2786	1663.000	-0.365	-0.213	0.000	-31.713	10.432
2802	1663.000	-0.401	-0.301	0.000	-31.656	1.571
2818	1663.000	-0.345	-0.106	0.000	-31.725	21.089
2834	1663.000	-0.353	-0.206	0.000	-31.745	11.163
2850	1663.000	-0.354	-0.245	0.000	-31.655	7.136
2866	1663.000	-0.386	-0.264	0.000	-31.885	5.460
2882	1663.000	-0.437	-0.381	0.000	-32.181	-5.956
2898	1663.000	-0.423	-0.443	0.000	-31.640	-12.685
2914	1663.000	-0.398	-0.077	0.000	-32.400	24.707
2930	1663.000	-0.411	-0.332	0.000	-31.766	-1.428
2946	1663.000	-0.424	-0.554	0.000	-31.591	-23.762
2962	1663.000	-0.418	-0.367	0.000	-32.566	-4.129
2978	1663.000	-0.384	-0.168	0.000	-31.792	15.014
2994	1663.000	-0.391	-0.471	0.000	-31.915	-15.172
3010	1663.000	-0.427	-0.296	0.000	-32.543	2.932
3026	1663.000	-0.421	-0.369	0.000	-31.638	-5.245
3042	1663.000	-0.420	-0.419	0.000	-31.736	-10.187
3058	1663.000	-0.356	-0.271	0.000	-31.863	4.800
3074	1663.000	-0.350	-0.096	0.000	-31.702	22.069
3090	1663.000	-0.401	-0.399	0.000	-32.198	-7.720
3106	1663.000	-0.356	-0.101	0.000	-32.392	22.256
3122	1663.000	-0.406	-0.484	0.000	-32.407	-15.958
3762	1663.000	-0.383	-0.488	0.000	-31.434	-17.341
3778	1663.000	-0.433	-0.415	0.000	-31.436	-10.091
3794	1663.000	-0.419	-0.533	0.000	-31.683	-21.662
3810	1663.000	-0.408	-0.397	0.000	-31.428	-8.293
3826	1663.000	-0.354	-0.387	0.000	-31.691	-6.971
3842	1663.000	-0.387	-0.333	0.000	-31.684	-1.636
3858	1663.000	-0.487	-0.525	0.000	-31.456	-21.019
3874	1663.000	-0.357	-0.410	0.000	-31.323	-9.657
3890	1663.000	-0.326	-0.151	0.000	-31.958	16.825
3906	1663.000	-0.363	-0.333	0.000	-31.629	-1.718
3922	1663.000	-0.389	-0.102	0.000	-31.437	21.205
3938	1663.000	-0.404	-0.128	0.000	-31.805	19.053
3954	1663.000	-0.361	-0.257	0.000	-31.551	5.884
3970	1663.000	-0.387	-0.079	0.000	-32.022	24.098
3986	1663.000	-0.384	-0.109	0.000	-31.723	20.843
4002	1663.000	-0.417	-0.531	0.000	-31.530	-21.542
4018	1663.000	-0.449	-0.374	0.000	-31.740	-5.702
4034	1663.000	-0.358	-0.196	0.000	-31.455	11.818
4050	1663.000	-0.410	-0.094	0.000	-31.497	22.053
4066	1663.000	-0.424	-0.451	0.000	-31.424	-13.680
4082	1663.000	-0.424	-0.267	0.000	-31.458	4.770
4098	1663.000	-0.394	-0.492	0.000	-32.116	-17.122
4114	1663.000	-0.394	-0.302	0.000	-31.431	1.250
4130	1663.000	-0.400	-0.121	0.000	-31.409	19.291
4146	1663.000	-0.430	-0.545	0.000	-31.822	-22.689
4162	1663.000	-0.370	-0.160	0.000	-31.434	15.415
4178	1663.000	-0.432	-0.481	0.000	-31.446	-16.688
4194	1663.000	-0.394	-0.308	0.000	-31.308	0.513
4210	1663.000	-0.399	-0.221	0.000	-31.148	9.026
4226	1663.000	-0.400	-0.539	0.000	-31.546	-22.311
4242	1663.000	-0.359	-0.431	0.000	-31.296	-11.836
4258	1663.000	-0.332	-0.098	0.000	-31.136	21.290
4274	1663.000	-0.393	-0.515	0.000	-32.085	-19.372
4290	1663.000	-0.383	-0.202	0.000	-31.220	11.054
4306	1663.000	-0.382	-0.099	0.000	-31.177	21.305
4322	1663.000	-0.368	-0.170	0.000	-31.544	14.561
4338	1663.000	-0.351	-0.199	0.000	-31.526	11.674
4354	1663.000	-0.307	-0.122	0.000	-31.135	18.938
4370	1663.000	-0.393	-0.299	0.000	-31.630	1.723
5010	1663.000	-0.303	-0.073	0.000	-22.477	15.182
5026	1663.000	-0.272	-0.091	0.000	-22.475	13.367
5042	1663.000	-0.263	-0.034	0.000	-22.780	19.389
5058	1663.000	-0.255	-0.310	0.000	-22.725	-8.307
5074	1663.000	-0.257	-0.067	0.000	-22.551	15.885
5090	1663.000	-0.348	-0.326	0.000	-22.725	-9.885
5106	1663.000	-0.274	-0.191	0.000	-22.569	3.446
5122	1663.000	-0.310	-0.391	0.000	-22.550	-16.510
5138	1663.000	-0.322	-0.457	0.000	-23.111	-22.594
5154	1663.000	-0.279	-0.436	0.000	-22.719	-20.881
5170	1663.000	-0.304	-0.069	0.000	-22.760	15.829
5186	1663.000	-0.284	-0.338	0.000	-23.135	-10.634
5202	1663.000	-0.258	-0.168	0.000	-22.737	5.903
5218	1663.000	-0.311	-0.124	0.000	-22.597	10.148
5234	1663.000	-0.301	-0.143	0.000	-22.957	8.612
5250	1663.000	-0.252	0.016	0.000	-22.884	24.526
5266	1663.000	-0.347	-0.346	0.000	-23.186	-11.444
5282	1663.000	-0.347	-0.475	0.000	-22.631	-24.913
5298	1663.000	-0.333	-0.317	0.000	-22.855	-8.889
5314	1663.000	-0.276	-0.111	0.000	-22.710	11.578
5330	1663.000	-0.253	-0.007	0.000	-23.144	22.476
5346	1663.000	-0.273	-0.091	0.000	-22.734	13.650
5362	1663.000	-0.311	-0.470	0.000	-22.520	-24.505
5378	1663.000	-0.281	-0.014	0.000	-23.616	22.261
5394	1663.000	-0.316	-0.369	0.000	-22.920	-13.941
5410	1663.000	-0.241	-0.366	0.000	-22.478	-14.140
5426	1663.000	-0.213	-0.048	0.000	-23.286	18.507
5442	1663.000	-0.304	-0.463	0.000	-22.475	-23.799
5458	1663.000	-0.273	-0.323	0.000	-22.469	-9.821
5474	1663.000	-0.299	-0.323	0.000	-22.765	-9.557
5490	1663.000	-0.288	-0.274	0.000	-22.475	-4.955
5506	1663.000	-0.279	-0.242	0.000	-22.550	-1.678
5522	1663.000	-0.282	-0.055	0.000	-22.564	17.022
5538	1663.000	-0.237	0.025	0.000	-22.469	24.959
5554	1663.000	-0.254	-0.307	0.000	-22.857	-7.886
5570	1663.000	-0.290	-0.183	0.000	-22.630	4.302
5586	1663.000	-0.302	-0.050	0.000	-22.475	17.499
5602	1663.000	-0.238	0.016	0.000	-22.618	24.218
5618	1663.000	-0.318	-0.283	0.000	-22.745	-5.538
6258	1663.000	-0.930	-0.650	0.000	-78.018	12.991
6274	1663.000	-1.032	-0.652	0.000	-78.899	13.718
6290	1663.000	-0.925	-0.877	0.000	-78.016	-9.730
6306	1663.000	-0.921	-0.605	0.000	-78.039	17.577
6322	1663.000	-0.934	-0.853	0.000	-77.998	-7.319
6338	1663.000	-0.965	-0.832	0.000	-77.998	-5.160
6354	1663.000	-1.026	-1.001	0.000	-78.325	-21.784
6370	1663.000	-1.033	-0.922	0.000	-80.580	-11.645
6386	1663.000	-0.987	-0.667	0.000	-77.998	11.252
6402	1663.000	-0.732	-0.615	0.000	-77.998	16.475
6418	1663.000	-1.025	-0.927	0.000	-80.284	-12.374
6434	1663.000	-0.995	-0.630	0.000	-80.814	17.829
6450	1663.000	-0.967	-0.552	0.000	-77.998	22.756
6466	1663.000	-1.005	-0.986	0.000	-80.748	-17.857
6482	1663.000	-0.986	-0.571	0.000	-78.819	21.762
6498	1663.000	-0.925	-0.767	0.000	-78.325	1.628
6514	1663.000	-0.954	-1.008	0.000	-77.998	-22.803
6530	1663.000	-0.934	-0.655	0.000	-78.048	12.541
6546	1663.000	-1.003	-0.750	0.000	-79.475	4.446
6562	1663.000	-1.002	-0.887	0.000	-77.999	-10.660
6578	1663.000	-0.958	-0.804	0.000	-78.027	-2.365
6594	1663.000	-0.977	-0.596	0.000	-78.024	18.384
6610	1663.000	-1.006	-0.849	0.000	-78.377	-6.540
6626	1663.000	-0.972	-0.992	0.000	-78.666	-20.507
6642	1663.000	-0.973	-0.787	0.000	-78.707	0.011
6658	1663.000	-1.007	-0.721	0.000	-79.520	7.444
6674	1663.000	-1.037	-1.029	0.000	-78.026	-24.920
6690	1663.000	-0.940	-0.586	0.000	-78.017	19.435
6706	1663.000	-0.955	-0.837	0.000	-78.748	-4.950
6722	1663.000	-0.992	-0.724	0.000	-77.998	5.593
6738	1663.000	-0.980	-0.920	0.000	-78.031	-13.986
6754	1663.000	-1.089	-0.904	0.000	-80.680	-9.700
6770	1663.000	-0.945	-0.644	0.000	-77.998	13.550
6786	1663.000	-1.006	-0.667	0.000	-77.998	11.310
6802	1663.000	-0.941	-0.552	0.000	-79.868	24.670
6818	1663.000	-0.904	-0.805	0.000	-80.097	-0.411
6834	1663.000	-0.724	-0.795	0.000	-77.999	-1.470
6850	1663.000	-0.950	-0.628	0.000	-79.895	17.116
6866	1663.000	-0.989	-0.789	0.000	-78.777	-0.150
7522	1663.000	-0.962	-0.945	0.000	-75.934	-18.587
7538	1663.000	-0.945	-0.752	0.000	-76.203	0.996
7554	1663.000	-0.940	-0.755	0.000	-75.250	-0.282
7570	1663.000	-0.930	-0.792	0.000	-75.274	-3.963
7586	1663.000	-1.002	-0.671	0.000	-76.143	9.028
7602	1663.000	-0.962	-0.717	0.000	-76.013	4.335
7618	1663.000	-0.973	-0.987	0.000	-75.946	-22.704
7634	1663.000	-0.961	-0.632	0.000	-75.920	12.753
7650	1663.000	-0.928	-0.843	0.000	-76.019	-8.300
7666	1663.000	-0.945	-0.845	0.000	-75.995	-8.459
7682	1663.000	-0.890	-0.519	0.000	-75.235	23.304
7698	1663.000	-0.939	-0.637	0.000	-75.277	11.592
7714	1663.000	-0.892	-0.581	0.000	-79.658	21.562
7730	1663.000	-0.671	-0.527	0.000	-75.292	22.590
7746	1663.000	-0.926	-0.916	0.000	-75.272	-16.339
7762	1663.000	-0.961	-0.555	0.000	-75.920	20.421
7778	1663.000	-0.971	-0.634	0.000	-77.624	14.192
7794	1663.000	-0.969	-0.712	0.000	-75.309	4.082
7810	1663.000	-0.959	-0.961	0.000	-76.124	-19.997
7826	1663.000	-0.962	-0.670	0.000	-76.130	9.118
7842	1663.000	-0.973	-0.992	0.000	-75.270	-23.980
7858	1663.000	-0.957	-0.630	0.000	-75.929	12.969
7874	1663.000	-0.958	-0.734	0.000	-77.138	3.746
7890	1663.000	-0.932	-0.929	0.000	-75.235	-17.668
7906	1663.000	-0.921	-0.782	0.000	-75.235	-2.929
7922	1663.000	-0.974	-1.006	0.000	-76.082	-24.520
7938	1663.000	-0.975	-0.996	0.000	-76.135	-23.510
7954	1663.000	-0.945	-0.714	0.000	-75.250	3.877
7970	1663.000	-0.714	-0.652	0.000	-75.235	10.048
7986	1663.000	-0.922	-0.597	0.000	-76.151	16.479
8002	1663.000	-0.984	-1.000	0.000	-75.633	-24.379
8018	1663.000	-0.913	-0.609	0.000	-76.530	15.666
8034	1663.000	-0.948	-0.639	0.000	-75.235	11.362
8050	1663.000	-0.927	-0.999	0.000	-75.577	-24.287
8066	1663.000	-0.973	-0.830	0.000	-78.598	-4.355
8082	1663.000	-0.924	-0.915	0.000	-75.235	-16.280
8098	1663.000	-0.994	-0.625	0.000	-77.602	15.102
8114	1663.000	-0.939	-0.818	0.000	-76.068	-5.745
8130	1663.000	-0.931	-0.890	0.000	-75.255	-13.776
8770	1663.000	-0.295	-0.136	0.000	-26.099	12.495
8786	1663.000	-0.372	-0.497	0.000	-26.229	-23.495
8802	1663.000	-0.298	-0.014	0.000	-26.226	24.867
8818	1663.000	-0.281	-0.057	0.000	-26.249	20.529
8834	1663.000	-0.338	-0.141	0.000	-26.469	12.410
8850	1663.000	-0.305	-0.219	0.000	-26.301	4.369
8866	1663.000	-0.371	-0.350	0.000	-26.767	-8.229
8882	1663.000	-0.352	-0.261	0.000	-26.397	0.299
8898	1663.000	-0.300	-0.143	0.000	-26.670	12.406
8914	1663.000	-0.356	-0.445	0.000	-26.372	-18.126
8930	1663.000	-0.341	-0.364	0.000	-26.460	-9.929
8946	1663.000	-0.355	-0.070	0.000	-26.917	19.928
8962	1663.000	-0.316	-0.272	0.000	-26.174	-1.051
8978	1663.000	-0.349	-0.497	0.000	-26.282	-23.383
8994	1663.000	-0.369	-0.272	0.000	-26.546	-0.632
9010	1663.000	-0.363	-0.278	0.000	-26.066	-1.719
9026	1663.000	-0.341	-0.387	0.000	-26.525	-12.204
9042	1663.000	-0.347	-0.461	0.000	-27.016	-19.127
9058	1663.000	-0.293	-0.322	0.000	-26.638	-5.548
9074	1663.000	-0.371	-0.317	0.000	-26.812	-4.887
9090	1663.000	-0.346	-0.414	0.000	-26.422	-14.969
9106	1663.000	-0.311	-0.299	0.000	-26.167	-3.760
9122	1663.000	-0.346	-0.039	0.000	-27.144	23.275
9138	1663.000	-0.355	-0.407	0.000	-26.064	-14.683
9154	1663.000	-0.340	-0.021	0.000	-26.065	23.986
9170	1663.000	-0.345	-0.165	0.000	-26.970	10.510
9186	1663.000	-0.343	-0.219	0.000	-26.164	4.289
9202	1663.000	-0.338	-0.344	0.000	-26.148	-8.230
9218	1663.000	-0.323	-0.244	0.000	-26.346	1.930
9234	1663.000	-0.331	-0.470	0.000	-26.275	-20.735
9250	1663.000	-0.340	-0.280	0.000	-26.319	-1.659
9266	1663.000	-0.362	-0.308	0.000	-26.450	-4.362
9282	1663.000	-0.290	-0.039	0.000	-26.149	22.215
9298	1663.000	-0.316	-0.354	0.000	-26.172	-9.228
9314	1663.000	-0.332	-0.342	0.000	-26.252	-7.957
9330	1663.000	-0.279	-0.173	0.000	-26.064	8.776
9346	1663.000	-0.331	-0.366	0.000	-26.261	-10.385
9362	1663.000	-0.390	-0.410	0.000	-26.353	-14.620
9378	1663.000	-0.316	-0.073	0.000	-26.141	18.881
10018	1663.000	-0.427	-0.391	0.000	-31.311	-7.772
10034	1663.000	-0.400	-0.390	0.000	-31.233	-7.732
10050	1663.000	-0.377	-0.263	0.000	-31.316	5.023
10066	1663.000	-0.398	-0.284	0.000	-31.551	3.174
10082	1663.000	-0.445	-0.418	0.000	-31.331	-10.435
10098	1663.000	-0.368	-0.093	0.000	-31.738	22.478
10114	1663.000	-0.376	-0.378	0.000	-31.616	-6.170
10130	1663.000	-0.384	-0.310	0.000	-31.330	0.332
10146	1663.000	-0.406	-0.362	0.000	-32.398	-3.803
10162	1663.000	-0.427	-0.189	0.000	-31.310	12.449
10178	1663.000	-0.447	-0.336	0.000	-31.688	-1.910
10194	1663.000	-0.426	-0.304	0.000	-31.626	1.205
10210	1663.000	-0.393	-0.289	0.000	-31.227	2.354
10226	1663.000	-0.388	-0.343	0.000	-31.608	-2.693
10242	1663.000	-0.366	-0.115	0.000	-31.383	19.917
10258	1663.000	-0.356	-0.473	0.000	-31.225	-16.031
10274	1663.000	-0.365	-0.301	0.000	-31.569	1.431
10290	1663.000	-0.386	-0.296	0.000	-31.432	1.859
10306	1663.000	-0.318	-0.188	0.000	-31.930	13.081
10322	1663.000	-0.438	-0.313	0.000	-31.485	0.228
10338	1663.000	-0.394	-0.389	0.000	-31.527	-7.366
10354	1663.000	-0.420	-0.274	0.000	-31.650	4.289
10370	1663.000	-0.416	-0.272	0.000	-31.871	4.641
10386	1663.000	-0.372	-0.150	0.000	-32.071	17.055
10402	1663.000	-0.445	-0.259	0.000	-31.902	5.960
10418	1663.000	-0.403	-0.341	0.000	-31.718	-2.384
10434	1663.000	-0.413	-0.442	0.000	-31.698	-12.499
10450	1663.000	-0.400	-0.293	0.000	-31.488	2.226
10466	1663.000	-0.402	-0.560	0.000	-31.523	-24.491
10482	1663.000	-0.383	-0.360	0.000	-31.693	-4.328
10498	1663.000	-0.407	-0.222	0.000	-31.378	9.182
10514	1663.000	-0.362	-0.191	0.000	-31.536	12.409
10530	1663.000	-0.409	-0.112	0.000	-31.586	20.401
10546	1663.000	-0.420	-0.428	0.000	-32.404	-10.387
10562	1663.000	-0.427	-0.107	0.000	-31.800	21.062
10578	1663.000	-0.379	-0.416	0.000	-31.629	-9.990
10594	1663.000	-0.350	-0.096	0.000	-31.495	21.941
10610	1663.000	-0.349	-0.148	0.000	-31.336	16.586
10626	1663.000	-0.394	-0.208	0.000	-31.335	10.539
11266	1663.000	-0.371	-0.086	0.000	-30.797	22.230
11282	1663.000	-0.379	-0.548	0.000	-30.650	-24.136
11298	1663.000	-0.417	-0.479	0.000	-31.221	-16.705
11314	1663.000	-0.377	-0.289	0.000	-30.588	1.677
11330	1663.000	-0.373	-0.142	0.000	-30.612	16.377
11346	1663.000	-0.378	-0.250	0.000	-31.713	6.668
11362	1663.000	-0.363	-0.379	0.000	-30.518	-7.356
11378	1663.000	-0.365	-0.531	0.000	-30.835	-22.273
11394	1663.000	-0.346	-0.347	0.000	-30.875	-3.823
11410	1663.000	-0.360	-0.214	0.000	-30.592	9.224
11426	1663.000	-0.389	-0.386	0.000	-30.915	-7.699
11442	1663.000	-0.447	-0.529	0.000	-30.807	-22.104
11458	1663.000	-0.353	-0.088	0.000	-30.824	22.058
11474	1663.000	-0.410	-0.504	0.000	-30.518	-19.882
11490	1663.000	-0.351	-0.495	0.000	-30.778	-18.761
11506	1663.000	-0.366	-0.372	0.000	-31.459	-5.716
11522	1663.000	-0.385	-0.249	0.000	-31.241	6.370
11538	1663.000	-0.399	-0.256	0.000	-30.622	5.000
11554	1663.000	-0.395	-0.514	0.000	-30.684	-20.698
11570	1663.000	-0.378	-0.116	0.000	-31.204	19.579
11586	1663.000	-0.355	-0.100	0.000	-30.522	20.547
11602	1663.000	-0.370	-0.183	0.000	-31.046	12.774
11618	1663.000	-0.442	-0.412	0.000	-30.845	-10.349
11634	1663.000	-0.389	-0.487	0.000	-30.675	-18.075
11650	1663.000	-0.403	-0.207	0.000	-31.902	11.182
11666	1663.000	-0.418	-0.474	0.000	-30.640	-16.784
11682	1663.000	-0.359	-0.081	0.000	-31.018	22.966
11698	1663.000	-0.390	-0.376	0.000	-31.032	-6.574
11714	1663.000	-0.428	-0.475	0.000	-30.529	-17.006
11730	1663.000	-0.418	-0.452	0.000	-30.859	-14.365
11746	1663.000	-0.387	-0.311	0.000	-30.732	-0.348
11762	1663.000	-0.371	-0.275	0.000	-30.522	2.975
11778	1663.000	-0.442	-0.283	0.000	-30.518	2.250
11794	1663.000	-0.419	-0.347	0.000	-31.136	-3.527
11810	1663.000	-0.386	-0.301	0.000	-30.542	0.417
11826	1663.000	-0.379	-0.554	0.000	-30.773	-24.586
11842	1663.000	-0.352	-0.200	0.000	-30.975	10.945
11858	1663.000	-0.319	-0.065	0.000	-30.526	24.015
11874	1663.000	-0.371	-0.085	0.000	-30.941	22.484
12514	1663.000	-0.324	-0.452	0.000	-24.631	-20.532
12530	1663.000	-0.297	-0.127	0.000	-24.840	12.091
12546	1663.000	-0.334	-0.338	0.000	-24.987	-8.809
12562	1663.000	-0.295	-0.294	0.000	-24.958	-4.452
12578	1663.000	-0.361	-0.343	0.000	-25.093	-9.245
12594	1663.000	-0.259	-0.010	0.000	-25.165	24.192
12610	1663.000	-0.286	-0.002	0.000	-24.759	24.536
12626	1663.000	-0.336	-0.440	0.000	-24.835	-19.126
12642	1663.000	-0.311	-0.008	0.000	-24.586	23.826
12658	1663.000	-0.290	-0.279	0.000	-24.498	-3.418
12674	1663.000	-0.301	-0.065	0.000	-24.885	18.400
12690	1663.000	-0.297	-0.365	0.000	-24.498	-11.958
12706	1663.000	-0.278	-0.049	0.000	-24.503	19.604
12722	1663.000	-0.304	-0.464	0.000	-24.813	-21.538
12738	1663.000	-0.365	-0.496	0.000	-24.710	-24.877
12754	1663.000	-0.293	-0.272	0.000	-24.498	-2.707
12770	1663.000	-0.334	-0.285	0.000	-24.498	-3.970
12786	1663.000	-0.325	-0.467	0.000	-25.373	-21.319
12802	1663.000	-0.341	-0.388	0.000	-24.500	-14.340
12818	1663.000	-0.318	-0.359	0.000	-24.501	-11.354
12834	1663.000	-0.324	-0.467	0.000	-25.131	-21.597
12850	1663.000	-0.284	-0.216	0.000	-24.519	2.911
12866	1663.000	-0.341	-0.407	0.000	-24.726	-15.976
12882	1663.000	-0.328	-0.293	0.000	-25.068	-4.234
12898	1663.000	-0.265	-0.072	0.000	-24.856	17.661
12914	1663.000	-0.344	-0.210	0.000	-25.097	4.062
12930	1663.000	-0.302	-0.064	0.000	-24.733	18.291
12946	1663.000	-0.270	-0.440	0.000	-24.765	-19.189
12962	1663.000	-0.252	-0.259	0.000	-24.704	-1.150
12978	1663.000	-0.254	-0.018	0.000	-25.350	23.562
12994	1663.000	-0.329	-0.189	0.000	-24.797	5.857
13010	1663.000	-0.337	-0.259	0.000	-24.506	-1.358
13026	1663.000	-0.298	-0.478	0.000	-24.933	-22.845
13042	1663.000	-0.320	-0.027	0.000	-25.144	22.438
13058	1663.000	-0.263	-0.413	0.000	-24.583	-16.692
13074	1663.000	-0.293	-0.495	0.000	-24.689	-24.768
13090	1663.000	-0.213	-0.096	0.000	-24.805	15.234
13106	1663.000	-0.382	-0.478	0.000	-24.709	-23.045
13122	1663.000	-0.338	-0.342	0.000	-24.994	-9.169
13138	1663.000	-0.353	-0.417	0.000	-24.694	-16.984
13778	1663.000	-0.963	-0.907	0.000	-77.631	-13.031
13794	1663.000	-0.945	-0.836	0.000	-77.274	-6.307
13810	1663.000	-0.929	-0.539	0.000	-77.333	23.467
13826	1663.000	-0.827	-1.019	0.000	-79.719	-22.210
13842	1663.000	-1.021	-0.572	0.000	-78.536	21.287
13858	1663.000	-0.980	-0.636	0.000	-77.282	13.701
13874	1663.000	-0.867	-0.677	0.000	-77.608	9.884
13890	1663.000	-0.918	-0.536	0.000	-77.293	23.717
13906	1663.000	-0.958	-0.714	0.000	-78.926	7.529
13922	1663.000	-1.002	-0.933	0.000	-77.274	-16.008
13938	1663.000	-0.982	-0.981	0.000	-78.334	-19.779
13954	1663.000	-1.069	-0.702	0.000	-81.622	11.381
13970	1663.000	-0.945	-0.646	0.000	-78.048	13.464
13986	1663.000	-1.059	-1.033	0.000	-80.019	-23.260
14002	1663.000	-1.025	-0.962	0.000	-79.715	-16.502
14018	1663.000	-0.993	-0.685	0.000	-79.403	10.882
14034	1663.000	-1.031	-0.935	0.000	-77.274	-16.259
14050	1663.000	-1.015	-0.947	0.000	-77.296	-17.407
14066	1663.000	-1.010	-0.876	0.000	-77.289	-10.273
14082	1663.000	-1.001	-0.650	0.000	-77.274	12.302
14098	1663.000	-0.933	-0.789	0.000	-77.306	-1.585
14114	1663.000	-0.934	-0.920	0.000	-77.274	-14.763
14130	1663.000	-0.960	-0.690	0.000	-77.289	8.289
14146	1663.000	-0.978	-0.571	0.000	-78.777	21.640
14162	1663.000	-0.960	-0.551	0.000	-78.683	23.538
14178	1663.000	-0.991	-0.798	0.000	-77.274	-2.530
14194	1663.000	-1.001	-0.898	0.000	-77.315	-12.515
14210	1663.000	-0.951	-0.672	0.000	-78.789	11.595
14226	1663.000	-0.958	-0.686	0.000	-77.274	8.703
14242	1663.000	-0.511	4.127	1.000	-77.345	-9.917
14258	1663.000	-0.924	-0.588	0.000	-77.274	18.443
14274	1663.000	-1.019	-0.860	0.000	-80.344	-5.671
14290	1663.000	-0.955	-0.925	0.000	-77.296	-15.187
14306	1663.000	-0.902	-0.778	0.000	-77.289	-0.489
14322	1663.000	-1.015	-0.696	0.000	-79.315	9.677
14338	1663.000	-0.989	-0.819	0.000	-77.274	-4.597
14354	1663.000	-0.837	-0.786	0.000	-77.315	-1.260
14370	1663.000	-1.022	-1.009	0.000	-78.282	-22.619
14386	1663.000	-0.953	-0.618	0.000	-77.291	15.471
2	1664.000	-0.863	-0.581	0.000	-73.615	15.485
18	1664.000	-0.932	-0.650	0.000	-75.675	10.717
34	1664.000	-0.928	-0.580	0.000	-76.215	18.171
50	1664.000	-0.907	-0.825	0.000	-73.615	-8.898
66	1664.000	-0.949	-0.898	0.000	-75.208	-14.590
82	1664.000	-0.945	-0.695	0.000	-76.484	6.963
98	1664.000	-0.914	-0.831	0.000	-73.615	-9.521
114	1664.000	-0.922	-0.599	0.000	-73.707	13.821
130	1664.000	-0.891	-0.748	0.000	-74.449	-0.356
146	1664.000	-0.701	-0.821	0.000	-74.158	-7.921
162	1664.000	-0.874	-0.864	0.000	-73.671	-12.702
178	1664.000	-0.711	-0.680	0.000	-73.615	5.597
194	1664.000	-1.009	-0.653	0.000	-78.090	12.814
210	1664.000	-0.917	-0.778	0.000	-73.628	-4.197
226	1664.000	-0.742	-0.591	0.000	-73.615	14.483
242	1664.000	-0.979	-0.764	0.000	-75.574	-0.783
258	1664.000	-0.928	-0.891	0.000	-73.615	-15.494
274	1664.000	-0.883	-0.699	0.000	-73.620	3.680
290	1664.000	-0.929	-0.518	0.000	-73.629	21.837
306	1664.000	-0.885	-0.633	0.000	-73.615	10.269
322	1664.000	0.750	4.364	0.000	-73.615	10.007
338	1664.000	-0.943	-0.748	0.000	-73.615	-1.169
354	1664.000	-0.946	-0.982	0.000	-75.802	-22.433
370	1664.000	-0.921	-0.600	0.000	-74.247	14.251
386	1664.000	-0.923	-0.795	0.000	-75.372	-4.084
402	1664.000	-0.918	-0.764	0.000	-76.155	-0.221
418	1664.000	-0.932	-0.586	0.000	-74.945	16.360
434	1664.000	-0.933	-0.853	0.000	-74.255	-11.078
450	1664.000	-0.887	-0.534	0.000	-73.615	20.194
466	1664.000	-0.905	-0.612	0.000	-80.937	19.752
482	1664.000	-0.854	-0.561	0.000	-73.615	17.495
498	1664.000	-0.888	-0.708	0.000	-73.648	2.807
514	1664.000	-0.643	-0.511	0.000	-75.734	24.654
530	1664.000	-0.933	-0.580	0.000	-73.632	15.672
546	1664.000	-0.937	-0.653	0.000	-73.621	8.356
562	1664.000	-0.934	-0.788	0.000	-74.165	-4.601
578	1664.000	-0.625	-0.770	0.000	-73.632	-3.381
594	1664.000	-0.760	-0.820	0.000	-74.211	-7.783
610	1664.000	-0.931	-0.568	0.000	-76.923	20.145
1266	1664.000	-0.316	-0.373	0.000	-23.145	-14.141
1282	1664.000	-0.276	-0.099	0.000	-22.847	12.918
1298	1664.000	-0.291	-0.474	0.000	-22.861	-24.582
1314	1664.000	-0.274	-0.351	0.000	-22.794	-12.348
1330	1664.000	-0.264	-0.056	0.000	-22.670	17.025
1346	1664.000	-0.304	-0.151	0.063	-23.064	-23.678
1362	1664.000	-0.233	0.016	0.000	-23.198	24.785
1378	1664.000	-0.308	-0.098	0.000	-22.681	12.873
1394	1664.000	-0.303	-0.440	0.000	-22.723	-21.296
1410	1664.000	-0.235	-0.194	0.000	-22.634	3.284
1426	1664.000	-0.293	-0.187	0.000	-22.726	3.991
1442	1664.000	-0.242	-0.082	0.000	-22.678	14.458
1458	1664.000	-0.269	-0.302	0.000	-22.863	-7.306
1474	1664.000	-0.286	-0.227	0.000	-22.777	0.114
1490	1664.000	-0.291	-0.301	0.000	-22.746	-7.336
1506	1664.000	-0.264	-0.303	0.000	-22.634	-7.683
1522	1664.000	-0.281	-0.112	0.000	-22.634	11.444
1538	1664.000	-0.276	-0.271	0.000	-22.669	-4.401
1554	1664.000	-0.300	-0.334	0.000	-22.667	-10.695
1570	1664.000	-0.310	-0.311	0.000	-22.826	-8.309
1586	1664.000	-0.314	-0.345	0.000	-23.477	-10.996
1602	1664.000	-0.341	-0.288	0.000	-23.062	-5.772
1618	1664.000	-0.343	-0.275	0.000	-22.812	-4.649
1634	1664.000	-0.322	-0.193	0.000	-22.741	3.473
1650	1664.000	-0.233	-0.166	0.000	-22.889	6.273
1666	1664.000	-0.253	-0.267	0.000	-23.142	-3.540
1682	1664.000	-0.284	-0.104	0.000	-22.790	12.406
1698	1664.000	-0.299	-0.429	0.000	-22.751	-20.188
1714	1664.000	-0.299	-0.228	0.033	-23.221	-16.031
1730	1664.000	-0.264	-0.164	0.000	-22.601	6.246
1746	1664.000	-0.282	-0.475	0.000	-22.756	-24.718
1762	1664.000	-0.264	-0.070	0.000	-22.701	15.715
1778	1664.000	-0.274	-0.316	0.000	-22.634	-8.987
1794	1664.000	-0.308	-0.231	0.000	-22.689	-0.450
1810	1664.000	-0.233	0.001	0.000	-22.741	22.816
1826	1664.000	-0.282	-0.244	0.000	-22.951	-1.493
1842	1664.000	-0.311	-0.444	0.000	-23.560	-20.825
1858	1664.000	-0.294	-0.195	0.000	-23.007	3.544
1874	1664.000	-0.348	-0.467	0.000	-23.392	-23.346
2514	1664.000	-0.380	-0.486	0.000	-30.610	-17.972
2530	1664.000	-0.351	-0.292	0.000	-30.413	1.216
2546	1664.000	-0.399	-0.206	0.000	-30.873	10.260
2562	1664.000	-0.412	-0.485	0.000	-30.446	-18.006
2578	1664.000	-0.390	-0.284	0.000	-31.023	2.637
2594	1664.000	-0.350	-0.197	0.000	-30.713	11.006
2610	1664.000	-0.405	-0.372	0.000	-30.262	-6.912
2626	1664.000	-0.406	-0.538	0.000	-30.552	-23.208
2642	1664.000	-0.402	-0.461	0.000	-30.964	-15.170
2658	1664.000	-0.392	-0.192	0.000	-30.447	11.267
2674	1664.000	-0.338	-0.113	0.000	-30.303	19.001
2690	1664.000	-0.403	-0.136	0.000	-30.994	17.391
2706	1664.000	-0.404	-0.465	0.000	-30.492	-16.002
2722	1664.000	-0.331	-0.077	0.000	-31.027	23.357
2738	1664.000	-0.414	-0.314	0.000	-30.747	-0.619
2754	1664.000	-0.378	-0.114	0.000	-30.259	18.851
2770	1664.000	-0.435	-0.188	0.000	-30.727	11.958
2786	1664.000	-0.397	-0.525	0.000	-30.410	-22.095
2802	1664.000	-0.360	-0.095	0.000	-30.358	20.854
2818	1664.000	-0.340	-0.375	0.000	-30.420	-7.069
2834	1664.000	-0.326	-0.244	0.000	-30.438	5.996
2850	1664.000	-0.346	-0.344	0.000	-30.357	-4.053
2866	1664.000	-0.355	-0.017	0.051	-30.566	3.310
2882	1664.000	-0.421	-0.471	0.000	-30.833	-16.283
2898	1664.000	-0.407	-0.140	0.000	-30.343	16.321
2914	1664.000	-0.350	-0.158	0.000	-31.032	15.218
2930	1664.000	-0.356	-0.144	0.000	-30.458	16.059
2946	1664.000	-0.408	-0.197	0.000	-30.299	10.568
2962	1664.000	-0.422	-0.378	0.000	-31.182	-6.577
2978	1664.000	-0.372	-0.470	0.000	-30.481	-16.478
2994	1664.000	-0.383	-0.266	0.000	-30.592	3.960
3010	1664.000	-0.379	-0.220	0.000	-31.161	9.181
3026	1664.000	-0.354	-0.005	0.061	-30.342	-0.515
3042	1664.000	-0.372	-0.002	0.044	-30.431	8.162
3058	1664.000	-0.364	-0.269	0.000	-30.546	3.601
3074	1664.000	-0.323	-0.120	0.000	-30.399	18.410
3090	1664.000	-0.361	-0.261	0.000	-30.848	4.743
3106	1664.000	-0.335	-0.305	0.000	-31.024	0.572
3122	1664.000	-0.386	-0.208	0.000	-31.037	10.230
3762	1664.000	-0.372	-0.430	0.000	-30.135	-12.891
3778	1664.000	-0.384	-0.201	0.000	-30.137	10.036
3794	1664.000	-0.423	-0.429	0.000	-30.360	-12.499
3810	1664.000	-0.404	-0.334	0.000	-30.129	-3.233
3826	1664.000	-0.342	-0.161	0.000	-30.367	14.309
3842	1664.000	-0.372	-0.469	0.000	-30.362	-16.524
3858	1664.000	-0.468	-0.334	0.000	-30.155	-3.254
3874	1664.000	-0.356	-0.237	0.000	-30.034	6.319
3890	1664.000	-0.318	-0.397	0.000	-30.609	-9.083
3906	1664.000	-0.377	-0.372	0.000	-30.311	-6.935
3922	1664.000	-0.386	-0.459	0.000	-30.138	-15.750
3938	1664.000	-0.415	-0.419	0.000	-30.471	-11.444
3954	1664.000	-0.369	-0.502	0.000	-30.241	-19.988
3970	1664.000	-0.363	-0.272	0.000	-30.667	3.508
3986	1664.000	-0.370	-0.258	0.000	-30.396	4.583
4002	1664.000	-0.366	-0.114	0.000	-30.222	18.807
4018	1664.000	-0.412	-0.226	0.000	-30.411	7.820
4034	1664.000	-0.333	-0.176	0.000	-30.154	12.574
4050	1664.000	-0.385	-0.261	0.000	-30.191	4.049
4066	1664.000	-0.407	-0.288	0.000	-30.126	1.284
4082	1664.000	-0.383	-0.077	0.000	-30.156	22.453
4098	1664.000	-0.380	-0.407	0.000	-30.752	-9.915
4114	1664.000	-0.365	-0.320	0.000	-30.133	-1.845
4130	1664.000	-0.385	-0.180	0.000	-30.112	12.160
4146	1664.000	-0.405	-0.343	0.000	-30.486	-3.776
4162	1664.000	-0.317	0.106	0.068	-30.135	6.706
4178	1664.000	-0.375	-0.076	0.000	-30.146	22.499
4194	1664.000	-0.407	-0.406	0.000	-30.021	-10.553
4210	1664.000	-0.381	-0.129	0.000	-29.876	16.933
4226	1664.000	-0.376	-0.265	0.000	-30.237	3.760
4242	1664.000	-0.356	-0.520	0.000	-30.010	-22.012
4258	1664.000	-0.329	-0.403	0.000	-29.865	-10.429
4274	1664.000	-0.381	-0.379	0.000	-30.724	-7.191
4290	1664.000	-0.381	-0.436	0.000	-29.941	-13.687
4306	1664.000	-0.399	-0.522	0.000	-29.902	-22.311
4322	1664.000	-0.350	-0.321	0.000	-30.234	-1.862
4338	1664.000	-0.328	-0.166	0.000	-30.218	13.597
4354	1664.000	-0.318	-0.415	0.000	-29.864	-11.657
4370	1664.000	-0.398	-0.362	0.000	-30.312	-5.937
5010	1664.000	-0.281	-0.285	0.000	-21.559	-6.949
5026	1664.000	-0.247	-0.048	0.000	-21.557	16.785
5042	1664.000	-0.289	-0.403	0.000	-21.834	-18.457
5058	1664.000	-0.243	-0.231	0.000	-21.784	-1.291
5074	1664.000	-0.249	-0.310	0.000	-21.626	-9.387
5090	1664.000	-0.325	-0.441	0.000	-21.783	-22.292
5106	1664.000	-0.260	-0.284	0.000	-21.643	-6.741
5122	1664.000	-0.279	-0.261	0.000	-21.625	-4.446
5138	1664.000	-0.320	-0.422	0.000	-22.133	-20.105
5154	1664.000	-0.256	-0.121	0.000	-21.779	9.648
5170	1664.000	-0.246	0.005	0.000	-21.815	22.358
5186	1664.000	-0.261	-0.069	0.000	-22.155	15.205
5202	1664.000	-0.270	-0.227	0.000	-21.795	-0.927
5218	1664.000	-0.309	-0.404	0.000	-21.668	-18.725
5234	1664.000	-0.296	-0.226	0.000	-21.993	-0.601
5250	1664.000	-0.235	-0.330	0.000	-21.927	-11.103
5266	1664.000	-0.324	-0.265	0.000	-22.201	-4.301
5282	1664.000	-0.290	-0.028	0.000	-21.699	18.891
5298	1664.000	-0.311	-0.148	0.000	-21.902	7.135
5314	1664.000	-0.255	-0.030	0.000	-21.770	18.740
5330	1664.000	-0.234	-0.183	0.000	-22.163	3.815
5346	1664.000	-0.279	-0.177	0.000	-21.792	4.126
5362	1664.000	-0.262	-0.046	0.000	-21.598	16.997
5378	1664.000	-0.267	-0.333	0.000	-22.590	-10.668
5394	1664.000	-0.285	-0.019	0.000	-21.960	20.036
5410	1664.000	-0.275	-0.464	0.000	-21.560	-24.862
5426	1664.000	-0.212	-0.328	0.000	-22.291	-10.546
5442	1664.000	-0.284	-0.337	0.000	-21.557	-12.170
5458	1664.000	-0.269	-0.298	0.000	-21.552	-8.224
5474	1664.000	-0.291	-0.351	0.000	-21.820	-13.289
5490	1664.000	-0.236	0.025	0.000	-21.557	24.051
5506	1664.000	-0.276	-0.420	0.000	-21.625	-20.379
5522	1664.000	-0.263	0.021	0.000	-21.638	23.765
5538	1664.000	-0.212	0.009	0.000	-21.552	22.501
5554	1664.000	-0.266	-0.215	0.000	-21.903	0.440
5570	1664.000	-0.282	-0.107	0.000	-21.698	10.977
5586	1664.000	-0.275	0.006	0.000	-21.558	22.201
5602	1664.000	-0.220	0.018	0.000	-21.687	23.475
5618	1664.000	-0.306	-0.407	0.000	-21.802	-18.902
6258	1664.000	-0.884	-0.691	0.000	-76.173	7.085
6274	1664.000	-0.996	-0.881	0.000	-76.971	-11.082
6290	1664.000	-0.894	-0.526	0.013	-76.171	17.110
6306	1664.000	-0.917	-0.866	0.000	-76.193	-10.440
6322	1664.000	-0.890	-0.710	0.000	-76.155	5.165
6338	1664.000	-0.927	-0.706	0.000	-76.155	5.589
6354	1664.000	-0.555	-0.620	0.000	-76.451	14.459
6370	1664.000	-1.006	-0.848	0.000	-78.491	-6.349
6386	1664.000	-0.964	-0.844	0.000	-76.155	-8.199
6402	1664.000	-0.745	-0.767	0.000	-76.155	-0.535
6418	1664.000	-0.947	-0.624	0.000	-78.224	15.781
6434	1664.000	-0.948	-0.759	0.000	-78.703	2.828
6450	1664.000	-0.911	-0.563	0.000	-76.155	19.851
6466	1664.000	-0.980	-0.895	0.000	-78.643	-10.902
6482	1664.000	-0.962	-0.779	0.000	-76.898	-0.964
6498	1664.000	-0.888	-0.555	0.000	-76.451	20.954
6514	1664.000	-0.919	-0.777	0.000	-76.155	-1.586
6530	1664.000	-0.916	-0.764	0.000	-76.201	-0.186
6546	1664.000	-0.950	-0.627	0.000	-77.491	14.812
6562	1664.000	-0.978	-0.821	0.000	-76.156	-5.962
6578	1664.000	-0.913	-0.625	0.000	-76.181	13.679
6594	1664.000	-0.928	-0.561	0.000	-76.178	20.030
6610	1664.000	-0.979	-0.773	0.000	-76.498	-0.846
6626	1664.000	-0.930	-0.856	0.000	-76.760	-8.816
6642	1664.000	-0.956	-0.978	0.000	-76.796	-20.989
6658	1664.000	-0.988	-0.921	0.000	-77.532	-14.615
6674	1664.000	-0.970	-0.526	0.000	-76.180	23.574
6690	1664.000	-0.899	-0.879	0.000	-76.172	-11.678
6706	1664.000	-0.901	-0.545	0.000	-76.833	22.344
6722	1664.000	-0.947	-0.712	0.000	-76.155	4.987
6738	1664.000	-0.956	-1.009	0.000	-76.185	-24.674
6754	1664.000	-1.045	-0.788	0.000	-78.582	-0.245
6770	1664.000	-0.906	-0.635	0.069	-76.155	-21.727
6786	1664.000	-0.940	-0.668	0.000	-76.155	9.330
6802	1664.000	-0.949	-1.023	0.000	-77.847	-24.421
6818	1664.000	-0.918	-0.967	0.000	-80.723	-15.991
6834	1664.000	-0.714	-0.552	0.000	-76.156	20.969
6850	1664.000	-0.929	-1.024	0.000	-77.871	-24.566
6866	1664.000	-0.912	-0.570	0.091	-79.528	-22.874
7522	1664.000	-0.901	-0.587	0.000	-72.797	14.076
7538	1664.000	-0.889	-0.514	0.000	-73.040	21.678
7554	1664.000	-0.883	-0.729	0.000	-72.178	-0.690
7570	1664.000	-0.913	-0.852	0.000	-72.200	-12.962
7586	1664.000	-0.947	-0.764	0.000	-72.986	-3.374
7602	1664.000	-0.915	-0.516	0.000	-72.869	21.284
7618	1664.000	-0.901	-0.588	0.000	-72.808	14.022
7634	1664.000	-0.915	-0.588	0.000	-72.784	13.978
7650	1664.000	-0.876	-0.679	0.000	-72.874	4.957
7666	1664.000	-0.915	-0.876	0.000	-72.853	-14.790
7682	1664.000	-0.847	-0.560	0.000	-72.164	16.144
7698	1664.000	-0.870	-0.503	0.000	-72.203	21.886
7714	1664.000	-0.880	-0.947	0.000	-76.167	-18.557
7730	1664.000	-0.648	-0.583	0.000	-72.216	13.887
7746	1664.000	-0.861	-0.573	0.000	-72.198	14.917
7762	1664.000	-0.925	-0.920	0.000	-72.784	-19.181
7778	1664.000	-0.903	-0.614	0.000	-74.326	12.972
7794	1664.000	-0.945	-0.699	0.000	-72.232	2.347
7810	1664.000	-0.907	-0.649	0.000	-72.969	8.044
7826	1664.000	-0.940	-0.719	0.000	-72.975	1.099
7842	1664.000	-0.937	-0.578	0.000	-72.196	14.446
7858	1664.000	-0.944	-0.862	0.000	-72.792	-13.456
7874	1664.000	-0.897	-0.564	0.000	-73.887	17.458
7890	1664.000	-0.904	-0.931	0.000	-72.164	-20.911
7906	1664.000	-0.867	-0.589	0.000	-72.164	13.235
7922	1664.000	-0.932	-0.801	0.000	-72.931	-7.151
7938	1664.000	-0.950	-0.930	0.000	-72.979	-19.987
7954	1664.000	-0.937	-0.902	0.000	-72.178	-18.048
7970	1664.000	-0.725	-0.627	0.000	-72.164	9.415
7986	1664.000	-0.877	-0.586	0.000	-72.993	14.372
8002	1664.000	-0.908	-0.614	0.000	-72.524	11.122
8018	1664.000	-0.890	-0.639	0.000	-73.337	9.389
8034	1664.000	-0.897	-0.540	0.000	-72.164	18.163
8050	1664.000	-0.904	-0.641	0.000	-72.474	8.399
8066	1664.000	-0.938	-0.786	0.000	-75.207	-3.348
8082	1664.000	-0.897	-0.840	0.000	-72.164	-11.797
8098	1664.000	-0.962	-0.737	0.000	-74.306	0.647
8114	1664.000	-0.934	-0.890	0.000	-72.919	-16.096
8130	1664.000	-0.894	-0.885	0.000	-72.182	-16.359
8770	1664.000	-0.313	-0.462	0.000	-25.032	-21.201
8786	1664.000	-0.370	-0.483	0.000	-25.150	-23.175
8802	1664.000	-0.283	-0.379	0.000	-25.147	-12.718
8818	1664.000	-0.261	-0.021	0.000	-25.167	23.057
8834	1664.000	-0.319	-0.131	0.000	-25.367	12.237
8850	1664.000	-0.264	-0.044	0.000	-25.214	20.837
8866	1664.000	-0.367	-0.360	0.000	-25.637	-10.356
8882	1664.000	-0.377	-0.484	0.000	-25.302	-23.148
8898	1664.000	-0.253	-0.012	0.000	-25.549	24.353
8914	1664.000	-0.314	-0.079	0.000	-25.279	17.347
8930	1664.000	-0.332	-0.241	0.000	-25.359	1.237
8946	1664.000	-0.341	-0.400	0.000	-25.772	-14.264
8962	1664.000	-0.320	-0.475	0.000	-25.100	-22.365
8978	1664.000	-0.347	-0.430	0.000	-25.197	-17.841
8994	1664.000	-0.365	-0.443	0.000	-25.437	-18.885
9010	1664.000	-0.337	-0.016	0.000	-25.002	23.396
9026	1664.000	-0.369	-0.497	0.000	-25.418	-24.276
9042	1664.000	-0.316	-0.154	0.000	-25.861	10.470
9058	1664.000	-0.314	-0.454	0.000	-25.519	-19.891
9074	1664.000	-0.360	-0.133	0.000	-25.677	12.391
9090	1664.000	-0.336	-0.329	0.000	-25.324	-7.563
9106	1664.000	-0.339	-0.474	0.000	-25.093	-22.288
9122	1664.000	-0.330	-0.143	0.000	-25.978	11.677
9138	1664.000	-0.320	-0.006	0.000	-25.000	24.425
9154	1664.000	-0.315	-0.250	0.000	-25.001	0.002
9170	1664.000	-0.362	-0.404	0.000	-25.820	-14.609
9186	1664.000	-0.352	-0.354	0.000	-25.091	-10.352
9202	1664.000	-0.295	-0.169	0.000	-25.076	8.212
9218	1664.000	-0.292	-0.009	0.000	-25.256	24.315
9234	1664.000	-0.317	-0.048	0.000	-25.191	20.379
9250	1664.000	-0.316	-0.235	0.000	-25.231	1.738
9266	1664.000	-0.346	-0.344	0.000	-25.350	-9.007
9282	1664.000	-0.274	-0.297	0.000	-25.077	-4.603
9298	1664.000	-0.300	-0.208	0.000	-25.098	4.341
9314	1664.000	-0.313	-0.222	0.000	-25.170	2.987
9330	1664.000	-0.290	-0.423	0.000	-25.000	-17.313
9346	1664.000	-0.326	-0.494	0.000	-25.179	-24.221
9362	1664.000	-0.335	-0.112	0.000	-25.261	14.031
9378	1664.000	-0.300	-0.007	0.000	-25.070	24.350
10018	1664.000	-0.425	-0.409	0.000	-30.028	-10.861
10034	1664.000	-0.408	-0.493	0.000	-29.958	-19.377
10050	1664.000	-0.359	-0.400	0.000	-30.033	-9.969
10066	1664.000	-0.387	-0.193	0.000	-30.246	10.962
10082	1664.000	-0.425	-0.309	0.000	-30.047	-0.847
10098	1664.000	-0.352	-0.241	0.000	-30.415	6.364
10114	1664.000	-0.368	-0.136	0.000	-30.304	16.673
10130	1664.000	-0.373	-0.544	0.000	-30.045	-24.376
10146	1664.000	-0.386	-0.318	0.000	-31.012	-0.816
10162	1664.000	-0.374	-0.090	0.000	-30.027	20.978
10178	1664.000	-0.434	-0.279	0.000	-30.369	2.457
10194	1664.000	-0.392	-0.224	0.000	-30.314	7.942
10210	1664.000	-0.402	-0.517	0.000	-29.953	-21.724
10226	1664.000	-0.371	-0.330	0.000	-30.297	-2.731
10242	1664.000	-0.380	-0.387	0.000	-30.094	-8.591
10258	1664.000	-0.351	-0.142	0.000	-29.951	15.731
10274	1664.000	-0.342	-0.386	0.000	-30.262	-8.294
10290	1664.000	-0.399	-0.421	0.000	-30.138	-11.990
10306	1664.000	-0.291	-0.208	0.000	-30.588	9.784
10322	1664.000	-0.425	-0.451	0.000	-30.186	-14.880
10338	1664.000	-0.360	-0.208	0.000	-30.224	9.442
10354	1664.000	-0.415	-0.483	0.000	-30.336	-18.006
10370	1664.000	-0.418	-0.363	0.000	-30.535	-5.780
10386	1664.000	-0.335	-0.229	0.000	-30.716	7.857
10402	1664.000	-0.424	-0.501	0.000	-30.563	-19.535
10418	1664.000	-0.387	-0.507	0.000	-30.397	-20.302
10434	1664.000	-0.356	-0.070	0.000	-30.379	23.370
10450	1664.000	-0.356	-0.231	0.000	-30.188	7.071
10466	1664.000	-0.410	-0.443	0.000	-30.221	-14.113
10482	1664.000	-0.343	-0.236	0.000	-30.374	6.793
10498	1664.000	-0.359	-0.063	0.000	-30.089	23.803
10514	1664.000	-0.334	-0.262	0.000	-30.232	4.053
10530	1664.000	-0.372	-0.150	0.000	-30.277	15.240
10546	1664.000	-0.442	-0.559	0.000	-31.017	-24.879
10562	1664.000	-0.413	-0.311	0.000	-30.471	-0.662
10578	1664.000	-0.386	-0.456	0.000	-30.316	-15.285
10594	1664.000	-0.338	-0.318	0.000	-30.195	-1.636
10610	1664.000	-0.330	-0.279	0.000	-30.051	2.141
10626	1664.000	-0.400	-0.328	0.000	-30.050	-2.707
11266	1664.000	-0.328	-0.140	0.000	-29.525	15.501
11282	1664.000	-0.387	-0.446	0.000	-29.392	-15.196
11298	1664.000	-0.394	-0.134	0.000	-29.909	16.472
11314	1664.000	-0.358	-0.403	0.000	-29.336	-10.992
11330	1664.000	-0.361	-0.345	0.000	-29.358	-5.141
11346	1664.000	-0.409	-0.551	0.000	-30.354	-24.736
11362	1664.000	-0.317	-0.074	0.000	-29.273	21.904
11378	1664.000	-0.358	-0.274	0.000	-29.559	2.172
11394	1664.000	-0.346	-0.504	0.000	-29.595	-20.790
11410	1664.000	-0.357	-0.532	0.000	-29.339	-23.866
11426	1664.000	-0.347	-0.161	0.000	-29.632	13.563
11442	1664.000	-0.383	-0.046	0.000	-29.534	24.950
11458	1664.000	-0.348	-0.382	0.000	-29.550	-8.615
11474	1664.000	-0.385	-0.108	0.000	-29.273	18.478
11490	1664.000	-0.324	-0.125	0.000	-29.508	17.034
11506	1664.000	-0.355	-0.208	0.000	-30.124	9.286
11522	1664.000	-0.395	-0.383	0.000	-29.927	-8.345
11538	1664.000	-0.366	-0.079	0.000	-29.367	21.500
11554	1664.000	-0.376	-0.325	0.000	-29.423	-3.084
11570	1664.000	-0.341	-0.177	0.000	-29.893	12.241
11586	1664.000	-0.357	-0.407	0.000	-29.276	-11.473
11602	1664.000	-0.359	-0.156	0.000	-29.750	14.196
11618	1664.000	-0.434	-0.337	0.000	-29.568	-4.099
11634	1664.000	-0.366	-0.248	0.000	-29.415	4.641
11650	1664.000	-0.404	-0.407	0.000	-30.525	-10.175
11666	1664.000	-0.397	-0.300	0.000	-29.383	-0.635
11682	1664.000	-0.322	-0.114	0.000	-29.725	18.314
11698	1664.000	-0.390	-0.433	0.000	-29.738	-13.553
11714	1664.000	-0.398	-0.155	0.000	-29.283	13.795
11730	1664.000	-0.403	-0.384	0.000	-29.581	-8.852
11746	1664.000	-0.391	-0.329	0.000	-29.466	-3.414
11762	1664.000	-0.385	-0.382	0.000	-29.276	-8.956
11778	1664.000	-0.416	-0.236	0.000	-29.273	5.626
11794	1664.000	-0.386	-0.360	0.000	-29.831	-6.162
11810	1664.000	-0.351	-0.199	0.000	-29.295	9.393
11826	1664.000	-0.333	-0.183	0.000	-29.504	11.173
11842	1664.000	-0.333	-0.104	0.000	-29.686	19.325
11858	1664.000	-0.306	-0.155	0.000	-29.280	13.803
11874	1664.000	-0.348	-0.101	0.000	-29.655	19.544
12514	1664.000	-0.307	-0.142	0.000	-23.619	9.429
12530	1664.000	-0.286	-0.271	0.000	-23.808	-3.273
12546	1664.000	-0.312	-0.343	0.000	-23.941	-10.315
12562	1664.000	-0.284	-0.218	0.000	-23.915	2.072
12578	1664.000	-0.333	-0.296	0.000	-24.037	-5.562
12594	1664.000	-0.284	-0.490	0.000	-24.102	-24.854
12610	1664.000	-0.286	-0.419	0.000	-23.734	-18.214
12626	1664.000	-0.292	0.004	0.000	-23.803	24.240
12642	1664.000	-0.316	-0.463	0.000	-23.578	-22.730
12658	1664.000	-0.264	-0.008	0.000	-23.498	22.734
12674	1664.000	-0.305	-0.427	0.000	-23.848	-18.833
12690	1664.000	-0.256	-0.049	0.000	-23.498	18.646
12706	1664.000	-0.296	-0.346	0.000	-23.503	-11.143
12722	1664.000	-0.303	-0.290	0.000	-23.783	-5.238
12738	1664.000	-0.320	-0.053	0.000	-23.690	18.381
12754	1664.000	-0.242	-0.032	0.000	-23.498	20.301
12770	1664.000	-0.328	-0.334	0.000	-23.498	-9.880
12786	1664.000	-0.318	-0.328	0.000	-24.290	-8.531
12802	1664.000	-0.305	-0.122	0.000	-23.500	11.341
12818	1664.000	-0.308	-0.159	0.000	-23.501	7.606
12834	1664.000	-0.280	-0.141	0.000	-24.071	10.017
12850	1664.000	-0.306	-0.479	0.000	-23.517	-24.341
12866	1664.000	-0.311	-0.249	0.000	-23.704	-1.206
12882	1664.000	-0.310	-0.313	0.000	-24.014	-7.260
12898	1664.000	-0.258	-0.013	0.000	-23.822	22.482
12914	1664.000	-0.343	-0.420	0.000	-24.040	-17.983
12930	1664.000	-0.292	-0.219	0.000	-23.711	1.778
12946	1664.000	-0.232	-0.022	0.000	-23.740	21.567
12962	1664.000	-0.262	-0.151	0.000	-23.684	8.588
12978	1664.000	-0.233	-0.193	0.000	-24.269	4.942
12994	1664.000	-0.319	-0.280	0.000	-23.768	-4.244
13010	1664.000	-0.318	-0.308	0.000	-23.505	-7.326
13026	1664.000	-0.284	-0.386	0.000	-23.892	-14.736
13042	1664.000	-0.329	-0.443	0.000	-24.083	-20.264
13058	1664.000	-0.245	-0.287	0.000	-23.575	-5.086
13074	1664.000	-0.310	-0.450	0.000	-23.671	-21.300
13090	1664.000	-0.214	-0.196	0.000	-23.776	4.188
13106	1664.000	-0.357	-0.388	0.000	-23.689	-15.137
13122	1664.000	-0.334	-0.263	0.000	-23.947	-2.316
13138	1664.000	-0.291	-0.015	0.000	-23.676	22.163
13778	1664.000	-0.930	-0.799	0.000	-74.443	-5.457
13794	1664.000	-0.903	-0.761	0.000	-74.120	-1.934
13810	1664.000	-0.880	-0.693	0.000	-74.174	4.837
13826	1664.000	-0.843	-1.012	0.000	-76.332	-24.902
13842	1664.000	-0.992	-0.759	0.000	-75.263	-0.617
13858	1664.000	-0.937	-0.620	0.000	-74.127	12.174
13874	1664.000	-0.878	-0.940	0.000	-74.423	-19.587
13890	1664.000	-0.878	-0.580	0.000	-74.138	16.180
13906	1664.000	-0.906	-0.754	0.000	-75.615	0.186
13922	1664.000	-0.955	-0.635	0.000	-74.120	10.640
13938	1664.000	-0.900	-0.526	0.000	-75.079	22.477
13954	1664.000	-1.014	-0.629	0.000	-78.055	15.162
13970	1664.000	-0.893	-0.649	0.000	-74.821	9.903
13986	1664.000	-1.033	-0.963	0.000	-76.604	-19.720
14002	1664.000	-0.966	-0.840	0.000	-76.329	-7.720
14018	1664.000	-0.939	-0.589	0.000	-76.047	17.168
14034	1664.000	-0.962	-0.586	0.000	-74.120	15.559
14050	1664.000	-0.960	-0.786	0.000	-74.141	-4.482
14066	1664.000	-0.925	-0.495	0.000	-74.134	24.653
14082	1664.000	-0.973	-0.708	0.000	-74.120	3.336
14098	1664.000	-0.868	-0.611	0.000	-74.150	13.027
14114	1664.000	-0.896	-0.637	0.000	-74.120	10.460
14130	1664.000	-0.902	-0.563	0.000	-74.134	17.810
14146	1664.000	-0.902	-0.584	0.000	-75.480	17.032
14162	1664.000	-0.903	-0.652	0.000	-75.396	10.198
14178	1664.000	-0.977	-0.888	0.000	-74.120	-14.699
14194	1664.000	-0.958	-0.869	0.000	-74.158	-12.770
14210	1664.000	-0.913	-0.749	0.000	-75.491	0.596
14226	1664.000	-0.925	-0.650	0.000	-74.120	9.163
14242	1664.000	-0.543	-0.836	0.000	-74.184	-9.441
14258	1664.000	-0.890	-0.554	0.000	-74.120	18.770
14274	1664.000	-0.965	-0.685	0.000	-76.898	8.354
14290	1664.000	-0.907	-0.579	0.000	-74.141	16.227
14306	1664.000	-0.888	-0.773	0.000	-74.134	-3.119
14322	1664.000	-0.983	-0.702	0.000	-75.967	5.780
14338	1664.000	-0.930	-0.791	0.000	-74.120	-5.029
14354	1664.000	-0.804	-0.618	0.000	-74.158	12.387
14370	1664.000	-0.993	-0.852	0.000	-75.032	-10.211
14386	1664.000	-0.917	-0.577	0.000	-74.136	16.424
2	1665.000	-0.892	-1.026	0.000	-126.217	23.592
18	1665.000	-0.984	-1.406	0.000	-128.082	-12.543
34	1665.000	-0.973	-1.186	0.000	-123.365	4.724
50	1665.000	-0.878	-0.887	0.043	-125.074	14.715
66	1665.000	-0.997	-1.348	0.000	-127.659	-7.190
82	1665.000	-0.993	-1.217	0.000	-127.469	5.815
98	1665.000	-0.963	-1.155	0.000	-126.217	10.755
114	1665.000	-0.952	-1.278	0.000	-125.158	-2.636
130	1665.000	-0.883	-0.853	0.074	-121.766	-0.740
146	1665.000	-0.833	-1.552	0.000	-135.257	-19.920
162	1665.000	-0.905	-1.150	0.000	-121.063	6.078
178	1665.000	-0.686	-0.629	0.131	-121.011	-7.302
194	1665.000	-0.999	-1.110	0.063	-133.609	-8.618
210	1665.000	-0.943	-1.282	0.000	-131.978	3.751
226	1665.000	-0.809	-1.306	0.000	-121.011	-9.591
242	1665.000	-1.021	-1.412	0.000	-133.739	-7.426
258	1665.000	-0.968	-1.375	0.007	-130.280	-10.749
274	1665.000	-0.893	-1.053	0.000	-122.947	17.676
290	1665.000	-0.934	-1.167	0.047	-125.087	-14.891
306	1665.000	-0.918	-1.075	0.000	-126.217	18.736
322	1665.000	1.295	3.688	0.000	-135.048	3.811
338	1665.000	-0.937	-1.064	0.074	-125.074	-18.432
354	1665.000	-0.976	-1.210	0.000	-128.196	7.234
370	1665.000	-0.965	-1.218	0.000	-123.514	1.726
386	1665.000	-0.948	-1.283	0.021	-136.355	-2.461
402	1665.000	-0.977	-1.230	0.000	-128.516	5.501
418	1665.000	-0.967	-1.439	0.000	-122.215	-21.664
434	1665.000	-0.975	-1.096	0.000	-126.797	17.236
450	1665.000	-0.906	-1.039	0.000	-121.011	17.134
466	1665.000	-0.989	-1.563	0.009	-138.591	-21.984
482	1665.000	-0.875	-1.074	0.007	-129.560	18.772
498	1665.000	-0.954	-1.342	0.000	-129.590	-4.605
514	1665.000	-0.667	-0.672	0.079	-131.055	24.363
530	1665.000	-0.954	-1.304	0.000	-121.028	-9.337
546	1665.000	-0.987	-1.288	0.002	-129.566	-0.457
562	1665.000	-0.942	-1.145	0.000	-132.464	17.954
578	1665.000	-0.728	-1.250	0.000	-121.028	-3.927
594	1665.000	-0.840	-1.421	0.000	-121.551	-20.507
610	1665.000	-0.910	-0.793	0.060	-124.005	14.693
1266	1665.000	-0.199	0.389	0.077	-22.171	22.482
1282	1665.000	-0.246	-0.136	0.000	-21.901	8.336
1298	1665.000	-0.138	0.541	0.164	-21.914	-5.901
1314	1665.000	-0.224	-0.054	0.065	-21.853	-15.928
1330	1665.000	-0.187	0.375	0.079	-21.741	19.981
1346	1665.000	-0.148	0.733	0.152	-22.098	19.518
1362	1665.000	-0.158	0.290	0.081	-22.219	10.690
1378	1665.000	-0.281	-0.057	0.000	-21.751	16.088
1394	1665.000	-0.318	-0.425	0.000	-21.789	-20.674
1410	1665.000	-0.228	-0.154	0.000	-21.709	6.357
1426	1665.000	-0.281	-0.278	0.012	-21.792	-11.980
1442	1665.000	-0.231	-0.300	0.019	-21.749	-17.521
1458	1665.000	-0.197	0.147	0.064	-21.916	4.670
1474	1665.000	-0.209	0.122	0.100	-21.838	-16.048
1490	1665.000	-0.295	-0.416	0.000	-21.810	-19.798
1506	1665.000	-0.177	0.115	0.069	-21.709	-1.529
1522	1665.000	-0.276	-0.118	0.000	-21.708	9.868
1538	1665.000	-0.188	0.182	0.064	-21.740	8.223
1554	1665.000	-0.270	-0.170	0.009	-21.738	0.209
1570	1665.000	-0.287	-0.176	0.000	-21.882	4.277
1586	1665.000	-0.231	0.027	0.100	-22.471	-24.862
1602	1665.000	-0.228	0.390	0.073	-22.096	24.858
1618	1665.000	-0.285	0.066	0.066	-21.869	-4.280
1634	1665.000	-0.307	-0.141	0.000	-21.805	7.661
1650	1665.000	-0.222	-0.129	0.000	-21.939	9.028
1666	1665.000	-0.156	0.179	0.091	-22.168	-5.400
1682	1665.000	-0.230	0.026	0.003	-21.849	22.773
1698	1665.000	-0.253	-0.045	0.000	-21.814	17.340
1714	1665.000	-0.157	0.550	0.166	-22.240	-5.803
1730	1665.000	-0.257	-0.391	0.000	-21.678	-17.417
1746	1665.000	-0.213	-0.039	0.078	-21.818	-21.295
1762	1665.000	-0.279	-0.251	0.000	-21.769	-3.310
1778	1665.000	-0.258	-0.261	0.000	-21.708	-4.389
1794	1665.000	-0.198	0.292	0.056	-21.758	22.922
1810	1665.000	-0.217	-0.008	0.000	-21.805	21.018
1826	1665.000	-0.282	-0.210	0.000	-21.995	1.035
1842	1665.000	-0.274	0.009	0.041	-22.546	3.032
1858	1665.000	-0.280	-0.149	0.000	-22.046	7.145
1874	1665.000	-0.351	-0.435	0.005	-22.394	-23.657
2514	1665.000	-0.347	-0.163	0.004	-29.342	11.075
2530	1665.000	-0.316	-0.186	0.000	-29.163	10.545
2546	1665.000	-0.360	-0.131	0.021	-29.579	6.193
2562	1665.000	-0.381	-0.079	0.000	-29.194	21.290
2578	1665.000	-0.287	0.202	0.105	-29.715	-2.796
2594	1665.000	-0.358	-0.430	0.000	-29.435	-13.614
2610	1665.000	-0.384	-0.078	0.000	-29.027	21.236
2626	1665.000	-0.403	-0.274	0.000	-29.289	1.845
2642	1665.000	-0.308	-0.065	0.077	-29.662	-15.109
2658	1665.000	-0.413	-0.500	0.000	-29.194	-20.815
2674	1665.000	-0.302	-0.080	0.022	-29.064	10.091
2690	1665.000	-0.349	-0.146	0.038	-29.689	-4.028
2706	1665.000	-0.420	-0.494	0.005	-29.235	-22.504
2722	1665.000	-0.308	-0.170	0.062	-29.719	-18.486
2738	1665.000	-0.351	0.001	0.058	-29.465	0.630
2754	1665.000	-0.326	0.075	0.050	-29.024	11.556
2770	1665.000	-0.426	-0.330	0.000	-29.447	-3.513
2786	1665.000	-0.360	-0.376	0.013	-29.161	-14.960
2802	1665.000	-0.288	0.078	0.034	-29.114	19.898
2818	1665.000	-0.311	-0.278	0.027	-29.170	-12.122
2834	1665.000	-0.305	-0.290	0.010	-29.186	-4.837
2850	1665.000	-0.345	-0.253	0.019	-29.113	-5.744
2866	1665.000	-0.200	0.472	0.122	-29.302	15.740
2882	1665.000	-0.312	0.132	0.110	-29.543	-12.290
2898	1665.000	-0.333	-0.186	0.066	-29.100	-22.740
2914	1665.000	-0.280	0.208	0.062	-29.723	19.505
2930	1665.000	-0.351	-0.214	0.000	-29.204	7.816
2946	1665.000	-0.310	0.208	0.114	-29.060	-7.088
2962	1665.000	-0.363	0.053	0.053	-29.859	8.844
2978	1665.000	-0.355	-0.220	0.017	-29.225	-1.351
2994	1665.000	-0.236	0.469	0.134	-29.325	9.317
3010	1665.000	-0.190	0.762	0.165	-29.840	23.779
3026	1665.000	-0.303	-0.195	0.061	-29.099	-20.715
3042	1665.000	-0.288	0.229	0.057	-29.180	23.589
3058	1665.000	-0.381	-0.529	0.000	-29.283	-23.600
3074	1665.000	-0.266	-0.051	0.033	-29.151	7.406
3090	1665.000	-0.325	-0.159	0.000	-29.557	13.612
3106	1665.000	-0.322	-0.079	0.000	-29.716	21.839
3122	1665.000	-0.368	-0.058	0.000	-29.728	23.941
3762	1665.000	-0.284	0.008	0.062	-28.890	-1.448
3778	1665.000	-0.302	0.155	0.063	-28.892	12.868
3794	1665.000	-0.391	-0.318	0.025	-29.094	-15.409
3810	1665.000	-0.127	1.188	0.262	-28.885	16.810
3826	1665.000	-0.310	-0.134	0.000	-29.101	15.655
3842	1665.000	-0.117	1.018	0.224	-29.095	18.917
3858	1665.000	-0.343	0.180	0.122	-28.908	-13.981
3874	1665.000	-0.262	0.027	0.075	-28.799	-5.937
3890	1665.000	-0.276	-0.216	0.056	-29.319	-20.084
3906	1665.000	-0.205	0.496	0.142	-29.050	7.694
3922	1665.000	-0.219	0.602	0.143	-28.893	17.621
3938	1665.000	-0.385	-0.170	0.000	-29.194	12.209
3954	1665.000	-0.295	0.105	0.070	-28.986	4.669
3970	1665.000	-0.323	-0.332	0.040	-29.372	-23.719
3986	1665.000	-0.281	0.205	0.059	-29.127	20.286
4002	1665.000	-0.313	0.061	0.065	-28.969	2.618
4018	1665.000	-0.398	-0.270	0.000	-29.141	2.096
4034	1665.000	-0.326	-0.245	0.000	-28.908	4.361
4050	1665.000	-0.329	0.054	0.062	-28.942	3.451
4066	1665.000	-0.410	-0.328	0.000	-28.883	-3.873
4082	1665.000	-0.335	-0.173	0.023	-28.910	0.073
4098	1665.000	-0.328	-0.052	0.033	-29.448	7.836
4114	1665.000	-0.313	-0.132	0.008	-28.888	11.511
4130	1665.000	-0.273	0.460	0.103	-28.870	23.224
4146	1665.000	-0.375	-0.050	0.084	-29.208	-17.756
4162	1665.000	-0.233	0.342	0.086	-28.890	19.934
4178	1665.000	-0.327	-0.097	0.010	-28.900	14.116
4194	1665.000	-0.362	-0.215	0.000	-28.787	7.267
4210	1665.000	-0.364	-0.393	0.000	-28.656	-10.654
4226	1665.000	-0.266	0.212	0.138	-28.982	-18.927
4242	1665.000	-0.350	-0.441	0.000	-28.778	-15.326
4258	1665.000	-0.319	-0.217	0.000	-28.646	6.899
4274	1665.000	-0.295	0.109	0.070	-29.423	5.175
4290	1665.000	-0.355	-0.396	0.012	-28.715	-17.049
4306	1665.000	-0.381	-0.107	0.000	-28.680	18.006
4322	1665.000	-0.157	0.606	0.215	-28.980	-17.840
4338	1665.000	-0.245	0.176	0.046	-28.966	23.728
4354	1665.000	-0.242	0.112	0.067	-28.645	6.195
4370	1665.000	-0.381	-0.242	0.000	-29.051	4.885
5010	1665.000	-0.209	0.243	0.051	-20.679	19.360
5026	1665.000	-0.204	-0.178	0.030	-20.677	-12.353
5042	1665.000	-0.166	0.544	0.125	-20.927	12.769
5058	1665.000	0.005	1.203	0.233	-20.882	24.531
5074	1665.000	-0.078	0.742	0.152	-20.740	18.984
5090	1665.000	-0.276	-0.046	0.045	-20.882	-6.071
5106	1665.000	-0.083	0.706	0.147	-20.755	17.595
5122	1665.000	-0.229	0.025	0.008	-20.738	19.452
5138	1665.000	-0.241	0.133	0.041	-21.198	14.213
5154	1665.000	-0.234	-0.213	0.000	-20.877	-0.459
5170	1665.000	-0.167	0.375	0.083	-20.910	17.121
5186	1665.000	-0.211	-0.060	0.043	-21.218	-6.307
5202	1665.000	-0.250	-0.221	0.000	-20.892	-1.247
5218	1665.000	-0.280	-0.134	0.001	-20.778	6.697
5234	1665.000	-0.164	0.478	0.156	-21.072	-9.152
5250	1665.000	-0.190	-0.063	0.079	-21.012	-24.542
5266	1665.000	-0.125	0.654	0.210	-21.260	-18.492
5282	1665.000	-0.276	-0.029	0.000	-20.805	17.889
5298	1665.000	-0.328	-0.392	0.000	-20.989	-18.213
5314	1665.000	-0.205	0.074	0.048	-20.870	4.068
5330	1665.000	-0.237	-0.442	0.000	-21.225	-23.017
5346	1665.000	-0.284	-0.286	0.020	-20.889	-17.519
5362	1665.000	-0.171	0.250	0.097	-20.714	-2.763
5378	1665.000	-0.242	-0.079	0.000	-21.612	13.714
5394	1665.000	-0.247	0.050	0.004	-21.042	23.937
5410	1665.000	-0.255	-0.090	0.000	-20.680	11.655
5426	1665.000	-0.230	-0.442	0.000	-21.341	-22.828
5442	1665.000	-0.239	0.092	0.030	-20.677	14.711
5458	1665.000	-0.126	0.563	0.127	-20.672	13.667
5474	1665.000	-0.243	-0.012	0.000	-20.915	19.672
5490	1665.000	-0.234	-0.084	0.000	-20.677	12.306
5506	1665.000	-0.230	0.040	0.000	-20.738	24.721
5522	1665.000	-0.221	-0.023	0.009	-20.751	13.818
5538	1665.000	-0.219	-0.311	0.000	-20.673	-10.419
5554	1665.000	-0.229	0.135	0.112	-20.990	-21.453
5570	1665.000	-0.067	0.905	0.207	-20.805	7.869
5586	1665.000	-0.155	0.364	0.079	-20.678	17.847
5602	1665.000	-0.172	0.022	0.065	-20.794	-9.283
5618	1665.000	-0.216	0.330	0.063	-20.898	22.543
6258	1665.000	-0.892	-1.225	0.032	-122.152	-16.085
6274	1665.000	-1.038	-1.450	0.000	-124.804	-20.185
6290	1665.000	-0.836	-0.846	0.107	-124.081	-13.826
6306	1665.000	-0.883	-0.910	0.059	-124.100	3.512
6322	1665.000	-0.926	-1.297	0.037	-130.261	-18.108
6338	1665.000	-0.947	-1.209	0.000	-127.342	6.400
6354	1665.000	-0.648	-1.193	0.000	-122.404	3.067
6370	1665.000	-1.069	-1.559	0.000	-135.203	-20.741
6386	1665.000	-1.006	-1.257	0.000	-138.295	12.593
6402	1665.000	-0.851	-1.389	0.000	-130.684	-8.173
6418	1665.000	-1.015	-1.513	0.000	-133.276	-18.017
6434	1665.000	-0.890	-0.749	0.083	-128.504	12.019
6450	1665.000	-0.963	-1.260	0.000	-122.136	-3.907
6466	1665.000	-0.912	-0.735	0.093	-140.547	20.264
6482	1665.000	-0.972	-1.254	0.000	-122.807	-2.609
6498	1665.000	-0.920	-1.166	0.042	-122.404	-15.108
6514	1665.000	-0.942	-1.123	0.057	-126.198	-14.633
6530	1665.000	-0.917	-1.112	0.025	-126.239	2.341
6546	1665.000	-0.978	-1.180	0.000	-123.345	5.377
6562	1665.000	-0.971	-1.078	0.000	-122.136	14.335
6578	1665.000	-0.943	-1.093	0.000	-122.160	12.898
6594	1665.000	-0.962	-1.189	0.000	-122.157	3.274
6610	1665.000	-1.003	-1.346	0.000	-122.446	-12.141
6626	1665.000	-0.942	-1.104	0.000	-124.765	14.379
6642	1665.000	-0.979	-1.306	0.000	-122.716	-7.850
6658	1665.000	-1.031	-1.459	0.000	-123.382	-22.534
6674	1665.000	-1.004	-1.381	0.000	-122.159	-15.980
6690	1665.000	-0.932	-1.145	0.000	-122.151	7.663
6706	1665.000	-0.925	-1.280	0.000	-122.749	-5.245
6722	1665.000	-0.996	-1.339	0.000	-122.136	-11.762
6738	1665.000	-0.984	-1.392	0.000	-122.163	-17.009
6754	1665.000	-1.048	-1.098	0.000	-129.537	19.748
6770	1665.000	-0.807	-0.551	0.149	-141.638	12.245
6786	1665.000	-0.982	-1.462	0.000	-122.136	-24.079
6802	1665.000	-1.011	-1.488	0.021	-138.141	-21.216
6818	1665.000	-0.996	-1.547	0.000	-144.085	-10.655
6834	1665.000	-0.807	-1.326	0.000	-122.136	-10.459
6850	1665.000	-0.933	-1.082	0.018	-139.848	22.751
6866	1665.000	-0.888	-1.011	0.103	-130.394	-22.151
7522	1665.000	-0.904	-1.217	0.074	-142.101	-16.735
7538	1665.000	-0.930	-1.084	0.000	-124.475	16.057
7554	1665.000	-0.764	-0.458	0.188	-119.633	-20.125
7570	1665.000	-0.929	-1.191	0.000	-123.715	4.630
7586	1665.000	-0.963	-1.038	0.000	-120.364	16.581
7602	1665.000	-0.918	-1.025	0.000	-120.257	17.746
7618	1665.000	-0.844	-0.835	0.090	-120.203	-8.410
7634	1665.000	-0.961	-1.224	0.000	-122.112	-0.287
7650	1665.000	-0.903	-1.269	0.000	-120.263	-6.646
7666	1665.000	-0.933	-1.077	0.000	-120.243	12.550
7682	1665.000	-0.924	-1.484	0.000	-130.574	-17.828
7698	1665.000	-0.886	-1.058	0.043	-119.655	-7.561
7714	1665.000	-0.937	-1.154	0.000	-133.721	18.361
7730	1665.000	-0.777	-1.439	0.000	-132.278	-11.627
7746	1665.000	-0.904	-1.232	0.000	-119.651	-3.556
7762	1665.000	-0.946	-1.242	0.000	-120.181	-4.019
7778	1665.000	-0.881	-0.968	0.062	-123.507	-4.413
7794	1665.000	-0.980	-1.221	0.000	-130.635	8.524
7810	1665.000	-0.951	-1.460	0.000	-122.279	-23.750
7826	1665.000	-1.009	-1.374	0.000	-128.479	-8.894
7842	1665.000	-0.906	-1.011	0.088	-123.712	-21.328
7858	1665.000	-0.923	-1.046	0.045	-122.119	-4.895
7874	1665.000	-0.963	-1.200	0.000	-143.087	23.082
7890	1665.000	-0.934	-0.967	0.000	-119.620	22.910
7906	1665.000	-0.910	-1.437	0.000	-119.620	-24.082
7922	1665.000	-0.947	-0.987	0.000	-120.314	21.598
7938	1665.000	-0.992	-1.342	0.000	-120.358	-13.846
7954	1665.000	-0.949	-0.997	0.000	-123.695	23.958
7970	1665.000	-0.788	-1.114	0.000	-121.551	10.172
7986	1665.000	-0.892	-1.177	0.000	-120.370	2.673
8002	1665.000	-0.953	-1.296	0.000	-119.946	-9.681
8018	1665.000	-0.944	-1.249	0.000	-120.681	-4.199
8034	1665.000	-0.907	-1.116	0.000	-119.620	8.055
8050	1665.000	-0.957	-1.473	0.000	-123.964	-23.385
8066	1665.000	-0.960	-1.043	0.000	-122.374	18.118
8082	1665.000	-0.929	-1.089	0.000	-132.231	23.323
8098	1665.000	-1.006	-1.480	0.000	-126.764	-21.271
8114	1665.000	-0.934	-1.074	0.000	-120.303	12.924
8130	1665.000	-0.915	-1.080	0.000	-128.185	20.135
8770	1665.000	-0.330	-0.446	0.000	-24.008	-20.634
8786	1665.000	-0.300	0.076	0.070	-24.115	-3.207
8802	1665.000	-0.278	-0.379	0.000	-24.112	-13.810
8818	1665.000	-0.154	0.369	0.076	-24.131	22.828
8834	1665.000	-0.339	-0.486	0.000	-24.312	-24.244
8850	1665.000	-0.264	-0.163	0.000	-24.174	7.902
8866	1665.000	-0.304	-0.149	0.054	-24.556	-17.551
8882	1665.000	-0.318	-0.031	0.008	-24.253	17.325
8898	1665.000	0.009	1.158	0.278	-24.476	1.484
8914	1665.000	-0.268	-0.173	0.039	-24.232	-12.396
8930	1665.000	-0.132	0.836	0.187	-24.305	14.383
8946	1665.000	-0.310	-0.253	0.000	-24.679	-0.601
8962	1665.000	-0.309	-0.377	0.000	-24.070	-13.672
8978	1665.000	-0.330	-0.369	0.000	-24.158	-12.761
8994	1665.000	-0.336	-0.145	0.000	-24.375	9.839
9010	1665.000	-0.235	0.125	0.074	-23.981	-0.408
9026	1665.000	-0.271	0.359	0.090	-24.358	15.247
9042	1665.000	-0.306	-0.201	0.000	-24.759	4.635
9058	1665.000	-0.259	-0.002	0.000	-24.450	24.294
9074	1665.000	-0.318	-0.273	0.039	-24.593	-22.073
9090	1665.000	-0.243	0.305	0.089	-24.273	10.310
9106	1665.000	-0.268	0.037	0.043	-24.064	6.302
9122	1665.000	-0.278	0.060	0.016	-24.864	22.807
9138	1665.000	-0.262	0.134	0.061	-23.980	6.942
9154	1665.000	-0.290	-0.146	0.018	-23.981	0.546
9170	1665.000	-0.333	-0.119	0.000	-24.722	12.840
9186	1665.000	-0.267	-0.040	0.066	-24.062	-12.876
9202	1665.000	-0.251	-0.143	0.053	-24.049	-16.927
9218	1665.000	-0.295	-0.298	0.000	-24.211	-5.633
9234	1665.000	-0.338	-0.450	0.000	-24.153	-20.812
9250	1665.000	-0.278	-0.194	0.000	-24.188	4.766
9266	1665.000	-0.253	0.032	0.091	-24.296	-17.964
9282	1665.000	-0.254	-0.016	0.012	-24.050	16.688
9298	1665.000	-0.154	0.599	0.173	-24.068	-2.398
9314	1665.000	-0.295	-0.261	0.000	-24.134	-1.939
9330	1665.000	-0.064	0.984	0.210	-23.980	17.356
9346	1665.000	-0.342	-0.418	0.000	-24.141	-17.626
9362	1665.000	-0.238	0.194	0.051	-24.216	18.026
9378	1665.000	-0.319	-0.460	0.000	-24.043	-21.994
10018	1665.000	-0.417	-0.531	0.000	-28.798	-24.318
10034	1665.000	-0.355	-0.087	0.044	-28.735	-1.723
10050	1665.000	-0.304	-0.029	0.035	-28.803	8.197
10066	1665.000	-0.248	0.469	0.151	-28.995	0.476
10082	1665.000	-0.297	0.334	0.075	-28.815	24.830
10098	1665.000	-0.347	-0.332	0.000	-29.149	-4.096
10114	1665.000	-0.289	0.076	0.080	-29.048	-3.448
10130	1665.000	-0.216	0.420	0.173	-28.814	-15.789
10146	1665.000	-0.324	0.089	0.040	-29.689	18.744
10162	1665.000	-0.357	-0.188	0.000	-28.798	10.008
10178	1665.000	-0.393	-0.278	0.000	-29.107	1.305
10194	1665.000	-0.258	0.400	0.125	-29.057	6.443
10210	1665.000	-0.293	0.088	0.103	-28.730	-13.999
10226	1665.000	-0.339	-0.301	0.016	-29.042	-9.083
10242	1665.000	-0.321	0.061	0.063	-28.858	3.498
10258	1665.000	-0.259	0.314	0.098	-28.729	11.132
10274	1665.000	-0.303	-0.103	0.000	-29.010	18.680
10290	1665.000	-0.394	-0.233	0.000	-28.898	5.620
10306	1665.000	-0.279	-0.151	0.000	-29.305	14.250
10322	1665.000	-0.319	0.284	0.088	-28.941	13.413
10338	1665.000	-0.271	0.254	0.069	-28.976	19.723
10354	1665.000	-0.394	-0.086	0.000	-29.077	20.476
10370	1665.000	-0.323	0.053	0.063	-29.257	3.092
10386	1665.000	-0.036	1.377	0.352	-29.421	-8.733
10402	1665.000	-0.377	-0.081	0.000	-29.283	21.186
10418	1665.000	-0.348	-0.082	0.000	-29.132	20.929
10434	1665.000	-0.347	-0.338	0.000	-29.116	-4.733
10450	1665.000	-0.193	0.547	0.173	-28.943	-2.918
10466	1665.000	-0.355	-0.151	0.000	-28.973	13.918
10482	1665.000	-0.286	0.145	0.041	-29.112	23.171
10498	1665.000	-0.331	-0.179	0.001	-28.854	10.366
10514	1665.000	-0.232	0.261	0.095	-28.983	7.411
10530	1665.000	-0.198	0.721	0.186	-29.024	8.336
10546	1665.000	-0.372	-0.069	0.063	-29.693	-8.781
10562	1665.000	-0.375	-0.322	0.000	-29.199	-3.016
10578	1665.000	-0.356	-0.104	0.040	-29.059	-1.303
10594	1665.000	-0.338	-0.502	0.000	-28.950	-21.244
10610	1665.000	-0.244	0.031	0.066	-28.819	-0.912
10626	1665.000	-0.415	-0.537	0.000	-28.818	-24.883
11266	1665.000	-0.278	-0.075	0.053	-28.306	-5.887
11282	1665.000	-0.270	0.162	0.098	-28.186	-4.654
11298	1665.000	-0.417	-0.504	0.000	-28.654	-21.763
11314	1665.000	-0.372	-0.362	0.000	-28.135	-8.057
11330	1665.000	-0.312	-0.118	0.033	-28.155	-0.188
11346	1665.000	-0.392	-0.379	0.000	-29.057	-8.794
11362	1665.000	-0.328	-0.494	0.000	-28.078	-21.273
11378	1665.000	-0.332	-0.137	0.033	-28.337	-1.920
11394	1665.000	-0.352	-0.377	0.000	-28.370	-9.295
11410	1665.000	-0.356	-0.401	0.000	-28.138	-11.942
11426	1665.000	-0.335	-0.370	0.000	-28.403	-8.583
11442	1665.000	-0.360	-0.186	0.000	-28.314	9.727
11458	1665.000	-0.320	-0.227	0.000	-28.329	5.628
11474	1665.000	-0.192	0.671	0.176	-28.078	7.372
11490	1665.000	-0.309	-0.279	0.000	-28.291	0.423
11506	1665.000	-0.308	-0.211	0.061	-28.849	-22.899
11522	1665.000	-0.303	0.136	0.047	-28.670	18.606
11538	1665.000	-0.371	-0.480	0.000	-28.163	-19.830
11554	1665.000	-0.371	-0.406	0.000	-28.214	-12.340
11570	1665.000	-0.309	-0.252	0.000	-28.639	3.403
11586	1665.000	-0.346	-0.495	0.000	-28.081	-21.429
11602	1665.000	-0.357	-0.186	0.000	-28.510	9.896
11618	1665.000	-0.113	1.272	0.328	-28.345	-8.499
11634	1665.000	-0.200	0.617	0.159	-28.207	10.567
11650	1665.000	-0.224	0.432	0.168	-29.211	-11.740
11666	1665.000	-0.359	-0.140	0.003	-28.178	12.545
11682	1665.000	-0.289	-0.112	0.000	-28.487	17.271
11698	1665.000	-0.358	-0.191	0.043	-28.499	-11.903
11714	1665.000	-0.113	1.144	0.271	-28.087	7.123
11730	1665.000	-0.375	-0.249	0.001	-28.357	2.768
11746	1665.000	-0.343	0.076	0.036	-28.253	17.935
11762	1665.000	-0.379	-0.488	0.000	-28.081	-20.720
11778	1665.000	-0.421	-0.452	0.000	-28.078	-17.083
11794	1665.000	-0.340	-0.159	0.000	-28.584	12.724
11810	1665.000	-0.346	-0.240	0.000	-28.098	4.067
11826	1665.000	-0.338	-0.240	0.000	-28.287	4.315
11842	1665.000	-0.288	-0.055	0.058	-28.452	-6.167
11858	1665.000	-0.114	0.783	0.185	-28.085	13.704
11874	1665.000	-0.367	-0.399	0.000	-28.424	-11.453
12514	1665.000	-0.252	-0.016	0.075	-22.648	-16.336
12530	1665.000	-0.242	0.085	0.042	-22.820	10.184
12546	1665.000	-0.217	0.220	0.068	-22.940	11.149
12562	1665.000	-0.280	-0.383	0.000	-22.916	-15.378
12578	1665.000	-0.314	-0.106	0.000	-23.027	12.476
12594	1665.000	-0.252	-0.079	0.000	-23.085	15.185
12610	1665.000	-0.291	-0.435	0.000	-22.753	-20.794
12626	1665.000	-0.240	0.072	0.016	-22.815	21.764
12642	1665.000	-0.315	-0.379	0.000	-22.612	-15.321
12658	1665.000	-0.205	-0.025	0.046	-22.539	-2.957
12674	1665.000	0.154	2.189	0.479	-22.856	2.267
12690	1665.000	-0.235	0.048	0.007	-22.539	24.025
12706	1665.000	-0.114	0.630	0.179	-22.543	-3.759
12722	1665.000	-0.266	-0.186	0.000	-22.797	4.176
12738	1665.000	-0.313	-0.214	0.017	-22.713	-7.430
12754	1665.000	-0.026	0.951	0.195	-22.539	20.364
12770	1665.000	-0.344	-0.377	0.000	-22.539	-15.168
12786	1665.000	-0.126	0.816	0.203	-23.256	3.493
12802	1665.000	-0.289	-0.088	0.000	-22.541	13.766
12818	1665.000	-0.256	0.109	0.058	-22.542	4.663
12834	1665.000	-0.263	-0.107	0.016	-23.058	4.156
12850	1665.000	-0.054	1.001	0.257	-22.557	-5.630
12866	1665.000	-0.258	-0.037	0.064	-22.726	-13.169
12882	1665.000	-0.284	-0.217	0.000	-23.006	1.335
12898	1665.000	-0.281	-0.312	0.004	-22.833	-10.232
12914	1665.000	-0.235	0.305	0.087	-23.029	9.923
12930	1665.000	-0.260	-0.136	0.000	-22.732	9.169
12946	1665.000	-0.209	-0.058	0.027	-22.758	3.275
12962	1665.000	-0.262	-0.380	0.000	-22.708	-15.321
12978	1665.000	-0.229	-0.059	0.000	-23.237	17.386
12994	1665.000	-0.173	0.457	0.169	-22.784	-15.963
13010	1665.000	-0.160	0.464	0.143	-22.546	-2.380
13026	1665.000	-0.271	-0.190	0.000	-22.895	3.924
13042	1665.000	-0.173	0.373	0.158	-23.068	-18.486
13058	1665.000	-0.097	0.659	0.173	-22.609	1.905
13074	1665.000	-0.282	-0.084	0.006	-22.696	11.251
13090	1665.000	-0.200	0.071	0.016	-22.790	22.040
13106	1665.000	-0.330	-0.254	0.000	-22.712	-2.655
13122	1665.000	-0.266	-0.106	0.053	-22.945	-14.136
13138	1665.000	-0.272	-0.248	0.000	-22.700	-2.059
13778	1665.000	-0.974	-1.435	0.000	-137.949	-5.522
13794	1665.000	-0.931	-1.179	0.000	-132.450	14.519
13810	1665.000	-0.905	-1.056	0.000	-126.751	21.170
13826	1665.000	-0.889	-1.370	0.000	-127.561	-9.427
13842	1665.000	-1.029	-1.433	0.000	-122.530	-20.760
13858	1665.000	-0.475	3.783	1.041	-126.709	-15.737
13874	1665.000	-0.949	-1.360	0.000	-121.770	-14.195
13890	1665.000	-0.921	-1.176	0.000	-121.512	3.912
13906	1665.000	-0.935	-1.110	0.000	-122.849	11.821
13922	1665.000	-0.952	-0.880	0.030	-121.496	18.746
13938	1665.000	-0.918	-1.125	0.000	-122.364	9.864
13954	1665.000	-1.035	-1.207	0.020	-130.262	-0.280
13970	1665.000	-0.895	-1.025	0.000	-126.193	23.710
13986	1665.000	-1.063	-1.414	0.000	-123.744	-17.646
14002	1665.000	-1.011	-1.518	0.020	-137.249	-24.688
14018	1665.000	-0.984	-1.170	0.000	-123.240	6.271
14034	1665.000	-0.952	-0.990	0.000	-121.496	22.455
14050	1665.000	-1.007	-1.400	0.000	-121.515	-18.533
14066	1665.000	-0.926	-1.036	0.000	-125.572	21.934
14082	1665.000	-0.989	-1.290	0.007	-123.427	-8.865
14098	1665.000	-0.871	-0.948	0.040	-135.277	20.524
14114	1665.000	-0.945	-1.209	0.000	-130.044	9.160
14130	1665.000	-0.950	-1.206	0.000	-121.509	0.921
14146	1665.000	-0.952	-1.364	0.000	-127.933	-8.436
14162	1665.000	-0.956	-1.441	0.000	-124.581	-19.534
14178	1665.000	-0.997	-1.245	0.000	-125.559	1.108
14194	1665.000	-0.961	-1.062	0.043	-121.530	-6.412
14210	1665.000	-0.933	-1.265	0.000	-122.737	-3.731
14226	1665.000	-0.930	-1.006	0.000	-121.496	20.885
14242	1665.000	-0.674	-1.441	0.000	-121.554	-22.574
14258	1665.000	-0.889	-1.011	0.043	-121.496	-1.119
14274	1665.000	-0.893	-0.699	0.082	-128.073	16.961
14290	1665.000	-0.863	-0.600	0.088	-125.577	21.334
14306	1665.000	-0.893	-1.059	0.000	-121.509	15.655
14322	1665.000	-1.037	-1.492	0.000	-139.327	-9.915
14338	1665.000	-0.882	-0.646	0.078	-125.559	22.201
14354	1665.000	-0.909	-1.462	0.000	-137.690	-8.539
14370	1665.000	-0.974	-1.156	0.077	-136.076	-17.887
14386	1665.000	-0.961	-1.247	0.000	-125.573	0.862
