# NEST version: 3.6.0-post0.dev0
# RecordingBackendASCII version: 2
sender	time_ms	V_m	I_tot	I_exc	I_inh	I_noise
3	1662.000	-0.995	-0.755	0.000	-78.555	3.033
19	1662.000	-0.998	-1.024	0.000	-80.519	-21.912
35	1662.000	-0.808	-0.908	0.000	-80.326	-10.488
51	1662.000	-1.008	-0.727	0.000	-78.555	5.874
67	1662.000	-1.032	-0.914	0.000	-80.041	-11.405
83	1662.000	-0.938	-0.584	0.000	-81.775	23.375
99	1662.000	-1.001	-0.977	0.000	-78.555	-19.146
115	1662.000	-0.971	-0.780	0.000	-78.616	0.584
131	1662.000	-1.014	-0.755	0.000	-80.149	4.643
147	1662.000	-0.985	-0.922	0.000	-79.322	-12.840
163	1662.000	-1.074	-1.011	0.000	-78.646	-22.468
179	1662.000	-0.942	-0.543	0.000	-78.555	24.226
195	1662.000	-1.061	-0.674	0.000	-82.322	14.897
211	1662.000	-0.564	-0.994	0.000	-78.555	-20.812
227	1662.000	-0.936	-0.987	0.000	-78.555	-20.114
243	1662.000	-1.045	-0.869	0.000	-82.246	-4.628
259	1662.000	-1.028	-0.920	0.000	-78.555	-13.410
275	1662.000	-0.956	-0.973	0.000	-78.570	-18.770
291	1662.000	-1.033	-0.961	0.000	-78.591	-17.506
307	1662.000	-0.981	-0.627	0.000	-78.555	15.870
323	1662.000	-0.966	-0.875	0.000	-78.555	-8.898
339	1662.000	-1.017	-1.035	0.000	-78.555	-24.961
355	1662.000	-0.971	-0.651	0.000	-80.465	15.412
371	1662.000	-1.004	-0.971	0.000	-79.545	-17.568
387	1662.000	-1.022	-0.980	0.000	-80.436	-17.536
403	1662.000	-0.955	-0.780	0.000	-83.172	5.202
419	1662.000	-0.869	-0.600	0.000	-80.317	20.282
435	1662.000	-0.974	-0.565	0.000	-79.558	23.096
451	1662.000	-0.959	-0.684	0.000	-79.825	11.406
467	1662.000	-1.033	-0.587	0.000	-80.684	21.965
483	1662.000	-0.959	-0.565	0.000	-78.555	22.072
499	1662.000	-0.966	-0.725	0.000	-78.575	6.054
515	1662.000	-0.947	-0.654	0.000	-78.608	13.254
531	1662.000	-0.520	4.199	1.000	-78.555	-1.566
547	1662.000	-0.941	-0.722	0.000	-78.573	6.397
563	1662.000	-0.973	-0.612	0.000	-78.871	17.639
579	1662.000	-0.975	-0.786	0.000	-78.572	0.002
595	1662.000	-1.005	-0.867	0.000	-78.902	-7.788
611	1662.000	-0.973	-0.570	0.000	-80.835	23.845
1267	1662.000	-0.315	-0.252	0.000	-25.313	0.151
1283	1662.000	-0.330	-0.200	0.000	-24.837	4.869
1299	1662.000	-0.296	-0.213	0.000	-25.031	3.706
1315	1662.000	-0.322	-0.319	0.000	-24.747	-7.139
1331	1662.000	-0.275	-0.007	0.000	-24.674	23.929
1347	1662.000	-0.309	-0.062	0.000	-24.961	18.718
1363	1662.000	-0.335	-0.373	0.000	-25.504	-11.807
1379	1662.000	-0.320	-0.395	0.000	-24.645	-14.882
1395	1662.000	-0.327	-0.138	0.000	-24.758	10.921
1411	1662.000	-0.292	-0.288	0.000	-24.913	-3.837
1427	1662.000	-0.276	-0.099	0.000	-24.724	14.783
1443	1662.000	-0.314	-0.246	0.000	-24.638	0.001
1459	1662.000	-0.350	-0.242	0.000	-24.816	0.628
1475	1662.000	-0.296	-0.404	0.000	-24.735	-15.616
1491	1662.000	-0.354	-0.420	0.000	-24.809	-17.236
1507	1662.000	-0.324	-0.122	0.000	-24.657	12.417
1523	1662.000	-0.251	-0.440	0.000	-24.818	-19.174
1539	1662.000	-0.310	-0.206	0.000	-24.607	3.977
1555	1662.000	-0.351	-0.344	0.000	-24.566	-9.819
1571	1662.000	-0.301	-0.006	0.000	-24.784	24.185
1587	1662.000	-0.303	-0.050	0.000	-25.975	20.947
1603	1662.000	-0.307	-0.068	0.000	-25.016	18.249
1619	1662.000	-0.289	-0.077	0.000	-24.754	17.047
1635	1662.000	-0.288	-0.158	0.000	-25.155	9.389
1651	1662.000	-0.296	-0.435	0.000	-25.002	-18.507
1667	1662.000	-0.335	-0.310	0.000	-24.910	-6.111
1683	1662.000	-0.252	-0.059	0.000	-24.968	19.081
1699	1662.000	-0.275	-0.014	0.000	-24.842	23.412
1715	1662.000	-0.332	-0.316	0.000	-25.539	-6.087
1731	1662.000	-0.323	-0.440	0.000	-24.603	-19.410
1747	1662.000	-0.334	-0.425	0.000	-24.603	-17.923
1763	1662.000	-0.318	-0.396	0.000	-24.869	-14.755
1779	1662.000	-0.355	-0.415	0.000	-24.567	-16.930
1795	1662.000	-0.286	-0.193	0.000	-24.647	5.351
1811	1662.000	-0.299	-0.233	0.000	-24.754	1.473
1827	1662.000	-0.256	-0.100	0.000	-24.716	14.713
1843	1662.000	-0.293	-0.320	0.000	-25.443	-6.601
1859	1662.000	-0.271	-0.301	0.000	-25.224	-4.831
1875	1662.000	-0.329	-0.358	0.000	-25.476	-10.306
2515	1662.000	-0.390	-0.217	0.000	-33.554	11.850
2531	1662.000	-0.379	-0.321	0.000	-33.135	1.008
2547	1662.000	-0.410	-0.213	0.000	-33.704	12.426
2563	1662.000	-0.414	-0.340	0.000	-33.067	-0.934
2579	1662.000	-0.449	-0.566	0.000	-33.600	-22.971
2595	1662.000	-0.456	-0.397	0.000	-33.310	-6.388
2611	1662.000	-0.414	-0.438	0.000	-32.891	-10.944
2627	1662.000	-0.387	-0.150	0.000	-33.352	18.368
2643	1662.000	-0.392	-0.276	0.000	-33.665	6.044
2659	1662.000	-0.437	-0.323	0.000	-33.069	0.818
2675	1662.000	-0.396	-0.209	0.000	-33.066	12.144
2691	1662.000	-0.383	-0.271	0.000	-33.564	6.437
2707	1662.000	-0.376	-0.143	0.000	-33.488	19.158
2723	1662.000	-0.404	-0.437	0.000	-33.680	-9.980
2739	1662.000	-0.383	-0.229	0.000	-33.498	10.633
2755	1662.000	-0.438	-0.267	0.000	-32.889	6.233
2771	1662.000	-0.406	-0.453	0.000	-33.768	-11.522
2787	1662.000	-0.388	-0.450	0.000	-33.168	-11.863
2803	1662.000	-0.438	-0.419	0.000	-32.891	-8.996
2819	1662.000	-0.397	-0.085	0.000	-33.336	24.792
2835	1662.000	-0.444	-0.492	0.000	-33.066	-16.181
2851	1662.000	-0.455	-0.568	0.000	-32.982	-23.819
2867	1662.000	-0.471	-0.536	0.000	-32.991	-20.570
2883	1662.000	-0.422	-0.301	0.000	-33.711	3.583
2899	1662.000	-0.399	-0.335	0.000	-32.897	-0.651
2915	1662.000	-0.410	-0.300	0.000	-33.639	3.669
2931	1662.000	-0.438	-0.210	0.000	-33.217	12.167
2947	1662.000	-0.405	-0.544	0.000	-32.899	-21.532
2963	1662.000	-0.433	-0.409	0.000	-33.669	-7.204
2979	1662.000	-0.427	-0.214	0.000	-33.159	11.713
2995	1662.000	-0.398	-0.110	0.000	-33.179	22.129
3011	1662.000	-0.412	-0.278	0.000	-34.043	6.203
3027	1662.000	-0.426	-0.113	0.000	-33.136	21.792
3043	1662.000	-0.415	-0.149	0.000	-33.066	18.146
3059	1662.000	-0.438	-0.405	0.000	-33.295	-7.240
3075	1662.000	-0.449	-0.466	0.000	-32.980	-13.617
3091	1662.000	-0.476	-0.330	0.000	-33.631	0.623
3107	1662.000	-0.429	-0.418	0.000	-33.735	-8.113
3123	1662.000	-0.442	-0.505	0.000	-33.563	-16.919
3763	1662.000	-0.453	-0.564	0.000	-32.715	-23.670
3779	1662.000	-0.410	-0.323	0.000	-32.689	0.361
3795	1662.000	-0.405	-0.243	0.000	-32.863	8.526
3811	1662.000	-0.470	-0.452	0.000	-32.732	-12.497
3827	1662.000	-0.385	-0.124	0.000	-33.296	20.936
3843	1662.000	-0.445	-0.507	0.000	-33.273	-17.405
3859	1662.000	-0.407	-0.175	0.000	-32.894	15.356
3875	1662.000	-0.465	-0.222	0.000	-32.716	10.515
3891	1662.000	-0.339	-0.112	0.000	-33.276	22.067
3907	1662.000	-0.445	-0.270	0.000	-32.876	5.863
3923	1662.000	-0.372	-0.228	0.000	-32.694	9.914
3939	1662.000	-0.399	-0.454	0.000	-33.414	-12.028
3955	1662.000	-0.418	-0.133	0.000	-33.074	19.754
3971	1662.000	-0.461	-0.247	0.000	-33.213	8.504
3987	1662.000	-0.411	-0.157	0.000	-33.219	17.528
4003	1662.000	-0.409	-0.421	0.000	-32.833	-9.297
4019	1662.000	-0.412	-0.511	0.000	-33.686	-17.393
4035	1662.000	-0.349	-0.094	0.000	-32.838	23.439
4051	1662.000	-0.439	-0.176	0.000	-32.707	15.146
4067	1662.000	-0.418	-0.428	0.000	-32.870	-9.886
4083	1662.000	-0.352	-0.283	0.000	-32.787	4.443
4099	1662.000	-0.425	-0.576	0.000	-33.197	-24.356
4115	1662.000	-0.455	-0.391	0.000	-32.593	-6.474
4131	1662.000	-0.352	-0.325	0.000	-32.795	0.272
4147	1662.000	-0.412	-0.157	0.000	-33.515	17.767
4163	1662.000	-0.456	-0.553	0.000	-32.858	-22.455
4179	1662.000	-0.420	-0.105	0.000	-32.767	22.313
4195	1662.000	-0.403	-0.517	0.000	-32.702	-18.985
4211	1662.000	-0.360	-0.158	0.000	-32.471	16.649
4227	1662.000	-0.439	-0.257	0.000	-32.935	7.279
4243	1662.000	-0.455	-0.468	0.000	-32.460	-14.390
4259	1662.000	-0.414	-0.390	0.000	-32.502	-6.495
4275	1662.000	-0.426	-0.152	0.000	-33.186	17.953
4291	1662.000	-0.430	-0.551	0.000	-32.459	-22.622
4307	1662.000	-0.388	-0.202	0.000	-32.648	12.416
4323	1662.000	-0.418	-0.420	0.000	-32.977	-9.072
4339	1662.000	-0.359	-0.172	0.000	-32.701	15.548
4355	1662.000	-0.362	-0.265	0.000	-32.459	5.968
4371	1662.000	-0.412	-0.540	0.000	-32.826	-21.201
5011	1662.000	-0.352	-0.316	0.000	-23.434	-8.142
5027	1662.000	-0.369	-0.348	0.000	-23.435	-11.370
5043	1662.000	-0.279	-0.253	0.000	-23.757	-1.510
5059	1662.000	-0.262	-0.031	0.000	-23.645	20.545
5075	1662.000	-0.299	-0.092	0.000	-23.430	14.262
5091	1662.000	-0.283	-0.133	0.000	-23.541	10.193
5107	1662.000	-0.237	-0.046	0.000	-23.647	19.037
5123	1662.000	-0.298	-0.000	0.000	-23.539	23.513
5139	1662.000	-0.315	-0.249	0.000	-24.094	-0.808
5155	1662.000	-0.343	-0.341	0.000	-23.694	-10.369
5171	1662.000	-0.349	-0.220	0.000	-23.692	1.716
5187	1662.000	-0.325	-0.151	0.000	-24.324	9.236
5203	1662.000	-0.307	-0.162	0.000	-23.570	7.371
5219	1662.000	-0.265	-0.188	0.000	-23.640	4.886
5235	1662.000	-0.257	-0.026	0.000	-24.494	21.916
5251	1662.000	-0.301	-0.337	0.000	-23.676	-10.048
5267	1662.000	-0.345	-0.306	0.000	-24.014	-6.540
5283	1662.000	-0.275	-0.355	0.000	-23.465	-12.024
5299	1662.000	-0.256	-0.062	0.000	-23.804	17.648
5315	1662.000	-0.261	-0.043	0.000	-23.830	19.567
5331	1662.000	-0.296	-0.196	0.000	-24.033	4.430
5347	1662.000	-0.226	-0.116	0.000	-23.656	12.060
5363	1662.000	-0.321	-0.337	0.000	-23.529	-10.189
5379	1662.000	-0.331	-0.178	0.000	-24.561	6.784
5395	1662.000	-0.313	-0.452	0.000	-23.813	-21.427
5411	1662.000	-0.308	-0.187	0.000	-23.433	4.741
5427	1662.000	-0.335	-0.164	0.000	-24.396	7.975
5443	1662.000	-0.292	-0.201	0.000	-23.431	3.315
5459	1662.000	-0.350	-0.343	0.000	-23.425	-10.857
5475	1662.000	-0.305	-0.197	0.000	-23.844	4.123
5491	1662.000	-0.301	-0.190	0.000	-23.429	4.384
5507	1662.000	-0.359	-0.434	0.000	-23.425	-19.964
5523	1662.000	-0.278	-0.101	0.000	-23.683	13.559
5539	1662.000	-0.311	-0.113	0.000	-23.519	12.237
5555	1662.000	-0.240	-0.168	0.000	-23.708	6.934
5571	1662.000	-0.285	-0.177	0.000	-23.654	5.985
5587	1662.000	-0.255	-0.026	0.000	-23.430	20.850
5603	1662.000	-0.285	-0.176	0.000	-23.610	6.000
5619	1662.000	-0.279	-0.245	0.000	-23.789	-0.751
6259	1662.000	-1.044	-0.720	0.000	-81.318	9.309
6275	1662.000	-1.017	-0.734	0.000	-82.094	8.717
6291	1662.000	-0.955	-0.993	0.000	-81.318	-18.010
6307	1662.000	-1.027	-0.902	0.000	-81.334	-8.825
6323	1662.000	-0.985	-0.777	0.000	-81.316	3.640
6339	1662.000	-0.992	-0.861	0.000	-81.317	-4.754
6355	1662.000	-1.077	-0.847	0.000	-82.078	-2.618
6371	1662.000	-1.026	-0.986	0.000	-83.296	-15.327
6387	1662.000	-1.039	-1.059	0.000	-81.317	-24.553
6403	1662.000	-1.020	-0.566	0.000	-81.316	24.749
6419	1662.000	-1.024	-0.690	0.000	-84.079	15.054
6435	1662.000	-0.715	-0.730	0.000	-84.003	10.968
6451	1662.000	-1.030	-0.937	0.000	-81.336	-12.369
6467	1662.000	-1.066	-0.859	0.000	-85.016	-0.876
6483	1662.000	-1.057	-0.968	0.000	-82.496	-14.272
6499	1662.000	-1.038	-0.909	0.000	-82.078	-8.813
6515	1662.000	-1.004	-0.641	0.000	-81.317	17.212
6531	1662.000	-1.012	-0.793	0.000	-81.769	2.482
6547	1662.000	-1.060	-0.787	0.000	-83.732	5.020
6563	1662.000	-1.011	-0.913	0.000	-81.679	-9.624
6579	1662.000	-1.077	-1.013	0.000	-81.361	-19.895
6595	1662.000	-0.979	-0.757	0.000	-82.120	6.409
6611	1662.000	-1.067	-1.043	0.000	-81.319	-22.973
6627	1662.000	-1.072	-0.821	0.000	-81.383	-0.697
6643	1662.000	-1.031	-0.987	0.000	-81.362	-17.308
6659	1662.000	-1.075	-0.971	0.000	-83.418	-13.723
6675	1662.000	-0.995	-0.865	0.000	-82.130	-4.372
6691	1662.000	-1.024	-0.944	0.000	-81.317	-13.118
6707	1662.000	-1.020	-1.036	0.000	-82.544	-21.007
6723	1662.000	-0.687	-1.057	0.000	-81.316	-24.361
6739	1662.000	-0.928	-0.604	0.000	-81.341	20.930
6755	1662.000	-1.025	-0.724	0.000	-83.674	11.255
6771	1662.000	-0.998	-0.977	0.000	-81.317	-16.425
6787	1662.000	-0.682	-0.985	0.000	-81.317	-17.201
6803	1662.000	-1.049	-0.682	0.000	-83.801	15.632
6819	1662.000	-0.991	-0.750	0.000	-83.135	8.105
6835	1662.000	-0.990	-0.718	0.000	-81.318	9.522
6851	1662.000	-1.013	-0.713	0.000	-82.313	11.029
6867	1662.000	-0.747	-1.064	0.000	-83.128	-23.235
7523	1662.000	-1.008	-1.006	0.000	-79.406	-21.231
7539	1662.000	-0.989	-0.848	0.000	-79.270	-5.535
7555	1662.000	-0.965	-0.697	0.000	-78.444	8.772
7571	1662.000	-0.945	-0.837	0.000	-78.470	-5.187
7587	1662.000	-0.949	-0.881	0.000	-80.548	-7.599
7603	1662.000	-0.992	-0.673	0.000	-78.457	11.195
7619	1662.000	-0.830	-0.832	0.000	-80.072	-3.113
7635	1662.000	-0.991	-0.972	0.000	-78.795	-18.454
7651	1662.000	-0.994	-0.640	0.000	-79.107	15.101
7667	1662.000	-0.988	-0.760	0.000	-78.854	2.809
7683	1662.000	-0.991	-0.868	0.000	-78.436	-8.329
7699	1662.000	-0.954	-0.903	0.000	-78.496	-11.816
7715	1662.000	-1.020	-0.801	0.000	-83.115	3.045
7731	1662.000	-0.956	-0.652	0.000	-78.455	13.277
7747	1662.000	-0.948	-0.676	0.000	-78.444	10.864
7763	1662.000	-1.000	-1.047	0.000	-80.398	-24.298
7779	1662.000	-1.081	-0.761	0.000	-80.540	4.444
7795	1662.000	-0.970	-0.626	0.000	-78.838	16.239
7811	1662.000	-0.974	-1.019	0.000	-79.203	-22.704
7827	1662.000	-0.800	-0.747	0.000	-79.975	5.299
7843	1662.000	-1.061	-0.902	0.000	-79.344	-10.867
7859	1662.000	-1.009	-0.992	0.000	-80.504	-18.730
7875	1662.000	-0.935	-0.593	0.000	-79.108	19.820
7891	1662.000	-0.981	-0.991	0.000	-78.436	-20.712
7907	1662.000	-0.989	-0.978	0.000	-78.436	-19.326
7923	1662.000	-1.052	-0.698	0.000	-79.208	9.390
7939	1662.000	-0.943	-0.632	0.000	-78.436	15.227
7955	1662.000	-0.956	-0.626	0.000	-78.436	15.791
7971	1662.000	-0.977	-0.955	0.000	-78.436	-17.068
7987	1662.000	-0.978	-0.818	0.000	-79.213	-2.610
8003	1662.000	-0.905	-0.548	0.000	-78.488	23.709
8019	1662.000	-0.985	-0.939	0.000	-79.116	-14.785
8035	1662.000	-0.952	-0.857	0.000	-78.436	-7.308
8051	1662.000	-0.910	-0.615	0.000	-78.451	16.974
8067	1662.000	-0.976	-0.628	0.000	-82.035	19.223
8083	1662.000	-0.539	-0.600	0.000	-78.436	18.483
8099	1662.000	-1.012	-1.029	0.000	-80.477	-22.464
8115	1662.000	-0.979	-0.921	0.000	-80.276	-11.790
8131	1662.000	-0.933	-0.658	0.000	-78.436	12.618
8771	1662.000	-0.415	-0.378	0.000	-27.254	-10.576
8787	1662.000	-0.393	-0.370	0.000	-27.261	-9.771
8803	1662.000	-0.337	-0.051	0.000	-27.258	22.120
8819	1662.000	-0.373	-0.419	0.000	-27.175	-14.707
8835	1662.000	-0.297	-0.415	0.000	-27.522	-13.945
8851	1662.000	-0.366	-0.193	0.000	-27.248	7.974
8867	1662.000	-0.385	-0.327	0.000	-27.681	-4.979
8883	1662.000	-0.347	-0.517	0.000	-27.721	-23.948
8899	1662.000	-0.289	-0.319	0.000	-27.521	-4.340
8915	1662.000	-0.335	-0.525	0.000	-27.610	-24.862
8931	1662.000	-0.344	-0.060	0.000	-27.734	21.731
8947	1662.000	-0.388	-0.299	0.000	-28.370	-1.507
8963	1662.000	-0.341	-0.376	0.000	-27.352	-10.248
8979	1662.000	-0.310	-0.141	0.000	-27.440	13.313
8995	1662.000	-0.346	-0.491	0.000	-27.751	-21.360
9011	1662.000	-0.317	-0.232	0.000	-27.184	4.015
9027	1662.000	-0.364	-0.466	0.000	-27.522	-19.057
9043	1662.000	-0.370	-0.367	0.000	-27.886	-8.772
9059	1662.000	-0.349	-0.380	0.000	-27.426	-10.579
9075	1662.000	-0.362	-0.425	0.000	-27.775	-14.737
9091	1662.000	-0.330	-0.222	0.000	-27.657	5.443
9107	1662.000	-0.341	-0.416	0.000	-27.266	-14.321
9123	1662.000	-0.347	-0.042	0.000	-28.354	24.198
9139	1662.000	-0.346	-0.432	0.000	-27.218	-15.995
9155	1662.000	-0.380	-0.482	0.000	-27.175	-21.048
9171	1662.000	-0.353	-0.384	0.000	-28.154	-10.238
9187	1662.000	-0.338	-0.176	0.000	-27.174	9.619
9203	1662.000	-0.292	-0.036	0.000	-27.288	23.711
9219	1662.000	-0.372	-0.112	0.000	-27.652	16.479
9235	1662.000	-0.369	-0.495	0.000	-27.357	-22.122
9251	1662.000	-0.339	-0.431	0.000	-27.552	-15.590
9267	1662.000	-0.324	-0.424	0.000	-27.796	-14.566
9283	1662.000	-0.348	-0.220	0.000	-27.295	5.253
9299	1662.000	-0.327	-0.043	0.000	-27.211	22.923
9315	1662.000	-0.332	-0.213	0.000	-27.609	6.358
9331	1662.000	-0.295	-0.115	0.000	-27.387	15.894
9347	1662.000	-0.353	-0.344	0.000	-27.452	-6.946
9363	1662.000	-0.335	-0.398	0.000	-27.329	-12.510
9379	1662.000	-0.314	-0.401	0.000	-27.258	-12.831
10019	1662.000	-0.374	-0.476	0.000	-32.596	-14.986
10035	1662.000	-0.368	-0.340	0.000	-32.641	-1.375
10051	1662.000	-0.383	-0.359	0.000	-32.648	-3.278
10067	1662.000	-0.352	-0.116	0.000	-32.955	21.404
10083	1662.000	-0.410	-0.293	0.000	-32.722	3.438
10099	1662.000	-0.409	-0.292	0.000	-32.988	3.751
10115	1662.000	-0.376	-0.108	0.000	-33.024	22.181
10131	1662.000	-0.368	-0.379	0.000	-32.788	-5.152
10147	1662.000	-0.418	-0.107	0.000	-33.555	22.824
10163	1662.000	-0.417	-0.514	0.000	-32.826	-18.527
10179	1662.000	-0.410	-0.214	0.000	-32.797	11.442
10195	1662.000	-0.375	-0.550	0.000	-33.273	-21.726
10211	1662.000	-0.388	-0.214	0.000	-32.556	11.169
10227	1662.000	-0.435	-0.190	0.000	-33.342	14.306
10243	1662.000	-0.461	-0.503	0.000	-32.634	-17.712
10259	1662.000	-0.391	-0.483	0.000	-32.554	-15.773
10275	1662.000	-0.437	-0.431	0.000	-33.353	-9.732
10291	1662.000	-0.391	-0.273	0.000	-32.774	5.478
10307	1662.000	-0.444	-0.251	0.000	-33.350	8.213
10323	1662.000	-0.403	-0.159	0.000	-32.826	16.954
10339	1662.000	-0.431	-0.457	0.000	-32.678	-13.023
10355	1662.000	-0.445	-0.550	0.000	-33.214	-21.770
10371	1662.000	-0.409	-0.481	0.000	-33.005	-15.099
10387	1662.000	-0.380	-0.406	0.000	-32.955	-7.635
10403	1662.000	-0.392	-0.186	0.000	-33.290	14.647
10419	1662.000	-0.387	-0.415	0.000	-33.151	-8.372
10435	1662.000	-0.363	-0.292	0.000	-33.074	3.844
10451	1662.000	-0.388	-0.168	0.000	-32.975	16.193
10467	1662.000	-0.420	-0.132	0.000	-32.958	19.807
10483	1662.000	-0.402	-0.306	0.000	-33.083	2.441
10499	1662.000	-0.430	-0.562	0.000	-32.561	-23.619
10515	1662.000	-0.443	-0.475	0.000	-32.639	-14.885
10531	1662.000	-0.379	-0.120	0.000	-32.920	20.943
10547	1662.000	-0.438	-0.555	0.000	-33.422	-22.053
10563	1662.000	-0.421	-0.123	0.000	-33.048	20.772
10579	1662.000	-0.418	-0.115	0.000	-33.054	21.572
10595	1662.000	-0.405	-0.222	0.000	-32.959	10.731
10611	1662.000	-0.367	-0.210	0.000	-32.797	11.810
10627	1662.000	-0.415	-0.225	0.000	-32.796	10.265
11267	1662.000	-0.389	-0.297	0.000	-32.276	2.546
11283	1662.000	-0.427	-0.424	0.000	-31.817	-10.621
11299	1662.000	-0.352	-0.171	0.000	-32.224	15.140
11315	1662.000	-0.447	-0.467	0.000	-31.857	-14.864
11331	1662.000	-0.422	-0.549	0.000	-31.898	-23.019
11347	1662.000	-0.380	-0.203	0.000	-33.162	12.818
11363	1662.000	-0.381	-0.368	0.000	-31.817	-4.938
11379	1662.000	-0.418	-0.321	0.000	-31.983	-0.127
11395	1662.000	-0.424	-0.399	0.000	-32.267	-7.661
11411	1662.000	-0.400	-0.203	0.000	-31.921	11.652
11427	1662.000	-0.374	-0.146	0.000	-32.307	17.673
11443	1662.000	-0.418	-0.309	0.000	-32.043	1.136
11459	1662.000	-0.372	-0.384	0.000	-32.114	-6.270
11475	1662.000	-0.370	-0.294	0.000	-31.817	2.460
11491	1662.000	-0.462	-0.438	0.000	-31.997	-11.799
11507	1662.000	-0.404	-0.438	0.000	-32.557	-11.260
11523	1662.000	-0.417	-0.170	0.000	-32.553	15.593
11539	1662.000	-0.427	-0.555	0.000	-32.058	-23.464
11555	1662.000	-0.414	-0.526	0.000	-31.910	-20.700
11571	1662.000	-0.431	-0.217	0.000	-32.875	11.188
11587	1662.000	-0.354	-0.222	0.000	-31.822	9.635
11603	1662.000	-0.454	-0.506	0.000	-32.093	-18.474
11619	1662.000	-0.354	-0.179	0.000	-32.003	14.080
11635	1662.000	-0.374	-0.330	0.000	-32.040	-1.006
11651	1662.000	-0.440	-0.436	0.000	-33.177	-10.374
11667	1662.000	-0.382	-0.506	0.000	-31.925	-18.713
11683	1662.000	-0.333	-0.415	0.000	-32.120	-9.331
11699	1662.000	-0.456	-0.386	0.000	-32.606	-6.035
11715	1662.000	-0.390	-0.229	0.000	-31.928	9.074
11731	1662.000	-0.395	-0.235	0.000	-32.167	8.690
11747	1662.000	-0.388	-0.120	0.000	-31.914	19.872
11763	1662.000	-0.454	-0.565	0.000	-31.972	-24.504
11779	1662.000	-0.372	-0.528	0.000	-31.817	-21.028
11795	1662.000	-0.409	-0.303	0.000	-32.220	1.879
11811	1662.000	-0.381	-0.325	0.000	-31.920	-0.552
11827	1662.000	-0.442	-0.438	0.000	-32.265	-11.535
11843	1662.000	-0.402	-0.406	0.000	-32.321	-8.246
11859	1662.000	-0.380	-0.407	0.000	-31.828	-8.870
11875	1662.000	-0.426	-0.107	0.000	-32.228	21.514
12515	1662.000	-0.342	-0.008	0.000	-25.625	24.804
12531	1662.000	-0.341	-0.107	0.000	-25.812	15.111
12547	1662.000	-0.308	-0.332	0.000	-25.951	-7.224
12563	1662.000	-0.283	-0.043	0.000	-25.978	21.704
12579	1662.000	-0.330	-0.423	0.000	-25.994	-16.333
12595	1662.000	-0.355	-0.341	0.000	-26.485	-7.651
12611	1662.000	-0.377	-0.381	0.000	-26.080	-12.049
12627	1662.000	-0.364	-0.313	0.000	-26.053	-5.235
12643	1662.000	-0.303	-0.365	0.000	-25.907	-10.574
12659	1662.000	-0.339	-0.473	0.000	-25.540	-21.718
12675	1662.000	-0.325	-0.248	0.000	-25.747	0.927
12691	1662.000	-0.368	-0.442	0.000	-25.543	-18.639
12707	1662.000	-0.365	-0.367	0.000	-25.552	-11.195
12723	1662.000	-0.370	-0.496	0.000	-25.832	-23.732
12739	1662.000	-0.314	-0.446	0.000	-25.775	-18.784
12755	1662.000	-0.385	-0.418	0.000	-25.540	-16.299
12771	1662.000	-0.324	-0.395	0.000	-25.542	-13.920
12787	1662.000	-0.346	-0.347	0.000	-26.512	-8.218
12803	1662.000	-0.289	-0.273	0.000	-25.541	-1.756
12819	1662.000	-0.308	-0.378	0.000	-25.540	-12.303
12835	1662.000	-0.306	-0.169	0.000	-26.255	9.373
12851	1662.000	-0.304	-0.061	0.000	-25.557	19.482
12867	1662.000	-0.337	-0.148	0.000	-25.586	10.785
12883	1662.000	-0.318	-0.161	0.000	-25.840	9.757
12899	1662.000	-0.296	-0.444	0.000	-25.806	-18.578
12915	1662.000	-0.314	-0.288	0.000	-26.161	-2.636
12931	1662.000	-0.294	-0.163	0.000	-25.759	9.452
12947	1662.000	-0.301	-0.382	0.000	-26.013	-12.159
12963	1662.000	-0.339	-0.339	0.000	-26.071	-7.823
12979	1662.000	-0.309	-0.273	0.000	-26.260	-1.076
12995	1662.000	-0.310	-0.111	0.000	-25.798	14.683
13011	1662.000	-0.346	-0.349	0.000	-25.551	-9.398
13027	1662.000	-0.369	-0.169	0.000	-26.312	9.421
13043	1662.000	-0.303	-0.018	0.000	-26.181	24.377
13059	1662.000	-0.366	-0.366	0.000	-25.550	-11.095
13075	1662.000	-0.342	-0.249	0.000	-25.866	0.960
13091	1662.000	-0.335	-0.296	0.000	-25.978	-3.614
13107	1662.000	-0.319	-0.288	0.000	-25.721	-3.030
13123	1662.000	-0.315	-0.500	0.000	-26.057	-23.957
13779	1662.000	-1.002	-0.665	0.000	-80.601	14.123
13795	1662.000	-0.998	-0.939	0.000	-82.241	-11.689
13811	1662.000	-0.996	-0.869	0.000	-80.613	-6.246
13827	1662.000	-1.032	-0.972	0.000	-82.700	-14.517
13843	1662.000	-1.012	-0.807	0.000	-82.350	1.678
13859	1662.000	-1.041	-0.846	0.000	-80.580	-4.063
13875	1662.000	-0.985	-0.639	0.000	-81.373	17.495
13891	1662.000	-1.010	-0.921	0.000	-81.225	-10.902
13907	1662.000	-0.980	-0.796	0.000	-81.725	2.118
13923	1662.000	-1.017	-0.777	0.000	-80.561	2.841
13939	1662.000	-1.028	-0.884	0.000	-81.132	-7.250
13955	1662.000	-1.104	-0.633	0.000	-85.875	22.554
13971	1662.000	-0.978	-0.714	0.000	-80.968	9.538
13987	1662.000	-1.097	-0.757	0.000	-84.449	8.795
14003	1662.000	-1.004	-0.791	0.000	-83.969	4.838
14019	1662.000	-0.696	-0.616	0.000	-83.554	22.001
14035	1662.000	-1.033	-1.046	0.000	-81.096	-23.520
14051	1662.000	-0.978	-0.624	0.000	-80.915	18.530
14067	1662.000	-1.065	-0.975	0.000	-81.004	-16.509
14083	1662.000	-0.975	-0.774	0.000	-80.879	3.476
14099	1662.000	-1.002	-0.969	0.000	-80.600	-16.265
14115	1662.000	-0.904	-1.034	0.000	-81.318	-22.042
14131	1662.000	-0.955	-0.753	0.000	-80.597	5.294
14147	1662.000	-1.064	-1.012	0.000	-81.380	-19.807
14163	1662.000	-0.982	-0.604	0.000	-80.578	20.217
14179	1662.000	-1.019	-0.916	0.000	-80.561	-11.002
14195	1662.000	-1.034	-0.875	0.000	-80.595	-6.909
14211	1662.000	-1.110	-0.958	0.000	-82.278	-13.541
14227	1662.000	-0.956	-0.593	0.000	-80.561	21.298
14243	1662.000	-0.965	-0.810	0.000	-80.976	0.020
14259	1662.000	-1.023	-0.914	0.000	-81.559	-9.861
14275	1662.000	-1.015	-0.928	0.000	-82.174	-10.594
14291	1662.000	-0.983	-0.734	0.000	-80.621	7.238
14307	1662.000	-1.028	-0.965	0.000	-80.569	-15.962
14323	1662.000	-0.946	-0.838	0.000	-82.603	-1.169
14339	1662.000	-0.986	-1.019	0.000	-80.561	-21.370
14355	1662.000	-1.055	-0.635	0.000	-80.621	17.084
14371	1662.000	-1.004	-0.697	0.000	-82.882	13.212
14387	1662.000	-0.996	-0.889	0.000	-80.570	-8.333
3	1663.000	-0.991	-0.955	0.000	-75.349	-20.126
19	1663.000	-0.928	-0.547	0.000	-77.127	22.393
35	1663.000	-0.837	-0.946	0.000	-76.952	-17.678
51	1663.000	-0.989	-0.884	0.000	-75.349	-13.090
67	1663.000	-0.976	-0.694	0.000	-76.694	7.258
83	1663.000	-0.941	-0.910	0.000	-78.263	-12.781
99	1663.000	-0.937	-0.770	0.000	-75.349	-1.646
115	1663.000	-0.945	-0.997	0.000	-75.404	-24.288
131	1663.000	-0.970	-0.816	0.000	-76.791	-4.813
147	1663.000	-0.938	-0.795	0.000	-76.043	-3.413
163	1663.000	-1.034	-0.906	0.000	-75.431	-15.196
179	1663.000	-0.911	-0.908	0.000	-75.349	-15.465
195	1663.000	-1.038	-0.967	0.000	-78.757	-17.983
211	1663.000	-0.592	-0.654	0.000	-75.349	9.922
227	1663.000	-0.940	-0.998	0.000	-75.349	-24.463
243	1663.000	-0.998	-0.637	0.000	-78.689	14.987
259	1663.000	-0.975	-0.881	0.000	-75.349	-12.734
275	1663.000	-0.934	-0.811	0.000	-75.363	-5.721
291	1663.000	-0.999	-0.860	0.000	-75.382	-10.603
307	1663.000	-0.953	-0.995	0.000	-75.349	-24.163
323	1663.000	-0.956	-0.979	0.000	-75.349	-22.567
339	1663.000	-0.978	-0.940	0.000	-75.349	-18.675
355	1663.000	-0.926	-0.687	0.000	-77.077	8.403
371	1663.000	-0.957	-0.683	0.000	-76.245	7.937
387	1663.000	-0.970	-0.901	0.000	-77.051	-13.045
403	1663.000	-0.899	-0.619	0.000	-79.527	17.611
419	1663.000	-0.875	-0.828	0.000	-76.944	-5.846
435	1663.000	-0.917	-0.617	0.000	-76.257	14.531
451	1663.000	-0.941	-0.812	0.000	-76.498	-4.686
467	1663.000	-0.970	-0.572	0.000	-77.276	20.100
483	1663.000	-0.928	-0.748	0.000	-75.349	0.511
499	1663.000	-0.925	-0.690	0.000	-75.367	6.372
515	1663.000	-0.914	-0.881	0.000	-75.398	-12.656
531	1663.000	-0.592	-0.976	0.000	-75.349	-22.274
547	1663.000	-0.895	-0.823	0.000	-75.365	-6.978
563	1663.000	-0.054	4.175	0.000	-75.635	-6.864
579	1663.000	-0.930	-0.586	0.000	-75.365	16.796
595	1663.000	-0.959	-0.891	0.000	-75.663	-13.419
611	1663.000	-0.921	-0.537	0.000	-77.412	23.726
1267	1663.000	-0.320	-0.470	0.000	-24.239	-22.783
1283	1663.000	-0.272	-0.015	0.000	-23.808	22.284
1299	1663.000	-0.274	-0.259	0.000	-23.984	-1.942
1315	1663.000	-0.293	0.005	0.000	-23.727	24.263
1331	1663.000	-0.267	-0.004	0.000	-23.661	23.240
1347	1663.000	-0.281	-0.124	0.000	-23.920	11.535
1363	1663.000	-0.291	-0.111	0.000	-24.412	13.332
1379	1663.000	-0.317	-0.163	0.000	-23.635	7.312
1395	1663.000	-0.290	-0.016	0.000	-23.737	22.109
1411	1663.000	-0.245	0.009	0.000	-23.877	24.758
1427	1663.000	-0.235	-0.042	0.000	-23.706	19.466
1443	1663.000	-0.304	-0.263	0.000	-23.628	-2.702
1459	1663.000	-0.345	-0.438	0.000	-23.789	-20.041
1475	1663.000	-0.303	-0.299	0.000	-23.716	-6.188
1491	1663.000	-0.330	-0.304	0.000	-23.783	-6.588
1507	1663.000	-0.313	-0.369	0.000	-23.645	-13.283
1523	1663.000	-0.247	-0.080	0.000	-23.791	15.801
1539	1663.000	-0.294	-0.153	0.000	-23.601	8.282
1555	1663.000	-0.331	-0.117	0.000	-23.563	11.885
1571	1663.000	-0.255	-0.053	0.000	-23.760	18.431
1587	1663.000	-0.307	-0.264	0.000	-24.838	-1.521
1603	1663.000	-0.288	-0.136	0.000	-23.970	10.326
1619	1663.000	-0.309	-0.474	0.000	-23.733	-23.659
1635	1663.000	-0.282	-0.055	0.000	-24.096	18.596
1651	1663.000	-0.258	-0.060	0.000	-23.957	17.993
1667	1663.000	-0.334	-0.336	0.000	-23.875	-9.753
1683	1663.000	-0.281	-0.447	0.000	-23.927	-20.801
1699	1663.000	-0.249	-0.200	0.000	-23.813	3.854
1715	1663.000	-0.340	-0.312	0.000	-24.443	-6.798
1731	1663.000	-0.315	-0.142	0.000	-23.597	9.369
1747	1663.000	-0.305	-0.302	0.000	-23.597	-6.610
1763	1663.000	-0.309	-0.457	0.000	-23.838	-21.857
1779	1663.000	-0.311	-0.188	0.000	-23.564	4.797
1795	1663.000	-0.251	-0.176	0.000	-23.637	6.055
1811	1663.000	-0.274	-0.300	0.000	-23.733	-6.265
1827	1663.000	-0.280	-0.341	0.000	-23.699	-10.437
1843	1663.000	-0.286	-0.059	0.000	-24.357	18.422
1859	1663.000	-0.291	-0.391	0.000	-24.158	-14.976
1875	1663.000	-0.311	-0.424	0.000	-24.386	-17.967
2515	1663.000	-0.378	-0.469	0.000	-32.149	-14.727
2531	1663.000	-0.397	-0.449	0.000	-31.770	-13.106
2547	1663.000	-0.377	-0.152	0.000	-32.284	17.131
2563	1663.000	-0.406	-0.341	0.000	-31.708	-2.365
2579	1663.000	-0.454	-0.478	0.000	-32.190	-15.579
2595	1663.000	-0.430	-0.212	0.000	-31.928	10.761
2611	1663.000	-0.390	-0.301	0.000	-31.548	1.449
2627	1663.000	-0.370	-0.333	0.000	-31.966	-1.320
2643	1663.000	-0.367	-0.107	0.000	-32.249	21.540
2659	1663.000	-0.424	-0.500	0.000	-31.709	-18.300
2675	1663.000	-0.377	-0.432	0.000	-31.707	-11.504
2691	1663.000	-0.340	-0.175	0.000	-32.157	14.655
2707	1663.000	-0.381	-0.499	0.000	-32.089	-17.827
2723	1663.000	-0.361	-0.178	0.000	-32.263	14.509
2739	1663.000	-0.355	-0.253	0.000	-32.097	6.764
2755	1663.000	-0.404	-0.345	0.000	-31.546	-2.986
2771	1663.000	-0.352	-0.091	0.000	-32.342	23.272
2787	1663.000	-0.388	-0.448	0.000	-31.799	-12.982
2803	1663.000	-0.454	-0.553	0.000	-31.548	-23.779
2819	1663.000	-0.382	-0.255	0.000	-31.952	6.458
2835	1663.000	-0.431	-0.218	0.000	-31.707	9.893
2851	1663.000	-0.420	-0.103	0.000	-31.631	21.309
2867	1663.000	-0.467	-0.429	0.000	-31.639	-11.280
2883	1663.000	-0.426	-0.483	0.000	-32.290	-15.998
2899	1663.000	-0.387	-0.125	0.000	-31.554	19.103
2915	1663.000	-0.367	-0.191	0.000	-32.225	13.174
2931	1663.000	-0.430	-0.386	0.000	-31.844	-6.805
2947	1663.000	-0.404	-0.526	0.000	-31.556	-21.086
2963	1663.000	-0.441	-0.545	0.000	-32.252	-22.247
2979	1663.000	-0.433	-0.473	0.000	-31.791	-15.541
2995	1663.000	-0.376	-0.140	0.000	-31.809	17.843
3011	1663.000	-0.421	-0.364	0.000	-32.591	-3.795
3027	1663.000	-0.442	-0.529	0.000	-31.771	-21.084
3043	1663.000	-0.393	-0.379	0.000	-31.707	-6.240
3059	1663.000	-0.387	-0.186	0.000	-31.914	13.336
3075	1663.000	-0.464	-0.562	0.000	-31.629	-24.600
3091	1663.000	-0.441	-0.267	0.000	-32.218	5.492
3107	1663.000	-0.410	-0.462	0.000	-32.312	-13.849
3123	1663.000	-0.412	-0.190	0.000	-32.156	13.136
3763	1663.000	-0.449	-0.383	0.000	-31.366	-6.961
3779	1663.000	-0.373	-0.242	0.000	-31.343	7.184
3795	1663.000	-0.395	-0.452	0.000	-31.500	-13.666
3811	1663.000	-0.451	-0.507	0.000	-31.382	-19.358
3827	1663.000	-0.369	-0.420	0.000	-31.892	-10.088
3843	1663.000	-0.421	-0.406	0.000	-31.871	-8.743
3859	1663.000	-0.409	-0.411	0.000	-31.528	-9.614
3875	1663.000	-0.426	-0.398	0.000	-31.367	-8.433
3891	1663.000	-0.348	-0.330	0.000	-31.874	-1.142
3907	1663.000	-0.463	-0.536	0.000	-31.512	-22.069
3923	1663.000	-0.341	-0.092	0.000	-31.347	22.173
3939	1663.000	-0.428	-0.567	0.000	-31.998	-24.685
3955	1663.000	-0.388	-0.284	0.000	-31.691	3.253
3971	1663.000	-0.448	-0.300	0.000	-31.816	1.852
3987	1663.000	-0.380	-0.315	0.000	-31.822	0.310
4003	1663.000	-0.417	-0.530	0.000	-31.473	-21.502
4019	1663.000	-0.404	-0.221	0.000	-32.245	10.171
4035	1663.000	-0.323	-0.220	0.000	-31.477	9.445
4051	1663.000	-0.407	-0.214	0.000	-31.359	9.975
4067	1663.000	-0.421	-0.511	0.000	-31.506	-19.551
4083	1663.000	-0.360	-0.418	0.000	-31.431	-10.409
4099	1663.000	-0.434	-0.521	0.000	-31.802	-20.309
4115	1663.000	-0.442	-0.448	0.000	-31.255	-13.501
4131	1663.000	-0.335	-0.233	0.000	-31.438	8.090
4147	1663.000	-0.427	-0.511	0.000	-32.089	-18.999
4163	1663.000	-0.438	-0.425	0.000	-31.495	-10.982
4179	1663.000	-0.383	-0.071	0.000	-31.413	24.322
4195	1663.000	-0.400	-0.526	0.000	-31.354	-21.286
4211	1663.000	-0.367	-0.399	0.000	-31.146	-8.724
4227	1663.000	-0.437	-0.504	0.000	-31.565	-18.853
4243	1663.000	-0.416	-0.345	0.000	-31.135	-3.321
4259	1663.000	-0.419	-0.346	0.000	-31.174	-3.407
4275	1663.000	-0.417	-0.220	0.000	-31.792	9.760
4291	1663.000	-0.419	-0.213	0.000	-31.135	9.834
4307	1663.000	-0.352	-0.104	0.000	-31.305	20.943
4323	1663.000	-0.400	-0.097	0.000	-31.603	21.873
4339	1663.000	-0.359	-0.179	0.000	-31.354	13.450
4355	1663.000	-0.328	-0.160	0.000	-31.135	15.154
4371	1663.000	-0.361	-0.083	0.000	-31.467	23.157
5011	1663.000	-0.326	-0.404	0.000	-22.477	-17.963
5027	1663.000	-0.324	-0.224	0.000	-22.478	0.051
5043	1663.000	-0.283	-0.203	0.000	-22.770	2.510
5059	1663.000	-0.241	-0.059	0.000	-22.668	16.723
5075	1663.000	-0.286	-0.296	0.000	-22.473	-7.093
5091	1663.000	-0.240	-0.049	0.000	-22.574	17.685
5107	1663.000	-0.215	-0.046	0.000	-22.670	18.037
5123	1663.000	-0.288	-0.055	0.000	-22.572	17.054
5139	1663.000	-0.310	-0.231	0.000	-23.074	-0.055
5155	1663.000	-0.312	-0.033	0.000	-22.713	19.404
5171	1663.000	-0.321	-0.291	0.000	-22.710	-6.389
5187	1663.000	-0.315	-0.153	0.000	-23.282	7.934
5203	1663.000	-0.294	-0.102	0.000	-22.600	12.380
5219	1663.000	-0.260	-0.198	0.000	-22.664	2.908
5235	1663.000	-0.238	-0.058	0.000	-23.437	17.655
5251	1663.000	-0.299	-0.346	0.000	-22.696	-11.916
5267	1663.000	-0.317	-0.021	0.000	-23.002	20.872
5283	1663.000	-0.260	-0.202	0.000	-22.505	2.350
5299	1663.000	-0.256	-0.434	0.000	-22.812	-20.538
5315	1663.000	-0.280	-0.367	0.000	-22.835	-13.905
5331	1663.000	-0.265	-0.092	0.000	-23.019	13.797
5347	1663.000	-0.211	-0.029	0.000	-22.678	19.751
5363	1663.000	-0.299	-0.142	0.000	-22.563	8.337
5379	1663.000	-0.320	-0.251	0.000	-23.496	-1.627
5395	1663.000	-0.309	-0.471	0.000	-22.820	-24.273
5411	1663.000	-0.275	-0.257	0.000	-22.476	-3.178
5427	1663.000	-0.283	-0.007	0.000	-23.348	22.695
5443	1663.000	-0.255	-0.124	0.000	-22.475	10.077
5459	1663.000	-0.355	-0.464	0.000	-22.469	-23.907
5475	1663.000	-0.320	-0.463	0.000	-22.848	-23.429
5491	1663.000	-0.296	-0.347	0.000	-22.472	-12.242
5507	1663.000	-0.337	-0.019	0.000	-22.469	20.548
5523	1663.000	-0.299	-0.421	0.000	-22.703	-19.353
5539	1663.000	-0.323	-0.328	0.000	-22.554	-10.292
5555	1663.000	-0.257	-0.391	0.000	-22.725	-16.388
5571	1663.000	-0.269	-0.043	0.000	-22.676	18.378
5587	1663.000	-0.238	-0.296	0.000	-22.473	-7.123
5603	1663.000	-0.279	-0.185	0.000	-22.636	4.116
5619	1663.000	-0.232	-0.051	0.000	-22.799	17.676
6259	1663.000	-1.001	-0.955	0.000	-77.999	-17.542
6275	1663.000	-0.948	-0.630	0.000	-78.701	15.696
6291	1663.000	-0.927	-0.622	0.000	-77.999	15.791
6307	1663.000	-0.969	-0.827	0.000	-78.013	-4.726
6323	1663.000	-0.951	-0.640	0.000	-77.998	13.972
6339	1663.000	-0.944	-0.618	0.000	-77.999	16.207
6355	1663.000	-1.051	-0.958	0.000	-78.687	-17.154
6371	1663.000	-1.012	-0.925	0.000	-79.789	-12.710
6387	1663.000	-0.989	-0.723	0.000	-77.998	5.664
6403	1663.000	-0.997	-0.810	0.000	-77.998	-2.975
6419	1663.000	-0.987	-0.791	0.000	-80.497	1.357
6435	1663.000	-0.736	-0.732	0.000	-80.429	7.274
6451	1663.000	-0.955	-0.639	0.000	-78.016	14.075
6467	1663.000	-1.013	-0.782	0.000	-81.345	3.121
6483	1663.000	-0.992	-0.778	0.000	-79.065	1.279
6499	1663.000	-0.991	-0.763	0.000	-78.687	2.395
6515	1663.000	-0.924	-0.572	0.000	-77.998	20.824
6531	1663.000	-0.988	-0.882	0.000	-78.407	-9.784
6547	1663.000	-1.028	-0.905	0.000	-80.183	-10.364
6563	1663.000	-0.967	-0.556	0.000	-78.326	22.720
6579	1663.000	-1.060	-0.979	0.000	-78.038	-19.867
6595	1663.000	-0.957	-0.835	0.000	-78.725	-4.725
6611	1663.000	-1.003	-0.700	0.000	-78.000	8.032
6627	1663.000	-1.029	-0.791	0.000	-78.058	-0.999
6643	1663.000	-0.964	-0.747	0.000	-78.039	3.307
6659	1663.000	-1.022	-0.848	0.000	-79.899	-4.855
6675	1663.000	-0.961	-0.916	0.000	-78.734	-12.869
6691	1663.000	-0.969	-0.796	0.000	-77.998	-1.631
6707	1663.000	-0.953	-0.711	0.000	-79.109	8.044
6723	1663.000	-0.700	-0.607	0.000	-77.998	17.312
6739	1663.000	-0.899	-0.832	0.000	-78.020	-5.151
6755	1663.000	-1.002	-0.888	0.000	-80.131	-8.687
6771	1663.000	-0.963	-0.990	0.000	-77.998	-20.998
6787	1663.000	-0.717	-0.828	0.000	-77.998	-4.770
6803	1663.000	-0.985	-0.702	0.000	-80.246	10.055
6819	1663.000	-0.969	-0.848	0.000	-79.643	-5.194
6835	1663.000	-0.972	-1.011	0.000	-77.999	-23.129
6851	1663.000	-0.106	4.021	0.000	-78.900	-18.965
6867	1663.000	-0.757	-0.738	0.000	-79.637	5.793
7523	1663.000	-0.053	4.241	0.000	-76.112	0.192
7539	1663.000	-0.954	-0.878	0.000	-75.990	-11.788
7555	1663.000	-0.904	-0.734	0.000	-75.242	1.882
7571	1663.000	-0.913	-0.561	0.000	-75.266	19.127
7587	1663.000	-0.944	-0.927	0.000	-77.146	-15.516
7603	1663.000	-0.971	-0.865	0.000	-75.254	-11.204
7619	1663.000	-0.819	-0.989	0.000	-76.716	-22.180
7635	1663.000	-0.934	-0.756	0.000	-75.560	-0.005
7651	1663.000	-0.971	-0.835	0.000	-75.842	-7.611
7667	1663.000	-0.913	-0.576	0.000	-75.614	18.025
7683	1663.000	-0.946	-0.518	0.000	-75.235	23.441
7699	1663.000	-0.943	-0.982	0.000	-75.289	-22.942
7715	1663.000	-0.961	-0.808	0.000	-79.468	-1.319
7731	1663.000	-0.914	-0.743	0.000	-75.252	0.974
7747	1663.000	-0.897	-0.661	0.000	-75.242	9.093
7763	1663.000	-0.989	-0.975	0.000	-77.011	-20.473
7779	1663.000	-1.012	-0.579	0.000	-77.139	19.244
7795	1663.000	-0.913	-0.673	0.000	-75.599	8.285
7811	1663.000	-0.937	-0.854	0.000	-75.929	-9.452
7827	1663.000	-0.773	-0.658	0.000	-76.627	10.830
7843	1663.000	-1.001	-0.785	0.000	-76.056	-2.482
7859	1663.000	-0.969	-0.600	0.000	-77.106	17.082
7875	1663.000	-0.036	4.013	0.000	-75.843	-22.825
7891	1663.000	-0.962	-0.820	0.000	-75.235	-6.773
7907	1663.000	-0.918	-0.664	0.000	-75.235	8.811
7923	1663.000	-1.042	-0.980	0.000	-75.933	-22.113
7939	1663.000	-0.903	-0.719	0.000	-75.235	3.337
7955	1663.000	-0.934	-0.748	0.000	-75.235	0.434
7971	1663.000	-0.944	-0.952	0.000	-75.235	-19.923
7987	1663.000	-0.934	-0.690	0.000	-75.938	6.918
8003	1663.000	-0.889	-0.986	0.000	-75.282	-23.332
8019	1663.000	-0.933	-0.734	0.000	-75.850	2.407
8035	1663.000	-0.900	-0.703	0.000	-75.235	4.976
8051	1663.000	-0.848	-0.555	0.000	-75.248	19.765
8067	1663.000	-0.906	-0.607	0.000	-78.492	17.792
8083	1663.000	-0.608	-0.870	0.000	-75.235	-11.762
8099	1663.000	-1.005	-1.020	0.000	-77.082	-24.928
8115	1663.000	-0.977	-0.995	0.000	-76.900	-22.646
8131	1663.000	-0.944	-0.986	0.000	-75.235	-23.321
8771	1663.000	-0.389	-0.378	0.000	-26.137	-11.713
8787	1663.000	-0.358	-0.063	0.000	-26.143	19.814
8803	1663.000	-0.321	-0.441	0.000	-26.141	-17.998
8819	1663.000	-0.318	-0.026	0.000	-26.066	23.452
8835	1663.000	-0.324	-0.400	0.000	-26.380	-13.665
8851	1663.000	-0.346	-0.086	0.000	-26.132	17.497
8867	1663.000	-0.394	-0.413	0.000	-26.523	-14.760
8883	1663.000	-0.369	-0.445	0.000	-26.560	-17.914
8899	1663.000	-0.281	-0.250	0.000	-26.379	1.352
8915	1663.000	-0.318	-0.332	0.000	-26.459	-6.770
8931	1663.000	-0.339	-0.407	0.000	-26.572	-14.148
8947	1663.000	-0.360	-0.134	0.000	-27.147	13.706
8963	1663.000	-0.311	-0.144	0.000	-26.226	11.875
8979	1663.000	-0.324	-0.430	0.000	-26.306	-16.699
8995	1663.000	-0.356	-0.400	0.000	-26.587	-13.435
9011	1663.000	-0.343	-0.464	0.000	-26.074	-20.298
9027	1663.000	-0.383	-0.451	0.000	-26.380	-18.726
9043	1663.000	-0.389	-0.503	0.000	-26.710	-23.605
9059	1663.000	-0.343	-0.391	0.000	-26.293	-12.793
9075	1663.000	-0.318	-0.055	0.000	-26.609	21.154
9091	1663.000	-0.294	-0.118	0.000	-26.502	14.657
9107	1663.000	-0.309	-0.252	0.000	-26.148	0.931
9123	1663.000	-0.357	-0.438	0.000	-27.132	-16.647
9139	1663.000	-0.298	-0.091	0.000	-26.105	17.014
9155	1663.000	-0.342	-0.131	0.000	-26.066	13.007
9171	1663.000	-0.376	-0.510	0.000	-26.952	-24.057
9187	1663.000	-0.319	-0.243	0.000	-26.065	1.768
9203	1663.000	-0.288	-0.438	0.000	-26.168	-17.610
9219	1663.000	-0.318	-0.091	0.000	-26.497	17.379
9235	1663.000	-0.351	-0.437	0.000	-26.231	-17.428
9251	1663.000	-0.346	-0.297	0.000	-26.407	-3.310
9267	1663.000	-0.318	-0.358	0.000	-26.627	-9.209
9283	1663.000	-0.320	-0.171	0.000	-26.175	9.047
9299	1663.000	-0.289	-0.022	0.000	-26.099	23.913
9315	1663.000	-0.335	-0.232	0.000	-26.459	3.245
9331	1663.000	-0.312	-0.279	0.000	-26.258	-1.689
9347	1663.000	-0.303	-0.048	0.000	-26.316	21.509
9363	1663.000	-0.321	-0.395	0.000	-26.205	-13.258
9379	1663.000	-0.304	-0.419	0.000	-26.141	-15.734
10019	1663.000	-0.337	-0.164	0.000	-31.263	14.907
10035	1663.000	-0.337	-0.125	0.000	-31.304	18.759
10051	1663.000	-0.349	-0.076	0.000	-31.310	23.683
10067	1663.000	-0.335	-0.384	0.000	-31.589	-6.843
10083	1663.000	-0.429	-0.557	0.000	-31.377	-24.327
10099	1663.000	-0.391	-0.226	0.000	-31.618	9.063
10115	1663.000	-0.395	-0.394	0.000	-31.651	-7.746
10131	1663.000	-0.376	-0.287	0.000	-31.437	2.729
10147	1663.000	-0.421	-0.552	0.000	-32.131	-23.082
10163	1663.000	-0.366	-0.152	0.000	-31.472	16.288
10179	1663.000	-0.349	-0.071	0.000	-31.445	24.379
10195	1663.000	-0.367	-0.147	0.000	-31.876	17.203
10211	1663.000	-0.387	-0.235	0.000	-31.228	7.727
10227	1663.000	-0.413	-0.261	0.000	-31.938	5.865
10243	1663.000	-0.456	-0.433	0.000	-31.298	-12.037
10259	1663.000	-0.367	-0.201	0.000	-31.225	11.118
10275	1663.000	-0.422	-0.551	0.000	-31.949	-23.110
10291	1663.000	-0.411	-0.489	0.000	-31.425	-17.474
10307	1663.000	-0.434	-0.537	0.000	-31.945	-21.707
10323	1663.000	-0.373	-0.374	0.000	-31.471	-5.969
10339	1663.000	-0.442	-0.527	0.000	-31.338	-21.353
10355	1663.000	-0.446	-0.541	0.000	-31.823	-22.302
10371	1663.000	-0.364	-0.244	0.000	-31.633	7.194
10387	1663.000	-0.383	-0.449	0.000	-31.589	-13.330
10403	1663.000	-0.396	-0.359	0.000	-31.891	-4.014
10419	1663.000	-0.405	-0.481	0.000	-31.765	-16.297
10435	1663.000	-0.369	-0.421	0.000	-31.696	-10.375
10451	1663.000	-0.381	-0.490	0.000	-31.607	-17.384
10467	1663.000	-0.412	-0.312	0.000	-31.591	0.357
10483	1663.000	-0.401	-0.334	0.000	-31.704	-1.732
10499	1663.000	-0.405	-0.072	0.000	-31.231	24.016
10515	1663.000	-0.420	-0.325	0.000	-31.302	-1.156
10531	1663.000	-0.356	-0.394	0.000	-31.557	-7.802
10547	1663.000	-0.427	-0.301	0.000	-32.011	1.864
10563	1663.000	-0.437	-0.494	0.000	-31.672	-17.754
10579	1663.000	-0.423	-0.466	0.000	-31.677	-14.946
10595	1663.000	-0.381	-0.415	0.000	-31.592	-9.957
10611	1663.000	-0.357	-0.097	0.000	-31.445	21.777
10627	1663.000	-0.432	-0.467	0.000	-31.445	-15.282
11267	1663.000	-0.339	-0.124	0.000	-30.934	18.547
11283	1663.000	-0.395	-0.400	0.000	-30.518	-9.506
11299	1663.000	-0.340	-0.424	0.000	-30.887	-11.551
11315	1663.000	-0.410	-0.095	0.000	-30.555	21.062
11331	1663.000	-0.402	-0.395	0.000	-30.592	-8.919
11347	1663.000	-0.340	-0.089	0.000	-31.736	22.802
11363	1663.000	-0.383	-0.340	0.000	-30.518	-3.495
11379	1663.000	-0.402	-0.442	0.000	-30.669	-13.556
11395	1663.000	-0.429	-0.512	0.000	-30.925	-20.293
11411	1663.000	-0.387	-0.219	0.000	-30.612	8.748
11427	1663.000	-0.365	-0.332	0.000	-30.962	-2.280
11443	1663.000	-0.397	-0.339	0.000	-30.723	-3.196
11459	1663.000	-0.337	-0.141	0.000	-30.788	16.721
11475	1663.000	-0.394	-0.542	0.000	-30.518	-23.693
11491	1663.000	-0.439	-0.322	0.000	-30.681	-1.508
11507	1663.000	-0.391	-0.323	0.000	-31.188	-1.104
11523	1663.000	-0.439	-0.538	0.000	-31.185	-22.658
11539	1663.000	-0.421	-0.446	0.000	-30.736	-13.818
11555	1663.000	-0.377	-0.282	0.000	-30.603	2.427
11571	1663.000	-0.412	-0.519	0.000	-31.476	-20.465
11587	1663.000	-0.313	-0.088	0.000	-30.523	21.768
11603	1663.000	-0.402	-0.262	0.000	-30.769	4.534
11619	1663.000	-0.316	-0.116	0.000	-30.687	19.110
11635	1663.000	-0.381	-0.519	0.000	-30.720	-21.173
11651	1663.000	-0.414	-0.301	0.000	-31.749	1.610
11667	1663.000	-0.384	-0.542	0.000	-30.616	-23.623
11683	1663.000	-0.317	-0.116	0.000	-30.792	19.218
11699	1663.000	-0.431	-0.111	0.000	-31.232	20.086
11715	1663.000	-0.367	-0.389	0.000	-30.619	-8.283
11731	1663.000	-0.386	-0.189	0.000	-30.835	11.925
11747	1663.000	-0.387	-0.511	0.000	-30.606	-20.482
11763	1663.000	-0.400	-0.074	0.000	-30.659	23.307
11779	1663.000	-0.359	-0.308	0.000	-30.518	-0.249
11795	1663.000	-0.393	-0.350	0.000	-30.883	-4.089
11811	1663.000	-0.387	-0.535	0.000	-30.611	-22.896
11827	1663.000	-0.452	-0.483	0.000	-30.924	-17.361
11843	1663.000	-0.364	-0.206	0.000	-30.975	10.358
11859	1663.000	-0.361	-0.160	0.000	-30.528	14.535
11875	1663.000	-0.401	-0.103	0.000	-30.891	20.630
12515	1663.000	-0.334	-0.275	0.000	-24.575	-2.934
12531	1663.000	-0.334	-0.345	0.000	-24.744	-9.804
12547	1663.000	-0.299	-0.166	0.000	-24.869	8.279
12563	1663.000	-0.246	-0.098	0.000	-24.894	15.070
12579	1663.000	-0.325	-0.206	0.000	-24.908	4.345
12595	1663.000	-0.298	-0.015	0.000	-25.353	23.847
12611	1663.000	-0.365	-0.171	0.000	-24.986	7.875
12627	1663.000	-0.367	-0.386	0.000	-24.962	-13.651
12643	1663.000	-0.327	-0.429	0.000	-24.830	-18.080
12659	1663.000	-0.299	-0.155	0.000	-24.498	8.997
12675	1663.000	-0.313	-0.459	0.000	-24.685	-21.186
12691	1663.000	-0.354	-0.211	0.000	-24.500	3.438
12707	1663.000	-0.312	-0.074	0.000	-24.509	17.068
12723	1663.000	-0.367	-0.294	0.000	-24.762	-4.644
12739	1663.000	-0.306	-0.328	0.000	-24.710	-8.087
12755	1663.000	-0.334	-0.164	0.000	-24.498	8.074
12771	1663.000	-0.312	-0.158	0.000	-24.500	8.699
12787	1663.000	-0.308	-0.232	0.000	-25.377	2.205
12803	1663.000	-0.249	-0.067	0.000	-24.499	17.779
12819	1663.000	-0.296	-0.419	0.000	-24.498	-17.426
12835	1663.000	-0.306	-0.244	0.000	-25.145	0.786
12851	1663.000	-0.322	-0.429	0.000	-24.513	-18.352
12867	1663.000	-0.343	-0.368	0.000	-24.539	-12.224
12883	1663.000	-0.320	-0.423	0.000	-24.769	-17.535
12899	1663.000	-0.284	-0.341	0.000	-24.738	-9.406
12915	1663.000	-0.304	-0.301	0.000	-25.060	-5.070
12931	1663.000	-0.289	-0.275	0.000	-24.696	-2.765
12947	1663.000	-0.291	-0.248	0.000	-24.926	0.096
12963	1663.000	-0.301	-0.175	0.000	-24.978	7.479
12979	1663.000	-0.302	-0.198	0.000	-25.149	5.333
12995	1663.000	-0.315	-0.452	0.000	-24.731	-20.496
13011	1663.000	-0.326	-0.075	0.000	-24.507	17.026
13027	1663.000	-0.312	-0.035	0.000	-25.196	21.695
13043	1663.000	-0.269	-0.197	0.000	-25.078	5.416
13059	1663.000	-0.344	-0.436	0.000	-24.507	-19.135
13075	1663.000	-0.331	-0.439	0.000	-24.793	-19.113
13091	1663.000	-0.330	-0.158	0.000	-24.894	9.072
13107	1663.000	-0.335	-0.401	0.000	-24.661	-15.459
13123	1663.000	-0.316	-0.449	0.000	-24.966	-19.938
13779	1663.000	-0.025	4.415	0.000	-77.309	18.792
13795	1663.000	-0.942	-0.642	0.000	-78.794	14.555
13811	1663.000	-0.948	-0.711	0.000	-77.320	6.263
13827	1663.000	-0.977	-0.829	0.000	-79.208	-3.729
13843	1663.000	-0.981	-0.829	0.000	-78.892	-4.027
13859	1663.000	-0.973	-0.537	0.000	-77.291	23.600
13875	1663.000	-0.946	-0.594	0.000	-78.008	18.588
13891	1663.000	-0.980	-0.969	0.000	-77.874	-19.066
13907	1663.000	-0.948	-0.964	0.000	-78.327	-18.091
13923	1663.000	-0.948	-0.573	0.000	-77.274	19.960
13939	1663.000	-1.016	-0.903	0.000	-77.790	-12.519
13955	1663.000	-1.082	-0.919	0.000	-82.081	-9.825
13971	1663.000	-0.940	-0.830	0.000	-77.642	-5.401
13987	1663.000	-1.039	-0.563	0.000	-80.792	24.471
14003	1663.000	-0.936	-0.582	0.000	-80.357	22.194
14019	1663.000	-0.717	-0.945	0.000	-79.982	-14.497
14035	1663.000	-1.008	-0.996	0.000	-77.757	-21.858
14051	1663.000	-0.949	-0.765	0.000	-77.594	1.084
14067	1663.000	-1.041	-0.942	0.000	-77.674	-16.523
14083	1663.000	-0.954	-0.858	0.000	-77.561	-8.286
14099	1663.000	-0.966	-0.840	0.000	-77.309	-6.696
14115	1663.000	0.024	4.151	0.000	-77.959	-6.930
14131	1663.000	-0.942	-0.992	0.000	-77.306	-21.926
14147	1663.000	-1.022	-0.710	0.000	-78.014	7.010
14163	1663.000	-0.968	-0.824	0.000	-77.288	-5.114
14179	1663.000	-0.998	-0.804	0.000	-77.274	-3.080
14195	1663.000	-0.961	-0.702	0.000	-77.304	7.133
14211	1663.000	-1.050	-0.880	0.000	-78.827	-9.220
14227	1663.000	-0.944	-0.943	0.000	-77.274	-17.071
14243	1663.000	-0.913	-0.722	0.000	-77.649	5.460
14259	1663.000	-1.004	-0.952	0.000	-78.176	-16.979
14275	1663.000	-0.975	-0.907	0.000	-78.733	-11.990
14291	1663.000	-0.954	-0.861	0.000	-77.328	-8.770
14307	1663.000	-0.983	-0.571	0.000	-77.281	20.172
14323	1663.000	0.019	4.390	0.000	-79.121	18.117
14339	1663.000	-0.941	-0.690	0.000	-77.274	8.319
14355	1663.000	-0.980	-0.561	0.000	-77.327	21.222
14371	1663.000	-0.977	-0.744	0.000	-79.373	5.012
14387	1663.000	-0.975	-0.756	0.000	-77.282	1.684
3	1664.000	-0.944	-0.869	0.000	-73.615	-13.330
19	1664.000	-0.922	-0.920	0.000	-75.223	-16.729
35	1664.000	-0.848	-0.853	0.000	-75.064	-10.241
51	1664.000	-0.928	-0.606	0.000	-73.615	12.994
67	1664.000	-0.926	-0.853	0.000	-74.831	-10.504
83	1664.000	-0.882	-0.513	0.000	-76.250	24.910
99	1664.000	-0.879	-0.696	0.000	-73.615	4.046
115	1664.000	-0.917	-0.814	0.000	-73.664	-7.754
131	1664.000	-0.943	-0.943	0.000	-74.919	-19.337
147	1664.000	-0.880	-0.629	0.000	-74.243	11.321
163	1664.000	-0.974	-0.527	0.000	-73.688	20.939
179	1664.000	-0.858	-0.492	0.000	-73.615	24.395
195	1664.000	-0.984	-0.591	0.000	-76.698	17.562
211	1664.000	-0.606	-0.702	0.000	-73.615	3.421
227	1664.000	-0.910	-0.789	0.000	-73.615	-5.302
243	1664.000	-0.937	-0.690	0.000	-76.636	7.656
259	1664.000	-0.898	-0.527	0.000	-73.615	20.939
275	1664.000	-0.870	-0.564	0.000	-73.627	17.268
291	1664.000	-0.952	-0.769	0.000	-73.644	-3.270
307	1664.000	-0.943	-0.845	0.000	-73.615	-10.877
323	1664.000	-0.899	-0.636	0.000	-73.615	9.981
339	1664.000	-0.939	-0.963	0.000	-73.615	-22.637
355	1664.000	-0.906	-0.977	0.000	-75.178	-22.505
371	1664.000	-0.918	-0.608	0.000	-74.425	13.600
387	1664.000	-0.934	-0.644	0.000	-75.154	10.741
403	1664.000	-0.895	-0.874	0.000	-77.394	-9.971
419	1664.000	-0.866	-0.808	0.000	-75.057	-5.753
435	1664.000	-0.856	-0.524	0.000	-74.435	22.049
451	1664.000	-0.925	-0.781	0.000	-74.654	-3.435
467	1664.000	-0.924	-0.680	0.041	-79.738	-8.750
483	1664.000	-0.880	-0.714	0.000	-73.615	2.221
499	1664.000	-0.904	-0.852	0.000	-73.631	-11.536
515	1664.000	-0.915	-1.000	0.000	-78.039	-21.952
531	1664.000	-0.621	-0.719	0.000	-73.615	1.691
547	1664.000	-0.840	-0.556	0.000	-73.629	18.046
563	1664.000	0.734	4.375	0.000	-73.873	11.378
579	1664.000	-0.888	-0.592	0.000	-73.629	14.441
595	1664.000	-0.916	-0.895	0.000	-73.898	-15.583
611	1664.000	-0.861	-0.629	0.000	-75.481	12.546
1267	1664.000	-0.339	-0.389	0.000	-23.213	-15.653
1283	1664.000	-0.280	-0.219	0.000	-22.823	0.923
1299	1664.000	-0.248	-0.032	0.000	-22.982	19.767
1315	1664.000	-0.254	0.009	0.000	-22.749	23.611
1331	1664.000	-0.260	-0.054	0.000	-22.690	17.303
1347	1664.000	-0.209	0.320	0.082	-22.924	14.125
1363	1664.000	-0.282	-0.366	0.000	-23.369	-13.275
1379	1664.000	-0.267	-0.010	0.000	-22.666	21.656
1395	1664.000	-0.277	-0.392	0.000	-22.759	-16.468
1411	1664.000	-0.271	-0.388	0.000	-22.886	-15.907
1427	1664.000	-0.228	-0.390	0.000	-22.730	-16.276
1443	1664.000	-0.309	-0.263	0.000	-22.660	-3.647
1459	1664.000	-0.357	-0.459	0.000	-22.806	-23.103
1475	1664.000	-0.300	-0.434	0.000	-22.740	-20.650
1491	1664.000	-0.291	-0.066	0.000	-22.800	16.165
1507	1664.000	-0.294	-0.245	0.000	-22.676	-1.804
1523	1664.000	-0.237	-0.197	0.020	-22.808	-7.006
1539	1664.000	-0.247	0.014	0.000	-22.635	23.996
1555	1664.000	-0.306	-0.283	0.000	-22.601	-5.670
1571	1664.000	-0.273	-0.416	0.000	-22.780	-18.804
1587	1664.000	-0.271	-0.083	0.000	-23.755	15.424
1603	1664.000	-0.266	-0.249	0.000	-22.970	-1.925
1619	1664.000	-0.295	-0.273	0.000	-22.755	-4.520
1635	1664.000	-0.256	0.122	0.068	-23.084	1.055
1651	1664.000	-0.249	-0.101	0.000	-22.958	12.832
1667	1664.000	-0.354	-0.478	0.000	-22.883	-24.938
1683	1664.000	-0.297	-0.430	0.000	-22.930	-20.048
1699	1664.000	-0.230	-0.274	0.000	-22.827	-4.537
1715	1664.000	-0.342	-0.416	0.000	-23.398	-18.209
1731	1664.000	-0.286	0.022	0.000	-22.632	24.816
1747	1664.000	-0.291	0.004	0.000	-22.632	23.018
1763	1664.000	-0.257	0.010	0.000	-22.850	23.810
1779	1664.000	-0.314	-0.385	0.000	-22.602	-15.945
1795	1664.000	-0.208	0.141	0.041	-22.668	16.295
1811	1664.000	-0.208	0.202	0.074	-22.755	6.056
1827	1664.000	-0.296	-0.269	0.000	-22.724	-4.207
1843	1664.000	-0.279	-0.262	0.000	-23.319	-2.907
1859	1664.000	-0.269	0.011	0.000	-23.140	24.220
1875	1664.000	-0.299	-0.194	0.000	-23.346	3.979
2515	1664.000	-0.339	-0.132	0.000	-30.804	17.648
2531	1664.000	-0.365	-0.229	0.000	-30.461	7.571
2547	1664.000	-0.361	-0.357	0.000	-30.927	-4.773
2563	1664.000	-0.371	-0.343	0.000	-30.405	-3.930
2579	1664.000	-0.423	-0.358	0.000	-30.842	-4.951
2595	1664.000	-0.391	-0.320	0.000	-30.604	-1.372
2611	1664.000	-0.397	-0.453	0.000	-30.261	-15.085
2627	1664.000	-0.393	-0.459	0.000	-30.638	-15.215
2643	1664.000	-0.344	-0.127	0.000	-30.895	18.215
2659	1664.000	-0.413	-0.386	0.000	-30.407	-8.205
2675	1664.000	-0.379	-0.484	0.000	-30.404	-18.034
2691	1664.000	-0.314	-0.114	0.000	-30.812	19.434
2707	1664.000	-0.350	-0.300	0.000	-30.750	0.712
2723	1664.000	-0.334	-0.137	0.000	-30.907	17.255
2739	1664.000	-0.383	-0.499	0.000	-30.758	-19.129
2755	1664.000	-0.374	-0.375	0.000	-30.259	-7.235
2771	1664.000	-0.317	-0.100	0.070	-30.979	-13.863
2787	1664.000	-0.342	-0.127	0.000	-30.488	17.747
2803	1664.000	-0.441	-0.522	0.000	-30.261	-21.968
2819	1664.000	-0.378	-0.463	0.000	-30.626	-15.693
2835	1664.000	-0.425	-0.289	0.000	-30.404	1.495
2851	1664.000	-0.368	-0.104	0.023	-30.336	8.538
2867	1664.000	-0.427	-0.383	0.017	-30.342	-16.405
2883	1664.000	-0.383	-0.107	0.000	-30.932	20.254
2899	1664.000	-0.376	-0.176	0.000	-30.266	12.661
2915	1664.000	-0.337	-0.255	0.000	-30.873	5.350
2931	1664.000	-0.424	-0.517	0.000	-30.528	-21.145
2947	1664.000	-0.371	-0.224	0.000	-30.268	7.818
2963	1664.000	-0.406	-0.398	0.000	-30.898	-8.925
2979	1664.000	-0.374	-0.088	0.000	-30.481	21.699
2995	1664.000	-0.385	-0.388	0.000	-30.497	-8.344
3011	1664.000	-0.403	-0.327	0.000	-31.204	-1.472
3027	1664.000	-0.404	-0.183	0.000	-30.462	12.177
3043	1664.000	-0.395	-0.474	0.000	-30.404	-16.989
3059	1664.000	-0.348	-0.103	0.000	-30.592	20.280
3075	1664.000	-0.440	-0.475	0.000	-30.334	-17.185
3091	1664.000	-0.404	-0.070	0.000	-30.866	23.882
3107	1664.000	-0.404	-0.322	0.000	-30.952	-1.239
3123	1664.000	-0.385	-0.286	0.000	-30.811	2.189
3763	1664.000	-0.442	-0.319	0.000	-30.073	-1.870
3779	1664.000	-0.383	-0.339	0.000	-30.052	-3.879
3795	1664.000	-0.385	-0.358	0.000	-30.195	-5.655
3811	1664.000	-0.405	-0.313	0.000	-30.087	-1.209
3827	1664.000	-0.327	-0.160	0.000	-30.549	14.574
3843	1664.000	-0.398	-0.319	0.000	-30.530	-1.339
3859	1664.000	-0.395	-0.334	0.000	-30.220	-3.166
3875	1664.000	-0.414	-0.458	0.000	-30.074	-15.753
3891	1664.000	-0.327	-0.078	0.000	-30.533	22.773
3907	1664.000	-0.436	-0.170	0.000	-30.206	13.202
3923	1664.000	-0.323	-0.292	0.000	-30.056	0.894
3939	1664.000	-0.411	-0.399	0.000	-30.646	-9.267
3955	1664.000	-0.365	-0.387	0.000	-30.367	-8.364
3971	1664.000	-0.422	-0.339	0.000	-30.481	-3.426
3987	1664.000	-0.379	-0.317	0.000	-30.486	-1.204
4003	1664.000	-0.371	-0.079	0.000	-30.170	22.249
4019	1664.000	-0.389	-0.474	0.000	-30.868	-16.579
4035	1664.000	-0.324	-0.488	0.000	-30.174	-18.599
4051	1664.000	-0.380	-0.142	0.000	-30.067	15.888
4067	1664.000	-0.384	-0.270	0.000	-30.200	3.199
4083	1664.000	-0.330	-0.103	0.067	-30.132	-13.859
4099	1664.000	-0.441	-0.550	0.000	-30.468	-24.569
4115	1664.000	-0.443	-0.348	0.000	-29.973	-4.838
4131	1664.000	-0.332	-0.478	0.000	-30.139	-17.678
4147	1664.000	-0.411	-0.401	0.000	-30.728	-9.334
4163	1664.000	-0.408	-0.179	0.000	-30.190	12.321
4179	1664.000	-0.364	-0.189	0.000	-30.116	11.187
4195	1664.000	-0.393	-0.273	0.000	-30.063	2.732
4211	1664.000	-0.369	-0.506	0.000	-29.874	-20.690
4227	1664.000	-0.426	-0.490	0.000	-30.253	-18.778
4243	1664.000	-0.368	-0.070	0.000	-29.864	22.894
4259	1664.000	-0.396	-0.114	0.000	-29.899	18.535
4275	1664.000	-0.387	-0.421	0.000	-30.459	-11.662
4291	1664.000	-0.368	-0.079	0.000	-29.864	21.950
4307	1664.000	-0.367	-0.497	0.000	-30.019	-19.642
4323	1664.000	-0.350	-0.150	0.000	-30.288	15.283
4339	1664.000	-0.367	-0.471	0.000	-30.062	-17.074
4355	1664.000	-0.357	-0.503	0.000	-29.864	-20.419
4371	1664.000	-0.339	-0.353	0.000	-30.164	-5.115
5011	1664.000	-0.317	-0.307	0.000	-21.559	-9.179
5027	1664.000	-0.304	-0.153	0.000	-21.560	6.263
5043	1664.000	-0.274	-0.452	0.000	-21.824	-23.407
5059	1664.000	-0.219	-0.119	0.000	-21.733	9.838
5075	1664.000	-0.260	0.034	0.000	-21.556	24.996
5091	1664.000	-0.217	-0.163	0.000	-21.647	5.367
5107	1664.000	-0.194	-0.179	0.000	-21.734	3.836
5123	1664.000	-0.251	-0.143	0.000	-21.645	7.367
5139	1664.000	-0.279	-0.060	0.000	-22.099	16.089
5155	1664.000	-0.315	-0.365	0.000	-21.772	-14.709
5171	1664.000	-0.294	-0.117	0.000	-21.770	10.060
5187	1664.000	-0.319	-0.348	0.000	-22.288	-12.474
5203	1664.000	-0.287	-0.164	0.000	-21.671	5.227
5219	1664.000	-0.248	-0.157	0.000	-21.728	6.064
5235	1664.000	-0.264	-0.369	0.000	-22.428	-14.462
5251	1664.000	-0.249	-0.038	0.000	-21.758	17.946
5267	1664.000	-0.309	-0.182	0.000	-22.034	3.796
5283	1664.000	-0.278	-0.332	0.000	-21.585	-11.566
5299	1664.000	-0.232	-0.200	0.000	-21.862	1.880
5315	1664.000	-0.252	-0.133	0.000	-21.884	8.629
5331	1664.000	-0.295	-0.429	0.000	-22.050	-20.847
5347	1664.000	-0.184	-0.028	0.000	-21.741	18.964
5363	1664.000	-0.290	-0.434	0.000	-21.637	-21.771
5379	1664.000	-0.287	-0.104	0.000	-22.482	12.104
5395	1664.000	-0.303	-0.411	0.000	-21.870	-19.245
5411	1664.000	-0.255	-0.164	0.000	-21.558	5.164
5427	1664.000	-0.270	-0.292	0.000	-22.347	-6.892
5443	1664.000	-0.287	-0.400	0.000	-21.557	-18.411
5459	1664.000	-0.329	-0.054	0.000	-21.552	16.116
5475	1664.000	-0.317	-0.369	0.000	-21.895	-15.050
5491	1664.000	-0.309	-0.423	0.000	-21.555	-20.710
5507	1664.000	-0.313	-0.153	0.000	-21.552	6.225
5523	1664.000	-0.257	-0.032	0.000	-21.763	18.599
5539	1664.000	-0.303	-0.112	0.000	-21.629	10.450
5555	1664.000	-0.214	-0.032	0.000	-21.784	18.590
5571	1664.000	-0.296	-0.373	0.000	-21.739	-15.588
5587	1664.000	-0.210	-0.001	0.032	-21.556	5.741
5603	1664.000	-0.288	-0.208	0.000	-21.703	0.912
5619	1664.000	-0.222	-0.212	0.000	-21.850	0.673
6259	1664.000	-0.958	-0.617	0.000	-76.156	14.413
6275	1664.000	-0.899	-0.660	0.000	-76.791	10.795
6291	1664.000	-0.922	-0.823	0.033	-76.156	-22.462
6307	1664.000	-0.941	-0.926	0.000	-76.169	-16.457
6323	1664.000	-0.907	-0.528	0.000	-76.155	23.343
6339	1664.000	-0.910	-0.557	0.077	-76.156	-18.030
6355	1664.000	-0.505	4.341	1.000	-76.778	10.878
6371	1664.000	-0.998	-0.938	0.000	-77.775	-15.976
6387	1664.000	-0.969	-0.897	0.000	-76.155	-13.590
6403	1664.000	-0.961	-0.954	0.000	-76.155	-19.293
6419	1664.000	-0.925	-0.600	0.000	-78.416	18.460
6435	1664.000	-0.726	-0.637	0.000	-78.354	14.639
6451	1664.000	-0.905	-0.672	0.000	-76.171	8.966
6467	1664.000	-0.973	-0.765	0.000	-79.184	2.692
6483	1664.000	-0.938	-0.697	0.000	-77.120	7.405
6499	1664.000	-0.961	-0.751	0.000	-76.778	1.663
6515	1664.000	-0.892	-0.682	0.000	-76.155	7.988
6531	1664.000	-0.926	-0.712	0.000	-76.525	5.288
6547	1664.000	-0.998	-0.961	0.000	-78.132	-18.009
6563	1664.000	-0.923	-0.564	0.000	-76.451	20.002
6579	1664.000	-0.997	-0.641	0.000	-76.191	12.134
6595	1664.000	-0.941	-0.754	0.000	-76.813	1.444
6611	1664.000	-0.939	-0.658	0.000	-76.157	10.373
6627	1664.000	-0.996	-0.770	0.000	-76.210	-0.797
6643	1664.000	-0.889	-0.549	0.000	-76.192	21.323
6659	1664.000	-0.966	-0.785	0.000	-77.875	-0.579
6675	1664.000	-0.921	-0.800	0.000	-76.821	-3.224
6691	1664.000	-0.926	-0.704	0.000	-76.155	5.759
6707	1664.000	-0.917	-0.858	0.000	-77.160	-8.641
6723	1664.000	-0.714	-0.949	0.000	-76.155	-18.709
6739	1664.000	-0.861	-0.760	0.000	-76.175	0.196
6755	1664.000	-0.981	-0.841	0.000	-78.085	-5.993
6771	1664.000	-0.914	-0.657	0.000	-76.155	10.409
6787	1664.000	-0.717	-0.514	0.000	-76.155	24.743
6803	1664.000	-0.952	-0.959	0.000	-78.189	-17.724
6819	1664.000	-0.904	-0.655	0.000	-77.644	12.111
6835	1664.000	-0.896	-0.585	0.000	-76.156	17.613
6851	1664.000	0.685	4.109	0.000	-76.971	-12.168
6867	1664.000	-0.748	-0.445	0.021	-79.720	24.826
7523	1664.000	0.760	4.511	0.000	-72.959	24.023
7539	1664.000	-0.908	-0.686	0.000	-72.848	4.238
7555	1664.000	-0.842	-0.606	0.000	-72.171	11.566
7571	1664.000	-0.881	-0.790	0.000	-72.192	-6.819
7587	1664.000	-0.915	-0.925	0.000	-73.894	-18.630
7603	1664.000	-0.922	-0.719	0.000	-72.182	0.293
7619	1664.000	-0.800	-0.843	0.000	-73.504	-10.823
7635	1664.000	-0.898	-0.531	0.000	-72.459	19.324
7651	1664.000	-0.891	-0.497	0.000	-72.714	23.037
7667	1664.000	-0.902	-0.837	0.000	-72.507	-11.171
7683	1664.000	-0.926	-0.823	0.000	-72.164	-10.091
7699	1664.000	-0.906	-0.825	0.000	-72.213	-10.297
7715	1664.000	-0.932	-0.907	0.000	-75.995	-14.713
7731	1664.000	-0.891	-0.910	0.000	-72.180	-18.773
7747	1664.000	-0.842	-0.606	0.000	-72.171	11.559
7763	1664.000	-0.961	-0.899	0.000	-73.771	-16.155
7779	1664.000	-0.976	-0.679	0.000	-73.887	5.939
7795	1664.000	-0.872	-0.501	0.000	-72.494	22.412
7811	1664.000	-0.931	-0.905	0.000	-72.792	-17.713
7827	1664.000	-0.792	-0.898	0.000	-73.425	-16.417
7843	1664.000	-0.959	-0.770	0.000	-72.908	-4.128
7859	1664.000	-0.916	-0.498	0.000	-73.857	24.040
7875	1664.000	0.775	4.397	0.000	-72.715	12.409
7891	1664.000	-0.931	-0.619	0.000	-72.164	10.234
7907	1664.000	-0.899	-0.797	0.000	-72.164	-7.538
7923	1664.000	-0.992	-0.728	0.000	-72.797	0.008
7939	1664.000	-0.883	-0.725	0.000	-72.164	-0.296
7955	1664.000	-0.886	-0.654	0.000	-72.164	6.783
7971	1664.000	-0.901	-0.727	0.000	-72.164	-0.530
7987	1664.000	-0.899	-0.946	0.000	-72.800	-21.756
8003	1664.000	-0.868	-0.672	0.000	-72.208	4.963
8019	1664.000	-0.903	-0.942	0.000	-72.721	-21.464
8035	1664.000	-0.889	-0.832	0.000	-72.164	-11.024
8051	1664.000	-0.823	-0.861	0.000	-72.176	-13.911
8067	1664.000	-0.869	-0.554	0.000	-75.111	19.703
8083	1664.000	-0.596	-0.511	0.000	-72.164	21.046
8099	1664.000	-0.964	-0.926	0.000	-73.836	-18.808
8115	1664.000	-0.975	-0.941	0.000	-73.671	-20.440
8131	1664.000	-0.893	-0.723	0.000	-72.164	-0.103
8771	1664.000	-0.333	-0.004	0.000	-25.066	24.699
8787	1664.000	-0.334	-0.268	0.000	-25.072	-1.686
8803	1664.000	-0.303	-0.283	0.000	-25.070	-3.220
8819	1664.000	-0.317	-0.191	0.000	-25.002	5.886
8835	1664.000	-0.343	-0.375	0.000	-25.286	-12.250
8851	1664.000	-0.339	-0.393	0.000	-25.062	-14.279
8867	1664.000	-0.371	-0.223	0.000	-25.416	3.129
8883	1664.000	-0.331	-0.161	0.000	-25.449	9.336
8899	1664.000	-0.296	-0.261	0.000	-25.285	-0.826
8915	1664.000	-0.319	-0.357	0.000	-25.358	-10.297
8931	1664.000	-0.317	-0.058	0.000	-25.460	19.621
8947	1664.000	-0.304	-0.066	0.000	-25.981	19.354
8963	1664.000	-0.296	-0.035	0.000	-25.147	21.646
8979	1664.000	-0.294	-0.045	0.000	-25.219	20.735
8995	1664.000	-0.317	-0.182	0.000	-25.474	7.242
9011	1664.000	-0.321	-0.399	0.000	-25.009	-14.927
9027	1664.000	-0.320	-0.037	0.000	-25.286	21.624
9043	1664.000	-0.379	-0.275	0.000	-25.584	-1.944
9059	1664.000	-0.315	-0.317	0.000	-25.207	-6.448
9075	1664.000	-0.292	-0.302	0.000	-25.493	-4.692
9091	1664.000	-0.278	-0.251	0.000	-25.397	0.297
9107	1664.000	-0.289	-0.086	0.000	-25.076	16.513
9123	1664.000	-0.332	-0.055	0.000	-25.967	20.485
9139	1664.000	-0.265	-0.100	0.000	-25.037	14.993
9155	1664.000	-0.335	-0.123	0.000	-25.002	12.751
9171	1664.000	-0.386	-0.469	0.000	-25.803	-21.133
9187	1664.000	-0.326	-0.495	0.000	-25.001	-24.535
9203	1664.000	-0.266	-0.066	0.000	-25.094	18.533
9219	1664.000	-0.269	-0.062	0.000	-25.392	19.151
9235	1664.000	-0.355	-0.426	0.000	-25.151	-17.428
9251	1664.000	-0.334	-0.399	0.000	-25.311	-14.551
9267	1664.000	-0.288	-0.256	0.000	-25.510	-0.114
9283	1664.000	-0.341	-0.455	0.000	-25.100	-20.374
9299	1664.000	-0.297	-0.458	0.000	-25.032	-20.785
9315	1664.000	-0.280	-0.038	0.000	-25.357	21.585
9331	1664.000	-0.334	-0.468	0.000	-25.176	-21.669
9347	1664.000	-0.313	-0.380	0.000	-25.229	-12.751
9363	1664.000	-0.344	-0.425	0.000	-25.128	-17.325
9379	1664.000	-0.278	-0.062	0.000	-25.070	18.829
10019	1664.000	-0.329	-0.473	0.000	-29.986	-17.285
10035	1664.000	-0.331	-0.397	0.000	-30.022	-9.708
10051	1664.000	-0.335	-0.439	0.000	-30.028	-13.827
10067	1664.000	-0.300	-0.091	0.000	-30.280	21.130
10083	1664.000	-0.431	-0.346	0.000	-30.089	-4.548
10099	1664.000	-0.357	-0.088	0.000	-30.306	21.553
10115	1664.000	-0.364	-0.311	0.000	-30.336	-0.743
10131	1664.000	-0.356	-0.214	0.000	-30.143	8.745
10147	1664.000	-0.415	-0.239	0.000	-30.771	6.833
10163	1664.000	-0.390	-0.455	0.000	-30.174	-15.277
10179	1664.000	-0.324	-0.165	0.000	-30.150	13.693
10195	1664.000	-0.333	-0.120	0.000	-30.539	18.558
10211	1664.000	-0.385	-0.461	0.000	-29.953	-16.107
10227	1664.000	-0.428	-0.475	0.000	-30.596	-16.892
10243	1664.000	-0.427	-0.155	0.000	-30.017	14.522
10259	1664.000	-0.351	-0.450	0.000	-29.951	-15.019
10275	1664.000	-0.402	-0.304	0.000	-30.605	0.234
10291	1664.000	-0.426	-0.473	0.000	-30.131	-17.147
10307	1664.000	-0.424	-0.436	0.000	-30.602	-12.971
10323	1664.000	-0.348	-0.282	0.000	-30.174	1.926
10339	1664.000	-0.420	-0.496	0.000	-30.053	-19.597
10355	1664.000	-0.418	-0.427	0.000	-30.492	-12.217
10371	1664.000	-0.390	-0.488	0.000	-30.320	-18.501
10387	1664.000	-0.344	-0.075	0.000	-30.280	22.793
10403	1664.000	-0.399	-0.475	0.000	-30.554	-16.936
10419	1664.000	-0.359	-0.190	0.000	-30.440	11.489
10435	1664.000	-0.358	-0.386	0.000	-30.377	-8.174
10451	1664.000	-0.344	-0.240	0.000	-30.296	6.317
10467	1664.000	-0.375	-0.100	0.000	-30.282	20.295
10483	1664.000	-0.400	-0.541	0.000	-30.384	-23.708
10499	1664.000	-0.396	-0.482	0.000	-29.956	-18.228
10515	1664.000	-0.391	-0.111	0.000	-30.020	18.919
10531	1664.000	-0.354	-0.324	0.000	-30.251	-2.174
10547	1664.000	-0.390	-0.135	0.000	-30.662	17.212
10563	1664.000	-0.400	-0.156	0.000	-30.355	14.726
10579	1664.000	-0.398	-0.435	0.000	-30.360	-13.151
10595	1664.000	-0.336	-0.087	0.000	-30.283	21.554
10611	1664.000	-0.314	-0.077	0.000	-30.150	22.406
10627	1664.000	-0.423	-0.467	0.000	-30.149	-16.576
11267	1664.000	-0.335	-0.284	0.000	-29.649	1.226
11283	1664.000	-0.342	-0.091	0.000	-29.273	20.199
11299	1664.000	-0.327	-0.055	0.000	-29.607	24.094
11315	1664.000	-0.400	-0.274	0.000	-29.306	1.907
11331	1664.000	-0.390	-0.537	0.000	-29.339	-24.348
11347	1664.000	-0.329	-0.065	0.000	-30.374	23.847
11363	1664.000	-0.394	-0.477	0.000	-29.273	-18.394
11379	1664.000	-0.411	-0.534	0.000	-29.409	-24.026
11395	1664.000	-0.406	-0.157	0.000	-29.641	13.957
11411	1664.000	-0.386	-0.347	0.000	-29.358	-5.359
11427	1664.000	-0.357	-0.476	0.000	-29.674	-17.940
11443	1664.000	-0.376	-0.236	0.000	-29.458	5.815
11459	1664.000	-0.306	-0.184	0.000	-29.516	11.116
11475	1664.000	-0.380	-0.325	0.000	-29.273	-3.266
11491	1664.000	-0.424	-0.343	0.000	-29.420	-4.912
11507	1664.000	-0.374	-0.371	0.000	-29.879	-7.210
11523	1664.000	-0.411	-0.190	0.000	-29.876	10.840
11539	1664.000	-0.414	-0.432	0.000	-29.470	-13.758
11555	1664.000	-0.336	-0.155	0.000	-29.349	13.891
11571	1664.000	-0.386	-0.242	0.000	-30.140	5.919
11587	1664.000	-0.338	-0.408	0.000	-29.277	-11.560
11603	1664.000	-0.382	-0.470	0.000	-29.499	-17.545
11619	1664.000	-0.300	-0.069	0.000	-29.425	22.527
11635	1664.000	-0.391	-0.489	0.000	-29.455	-19.418
11651	1664.000	-0.423	-0.411	0.000	-30.386	-10.715
11667	1664.000	-0.368	-0.096	0.000	-29.361	19.758
11683	1664.000	-0.321	-0.314	0.000	-29.521	-1.918
11699	1664.000	-0.429	-0.525	0.000	-29.919	-22.606
11715	1664.000	-0.358	-0.295	0.000	-29.364	-0.106
11731	1664.000	-0.354	-0.121	0.000	-29.560	17.494
11747	1664.000	-0.378	-0.491	0.000	-29.352	-19.747
11763	1664.000	-0.385	-0.503	0.000	-29.400	-20.883
11779	1664.000	-0.329	-0.258	0.000	-29.273	3.471
11795	1664.000	-0.402	-0.342	0.000	-29.603	-4.567
11811	1664.000	-0.367	-0.377	0.000	-29.357	-8.310
11827	1664.000	-0.438	-0.258	0.000	-29.640	3.794
11843	1664.000	-0.339	-0.383	0.000	-29.686	-8.652
11859	1664.000	-0.352	-0.295	0.000	-29.282	-0.195
11875	1664.000	-0.375	-0.139	0.000	-29.610	15.660
12515	1664.000	-0.307	-0.232	0.000	-23.568	0.319
12531	1664.000	-0.323	-0.380	0.000	-23.720	-14.257
12547	1664.000	-0.300	-0.215	0.000	-23.834	2.312
12563	1664.000	-0.258	-0.463	0.000	-23.856	-22.464
12579	1664.000	-0.333	-0.403	0.000	-23.870	-16.479
12595	1664.000	-0.280	-0.074	0.000	-24.272	16.907
12611	1664.000	-0.332	-0.295	0.000	-23.940	-5.564
12627	1664.000	-0.310	-0.041	0.000	-23.918	19.845
12643	1664.000	-0.296	-0.111	0.000	-23.798	12.681
12659	1664.000	-0.294	-0.167	0.000	-23.498	6.754
12675	1664.000	-0.314	-0.421	0.000	-23.667	-18.442
12691	1664.000	-0.327	-0.128	0.000	-23.500	10.696
12707	1664.000	-0.298	-0.241	0.000	-23.508	-0.617
12723	1664.000	-0.333	0.011	0.000	-23.737	24.872
12739	1664.000	-0.295	-0.174	0.000	-23.690	6.324
12755	1664.000	-0.351	-0.461	0.000	-23.498	-22.626
12771	1664.000	-0.261	0.006	0.000	-23.500	24.100
12787	1664.000	-0.304	-0.256	0.000	-24.294	-1.349
12803	1664.000	-0.225	-0.029	0.000	-23.499	20.602
12819	1664.000	-0.304	-0.313	0.000	-23.498	-7.802
12835	1664.000	-0.334	-0.440	0.000	-24.083	-19.941
12851	1664.000	-0.288	0.003	0.000	-23.512	23.771
12867	1664.000	-0.350	-0.297	0.000	-23.535	-6.129
12883	1664.000	-0.287	-0.159	0.000	-23.743	7.842
12899	1664.000	-0.271	-0.169	0.000	-23.715	6.790
12915	1664.000	-0.284	-0.018	0.000	-24.007	22.165
12931	1664.000	-0.261	-0.217	0.000	-23.677	1.935
12947	1664.000	-0.267	-0.210	0.000	-23.885	2.881
12963	1664.000	-0.299	-0.287	0.000	-23.933	-4.804
12979	1664.000	-0.286	-0.050	0.000	-24.088	19.102
12995	1664.000	-0.304	-0.437	0.000	-23.709	-19.986
13011	1664.000	-0.284	-0.039	0.000	-23.507	19.569
13027	1664.000	-0.291	-0.323	0.000	-24.130	-8.143
13043	1664.000	-0.238	-0.111	0.000	-24.023	12.910
13059	1664.000	-0.312	-0.299	0.000	-23.506	-6.373
13075	1664.000	-0.314	-0.297	0.000	-23.765	-5.890
13091	1664.000	-0.341	-0.341	0.000	-23.856	-10.201
13107	1664.000	-0.297	-0.117	0.000	-23.646	11.929
13123	1664.000	-0.282	-0.166	0.000	-23.921	7.304
13779	1664.000	0.753	4.339	0.000	-74.152	8.075
13795	1664.000	-0.913	-0.894	0.000	-75.495	-13.861
13811	1664.000	-0.935	-0.786	0.000	-74.162	-4.482
13827	1664.000	-0.943	-0.667	0.000	-75.871	9.140
13843	1664.000	-0.967	-0.990	0.000	-75.584	-23.453
13859	1664.000	-0.948	-0.986	0.000	-74.136	-24.479
13875	1664.000	-0.891	-0.731	0.000	-74.785	1.676
13891	1664.000	-0.907	-0.581	0.000	-74.663	16.537
13907	1664.000	-0.908	-0.517	0.000	-75.073	23.343
13923	1664.000	-0.903	-0.771	0.000	-74.120	-2.962
13939	1664.000	-0.981	-0.859	0.000	-74.587	-11.291
13955	1664.000	-0.999	-0.633	0.000	-78.470	15.193
13971	1664.000	-0.904	-0.759	0.000	-74.453	-1.436
13987	1664.000	-0.976	-0.720	0.000	-77.303	5.338
14003	1664.000	-0.906	-0.729	0.000	-76.910	4.010
14019	1664.000	-0.747	-0.750	0.000	-76.570	1.527
14035	1664.000	-0.948	-0.790	0.000	-74.558	-4.433
14051	1664.000	-0.925	-0.982	0.000	-74.410	-23.777
14067	1664.000	-1.005	-0.994	0.000	-74.483	-24.888
14083	1664.000	-0.920	-0.873	0.000	-74.380	-12.877
14099	1664.000	-0.926	-0.506	0.000	-74.152	23.557
14115	1664.000	0.782	4.003	0.000	-74.740	-24.936
14131	1664.000	-0.928	-0.831	0.000	-74.149	-8.987
14147	1664.000	-0.993	-0.923	0.000	-74.790	-17.469
14163	1664.000	-0.946	-0.960	0.000	-74.133	-21.863
14179	1664.000	-0.980	-0.857	0.000	-74.120	-11.581
14195	1664.000	-0.935	-0.878	0.000	-74.148	-13.670
14211	1664.000	-0.999	-0.882	0.000	-75.526	-12.625
14227	1664.000	-0.902	-0.763	0.000	-74.120	-2.186
14243	1664.000	-0.877	-0.679	0.000	-74.459	6.546
14259	1664.000	-0.974	-0.933	0.000	-74.937	-18.377
14275	1664.000	-0.919	-0.518	0.000	-75.440	23.612
14291	1664.000	-0.910	-0.764	0.000	-74.169	-2.254
14307	1664.000	-0.922	-0.666	0.000	-74.127	7.487
14323	1664.000	0.779	4.167	0.000	-75.791	-7.516
14339	1664.000	-0.916	-0.923	0.000	-74.120	-18.177
14355	1664.000	-0.930	-0.536	0.000	-74.168	20.547
14371	1664.000	-0.972	-0.994	0.000	-76.020	-23.429
14387	1664.000	-0.951	-0.777	0.000	-74.127	-3.609
3	1665.000	-0.953	-1.191	0.000	-129.137	10.008
19	1665.000	-0.957	-1.048	0.000	-122.466	17.702
35	1665.000	-0.897	-1.127	0.000	-122.323	9.672
51	1665.000	-0.944	-1.167	0.000	-131.965	15.289
67	1665.000	-0.987	-1.413	0.000	-126.174	-15.099
83	1665.000	-0.949	-1.265	0.000	-127.459	0.915
99	1665.000	-0.895	-1.167	0.000	-125.074	8.356
115	1665.000	-0.934	-1.194	0.000	-129.604	10.244
131	1665.000	-0.972	-1.032	0.000	-122.192	19.001
147	1665.000	-0.967	-1.479	0.000	-136.596	-11.257
163	1665.000	-0.980	-1.138	0.000	-121.078	7.311
179	1665.000	-0.908	-1.442	0.000	-121.011	-23.211
195	1665.000	-1.058	-1.490	0.000	-134.755	-14.236
211	1665.000	-0.706	-1.480	0.000	-126.217	-21.771
227	1665.000	-0.968	-1.323	0.000	-121.011	-11.297
243	1665.000	-0.980	-1.308	0.000	-132.293	1.492
259	1665.000	-0.969	-1.298	0.000	-132.211	2.404
275	1665.000	-0.926	-1.432	0.000	-121.022	-22.210
291	1665.000	-1.012	-1.393	0.000	-129.586	-9.668
307	1665.000	-0.971	-1.119	0.000	-131.965	20.055
323	1665.000	-0.976	-1.408	0.000	-131.965	-8.813
339	1665.000	-0.978	-1.354	0.000	-121.011	-14.368
355	1665.000	-0.987	-1.445	0.000	-126.489	-18.030
371	1665.000	-0.964	-1.310	0.000	-125.807	-5.151
387	1665.000	-0.965	-1.253	0.000	-133.358	8.090
403	1665.000	-0.912	-1.137	0.000	-135.385	21.710
419	1665.000	-0.888	-1.067	0.000	-122.317	15.588
435	1665.000	-0.898	-1.154	0.000	-129.879	14.505
451	1665.000	-0.978	-1.303	0.000	-121.952	-8.373
467	1665.000	-0.970	-1.231	0.041	-135.101	-8.546
483	1665.000	-0.915	-1.249	0.000	-125.074	0.184
499	1665.000	-0.969	-1.340	0.000	-125.088	-8.878
515	1665.000	-0.989	-1.552	0.000	-135.494	-19.694
531	1665.000	-0.702	-1.040	0.000	-121.011	17.010
547	1665.000	-0.848	-1.118	0.057	-131.978	-8.031
563	1665.000	1.325	3.854	0.070	-135.281	-14.313
579	1665.000	-0.918	-1.087	0.000	-121.024	12.299
595	1665.000	-0.941	-1.094	0.000	-121.268	11.903
611	1665.000	-0.883	-1.061	0.000	-124.631	18.505
1267	1665.000	-0.289	-0.142	0.021	-22.232	-2.423
1283	1665.000	-0.275	-0.060	0.000	-21.880	15.833
1299	1665.000	-0.221	-0.006	0.000	-22.023	21.378
1315	1665.000	-0.224	-0.004	0.023	-21.813	9.869
1331	1665.000	-0.170	0.268	0.062	-21.759	17.311
1347	1665.000	-0.154	-0.044	0.082	-21.971	-23.226
1363	1665.000	-0.189	0.313	0.074	-22.374	16.618
1379	1665.000	-0.240	-0.080	0.000	-21.738	13.763
1395	1665.000	-0.265	-0.011	0.000	-21.821	20.707
1411	1665.000	-0.210	-0.051	0.067	-21.936	-16.939
1427	1665.000	-0.168	0.123	0.075	-21.795	-3.640
1443	1665.000	-0.185	0.159	0.123	-21.732	-24.026
1459	1665.000	-0.213	0.423	0.095	-21.864	16.560
1475	1665.000	-0.242	0.113	0.045	-21.804	10.700
1491	1665.000	-0.257	0.043	0.012	-21.859	19.996
1507	1665.000	-0.252	-0.129	0.029	-21.746	-5.528
1523	1665.000	-0.123	0.334	0.089	-21.866	10.875
1539	1665.000	-0.119	0.329	0.150	-21.709	-20.457
1555	1665.000	-0.251	-0.211	0.045	-21.678	-21.831
1571	1665.000	-0.128	0.621	0.145	-21.840	11.181
1587	1665.000	-0.259	-0.070	0.019	-22.722	6.094
1603	1665.000	-0.268	-0.251	0.000	-22.012	-3.127
1619	1665.000	-0.285	-0.207	0.021	-21.818	-9.285
1635	1665.000	-0.108	0.580	0.171	-22.115	-5.510
1651	1665.000	-0.218	0.038	0.047	-22.001	2.159
1667	1665.000	-0.327	-0.186	0.000	-21.934	3.340
1683	1665.000	-0.248	-0.095	0.041	-21.976	-8.178
1699	1665.000	-0.217	-0.171	0.034	-21.883	-12.220
1715	1665.000	-0.347	-0.383	0.000	-22.399	-15.873
1731	1665.000	-0.248	-0.153	0.063	-21.706	-24.975
1747	1665.000	-0.252	-0.026	0.000	-21.706	19.105
1763	1665.000	-0.192	0.087	0.058	-21.903	1.799
1779	1665.000	-0.315	-0.378	0.000	-21.679	-16.132
1795	1665.000	-0.105	0.335	0.087	-21.739	11.678
1811	1665.000	-0.171	-0.036	0.079	-21.818	-21.145
1827	1665.000	-0.172	0.416	0.124	-21.790	1.220
1843	1665.000	-0.247	-0.190	0.027	-22.328	-10.015
1859	1665.000	-0.207	0.188	0.056	-22.166	12.810
1875	1665.000	-0.227	0.008	0.036	-22.353	5.166
2515	1665.000	-0.347	-0.397	0.000	-29.517	-10.206
2531	1665.000	-0.353	-0.195	0.000	-29.207	9.697
2547	1665.000	-0.343	-0.369	0.000	-29.628	-7.289
2563	1665.000	-0.382	-0.376	0.000	-29.156	-8.441
2579	1665.000	-0.330	0.011	0.070	-29.551	-4.529
2595	1665.000	-0.396	-0.515	0.000	-29.336	-22.194
2611	1665.000	-0.388	-0.412	0.000	-29.026	-12.161
2627	1665.000	-0.393	-0.484	0.007	-29.367	-22.335
2643	1665.000	-0.336	-0.333	0.005	-29.599	-6.022
2659	1665.000	-0.326	0.158	0.054	-29.158	17.752
2675	1665.000	-0.346	-0.128	0.029	-29.155	2.013
2691	1665.000	-0.287	-0.223	0.048	-29.524	-16.629
2707	1665.000	-0.255	0.022	0.103	-29.468	-19.771
2723	1665.000	-0.283	-0.122	0.034	-29.611	0.203
2739	1665.000	-0.382	-0.387	0.000	-29.475	-9.184
2755	1665.000	-0.327	-0.012	0.043	-29.024	6.308
2771	1665.000	-0.243	0.086	0.116	-29.675	-19.871
2787	1665.000	-0.313	-0.249	0.010	-29.231	-0.444
2803	1665.000	-0.411	-0.374	0.000	-29.026	-8.355
2819	1665.000	-0.345	-0.068	0.000	-29.356	22.538
2835	1665.000	-0.352	0.021	0.081	-29.156	-9.017
2851	1665.000	-0.310	0.009	0.041	-29.094	9.351
2867	1665.000	-0.380	-0.076	0.017	-29.100	12.993
2883	1665.000	-0.325	-0.013	0.016	-29.633	20.601
2899	1665.000	-0.285	0.164	0.049	-29.030	20.855
2915	1665.000	-0.300	-0.048	0.000	-29.580	24.799
2931	1665.000	-0.383	-0.183	0.000	-29.267	10.933
2947	1665.000	-0.389	-0.523	0.000	-29.032	-23.254
2963	1665.000	-0.394	-0.530	0.000	-29.602	-23.436
2979	1665.000	-0.275	0.247	0.078	-29.225	14.893
2995	1665.000	-0.323	-0.125	0.050	-29.239	-8.283
3011	1665.000	-0.350	0.101	0.033	-29.879	23.616
3027	1665.000	-0.291	0.198	0.080	-29.208	9.128
3043	1665.000	-0.353	-0.174	0.069	-29.155	-22.566
3059	1665.000	-0.342	-0.133	0.000	-29.325	16.006
3075	1665.000	-0.424	-0.452	0.000	-29.092	-16.146
3091	1665.000	-0.286	0.162	0.107	-29.574	-7.841
3107	1665.000	-0.389	-0.128	0.000	-29.651	16.869
3123	1665.000	-0.355	-0.147	0.047	-29.523	-8.459
3763	1665.000	-0.433	-0.364	0.000	-28.835	-7.543
3779	1665.000	-0.271	0.276	0.064	-28.816	24.685
3795	1665.000	-0.324	-0.141	0.033	-28.945	-1.932
3811	1665.000	-0.426	-0.531	0.000	-28.847	-24.289
3827	1665.000	-0.304	-0.151	0.000	-29.265	14.128
3843	1665.000	-0.335	-0.104	0.044	-29.248	-3.127
3859	1665.000	-0.336	-0.171	0.043	-28.967	-9.712
3875	1665.000	-0.397	-0.484	0.000	-28.835	-19.564
3891	1665.000	-0.209	0.423	0.102	-29.250	20.799
3907	1665.000	-0.396	-0.074	0.000	-28.954	21.509
3923	1665.000	-0.273	-0.201	0.043	-28.819	-12.572
3939	1665.000	-0.339	0.000	0.039	-29.352	9.664
3955	1665.000	-0.324	-0.070	0.000	-29.100	22.090
3971	1665.000	-0.391	-0.356	0.000	-29.203	-6.352
3987	1665.000	-0.344	-0.168	0.000	-29.208	12.414
4003	1665.000	-0.325	-0.130	0.000	-28.922	15.893
4019	1665.000	-0.293	0.332	0.090	-29.554	17.494
4035	1665.000	-0.315	-0.463	0.000	-28.925	-17.403
4051	1665.000	-0.357	-0.419	0.000	-28.829	-13.109
4067	1665.000	-0.389	-0.425	0.014	-28.949	-20.694
4083	1665.000	-0.242	0.104	0.067	-28.888	5.549
4099	1665.000	-0.386	-0.123	0.005	-29.192	14.600
4115	1665.000	-0.353	0.002	0.056	-28.744	0.783
4131	1665.000	-0.289	-0.116	0.055	-28.894	-10.019
4147	1665.000	-0.348	-0.053	0.000	-29.427	24.091
4163	1665.000	-0.305	0.019	0.073	-28.940	-5.774
4179	1665.000	-0.372	-0.393	0.000	-28.873	-10.430
4195	1665.000	-0.349	-0.127	0.000	-28.825	16.117
4211	1665.000	-0.368	-0.432	0.000	-28.654	-14.574
4227	1665.000	-0.407	-0.366	0.031	-28.997	-23.325
4243	1665.000	-0.354	-0.216	0.042	-28.645	-14.145
4259	1665.000	-0.310	0.019	0.057	-28.677	2.140
4275	1665.000	-0.292	0.224	0.111	-29.184	-3.825
4291	1665.000	-0.313	-0.075	0.000	-28.645	21.188
4307	1665.000	-0.254	0.425	0.120	-28.785	11.205
4323	1665.000	-0.336	-0.329	0.000	-29.029	-3.886
4339	1665.000	-0.352	-0.122	0.000	-28.825	16.640
4355	1665.000	-0.348	-0.101	0.000	-28.645	18.516
4371	1665.000	-0.157	0.722	0.178	-28.917	12.346
5011	1665.000	-0.296	-0.192	0.039	-20.679	-17.819
5027	1665.000	-0.298	-0.135	0.000	-20.680	7.173
5043	1665.000	-0.265	-0.336	0.000	-20.919	-12.717
5059	1665.000	-0.184	-0.070	0.059	-20.836	-15.413
5075	1665.000	-0.227	-0.115	0.000	-20.676	9.131
5091	1665.000	0.037	1.191	0.283	-20.759	-1.469
5107	1665.000	-0.200	-0.443	0.000	-20.837	-23.486
5123	1665.000	-0.267	-0.365	0.000	-20.757	-15.749
5139	1665.000	-0.234	0.067	0.026	-21.168	14.971
5155	1665.000	-0.208	0.179	0.071	-20.872	3.312
5171	1665.000	-0.304	-0.367	0.000	-20.870	-15.878
5187	1665.000	-0.323	-0.420	0.000	-21.338	-20.624
5203	1665.000	-0.225	-0.053	0.079	-20.780	-23.853
5219	1665.000	-0.180	0.168	0.096	-20.832	-10.330
5235	1665.000	-0.257	-0.064	0.000	-21.465	15.030
5251	1665.000	-0.235	-0.279	0.000	-20.859	-7.044
5267	1665.000	-0.299	-0.158	0.000	-21.109	5.301
5283	1665.000	-0.215	0.058	0.080	-20.702	-13.553
5299	1665.000	-0.214	-0.023	0.022	-20.953	7.862
5315	1665.000	-0.253	-0.131	0.000	-20.972	7.890
5331	1665.000	-0.273	-0.066	0.000	-21.123	14.505
5347	1665.000	-0.221	-0.430	0.001	-20.843	-22.513
5363	1665.000	-0.243	-0.207	0.028	-20.750	-14.087
5379	1665.000	-0.264	-0.215	0.000	-21.514	-0.035
5395	1665.000	-0.274	0.138	0.060	-20.960	4.578
5411	1665.000	-0.234	0.025	0.000	-20.678	23.200
5427	1665.000	-0.204	0.186	0.064	-21.392	7.923
5443	1665.000	-0.265	-0.335	0.000	-20.677	-12.786
5459	1665.000	-0.334	-0.449	0.000	-20.673	-24.201
5475	1665.000	-0.280	-0.076	0.000	-20.983	13.369
5491	1665.000	-0.212	0.328	0.074	-20.675	16.265
5507	1665.000	-0.104	0.772	0.193	-20.672	1.214
5523	1665.000	-0.235	-0.097	0.025	-20.864	-1.361
5539	1665.000	-0.286	-0.076	0.009	-20.742	8.396
5555	1665.000	-0.166	-0.010	0.024	-20.882	7.738
5571	1665.000	0.042	1.512	0.335	-20.842	4.418
5587	1665.000	-0.154	0.161	0.051	-20.676	11.508
5603	1665.000	-0.171	0.421	0.094	-20.809	15.871
5619	1665.000	-0.153	0.309	0.076	-20.942	14.011
6259	1665.000	-0.954	-1.107	0.022	-122.136	0.329
6275	1665.000	-0.872	-1.069	0.093	-128.705	-24.807
6291	1665.000	-0.928	-1.175	0.033	-122.137	-11.736
6307	1665.000	-0.887	-0.871	0.096	-122.148	-13.182
6323	1665.000	-0.955	-1.294	0.008	-135.890	2.617
6339	1665.000	-0.870	-0.749	0.077	-122.136	8.734
6355	1665.000	-0.605	-1.117	0.038	-122.700	-8.124
6371	1665.000	-1.039	-1.216	0.000	-137.356	15.727
6387	1665.000	-0.892	-0.611	0.095	-131.404	22.625
6403	1665.000	-0.994	-1.053	0.000	-126.198	20.907
6419	1665.000	-0.999	-1.363	0.000	-132.730	-3.576
6435	1665.000	-0.828	-1.498	0.000	-129.332	-20.503
6451	1665.000	-0.957	-1.256	0.000	-124.081	-1.477
6467	1665.000	-0.967	-1.110	0.035	-137.487	8.777
6483	1665.000	-0.980	-1.378	0.000	-123.009	-14.821
6499	1665.000	-0.999	-1.405	0.000	-122.700	-17.781
6515	1665.000	-0.971	-1.434	0.000	-130.684	-12.723
6531	1665.000	-0.974	-1.178	0.000	-122.471	4.680
6547	1665.000	-1.014	-1.359	0.000	-124.914	-10.943
6563	1665.000	-0.932	-1.000	0.000	-122.404	22.384
6579	1665.000	-0.961	-0.829	0.029	-122.168	24.659
6595	1665.000	-0.963	-1.216	0.032	-122.731	-14.653
6611	1665.000	-0.957	-1.105	0.000	-122.137	11.628
6627	1665.000	-1.014	-1.163	0.000	-122.185	5.884
6643	1665.000	-0.924	-1.054	0.000	-122.169	16.785
6659	1665.000	-1.005	-1.247	0.000	-123.692	-0.995
6675	1665.000	-0.949	-1.300	0.000	-122.738	-7.267
6691	1665.000	-0.952	-1.083	0.000	-122.136	13.825
6707	1665.000	-0.956	-1.189	0.000	-127.108	8.173
6723	1665.000	-0.818	-1.412	0.000	-122.135	-19.083
6739	1665.000	-0.890	-1.251	0.000	-122.154	-2.919
6755	1665.000	-1.009	-1.322	0.000	-127.945	-4.289
6771	1665.000	-0.963	-1.334	0.000	-131.404	-1.975
6787	1665.000	-0.815	-1.462	0.000	-122.136	-24.105
6803	1665.000	-0.952	-1.251	0.055	-140.923	-11.899
6819	1665.000	-0.960	-1.494	0.000	-139.642	-9.715
6835	1665.000	-0.947	-1.160	0.000	-122.136	6.168
6851	1665.000	1.219	3.379	0.000	-147.864	-14.284
6867	1665.000	-0.787	-1.117	0.041	-129.424	-2.679
7523	1665.000	1.267	3.340	0.000	-142.924	-23.096
7539	1665.000	-0.963	-1.248	0.000	-128.787	3.940
7555	1665.000	-0.744	-0.420	0.116	-119.626	19.809
7571	1665.000	-0.920	-1.224	0.000	-130.125	7.766
7587	1665.000	-0.967	-1.364	0.000	-121.185	-15.209
7603	1665.000	-0.959	-1.337	0.000	-119.636	-14.033
7619	1665.000	-0.863	-1.090	0.000	-120.833	11.882
7635	1665.000	-0.962	-1.359	0.000	-119.887	-16.049
7651	1665.000	-0.949	-1.300	0.000	-120.118	-9.889
7667	1665.000	-0.956	-1.274	0.018	-119.930	-16.216
7683	1665.000	-0.961	-1.117	0.000	-128.169	16.511
7699	1665.000	-0.898	-0.999	0.000	-119.665	19.716
7715	1665.000	-0.971	-1.382	0.000	-138.103	-0.131
7731	1665.000	-0.953	-1.393	0.000	-139.137	-0.182
7747	1665.000	-0.874	-1.242	0.000	-119.626	-4.553
7763	1665.000	-0.926	-1.004	0.089	-125.137	-19.725
7779	1665.000	-0.899	-0.834	0.149	-133.367	-24.697
7795	1665.000	-0.911	-1.173	0.000	-125.124	7.776
7811	1665.000	-0.978	-1.200	0.000	-124.251	4.250
7827	1665.000	-0.779	-0.818	0.076	-122.691	2.763
7843	1665.000	-0.992	-1.325	0.000	-125.499	-6.961
7859	1665.000	-0.953	-1.326	0.000	-121.152	-11.463
7875	1665.000	1.288	3.548	0.000	-144.634	-0.537
7891	1665.000	-0.906	-0.990	0.082	-119.620	-20.447
7907	1665.000	-0.962	-1.375	0.000	-119.620	-17.832
7923	1665.000	-0.987	-0.988	0.036	-122.123	5.511
7939	1665.000	-0.932	-1.407	0.000	-119.620	-21.048
7955	1665.000	-0.850	-0.724	0.091	-119.620	1.857
7971	1665.000	-0.917	-1.202	0.000	-123.683	3.489
7987	1665.000	-0.930	-1.276	0.000	-120.196	-7.433
8003	1665.000	-0.879	-1.115	0.000	-121.590	10.108
8019	1665.000	-0.978	-1.425	0.000	-120.124	-22.377
8035	1665.000	-0.953	-1.409	0.000	-119.620	-21.288
8051	1665.000	-0.839	-1.007	0.000	-124.837	24.124
8067	1665.000	-0.938	-1.267	0.000	-122.287	-4.435
8083	1665.000	-0.638	-0.907	0.057	-123.683	4.692
8099	1665.000	-0.981	-1.233	0.000	-130.401	7.078
8115	1665.000	-0.987	-1.104	0.000	-120.983	10.618
8131	1665.000	-0.949	-1.461	0.000	-132.505	-13.547
8771	1665.000	-0.285	-0.132	0.000	-24.040	10.810
8787	1665.000	-0.283	0.053	0.062	-24.045	-1.507
8803	1665.000	-0.301	-0.488	0.000	-24.043	-24.740
8819	1665.000	-0.281	-0.223	0.028	-23.981	-12.317
8835	1665.000	-0.199	0.373	0.108	-24.239	7.499
8851	1665.000	-0.306	-0.239	0.047	-24.036	-23.475
8867	1665.000	-0.318	0.055	0.023	-24.356	18.140
8883	1665.000	-0.305	-0.126	0.000	-24.386	11.809
8899	1665.000	-0.302	-0.426	0.000	-24.238	-18.396
8915	1665.000	-0.295	-0.116	0.033	-24.304	-3.705
8931	1665.000	-0.336	-0.385	0.000	-24.396	-14.071
8947	1665.000	-0.326	-0.438	0.009	-24.867	-23.315
8963	1665.000	-0.268	-0.018	0.000	-24.112	22.349
8979	1665.000	-0.286	-0.096	0.000	-24.178	14.601
8995	1665.000	-0.242	0.253	0.073	-24.409	13.371
9011	1665.000	-0.304	-0.356	0.002	-23.988	-12.367
9027	1665.000	-0.256	0.069	0.038	-24.239	12.271
9043	1665.000	-0.340	-0.053	0.000	-24.509	19.221
9059	1665.000	-0.292	-0.099	0.015	-24.167	7.000
9075	1665.000	-0.251	-0.106	0.009	-24.426	9.495
9091	1665.000	-0.265	-0.154	0.000	-24.339	8.986
9107	1665.000	-0.272	-0.368	0.000	-24.049	-12.791
9123	1665.000	-0.232	0.207	0.074	-24.855	8.385
9139	1665.000	-0.193	0.085	0.095	-24.014	-15.235
9155	1665.000	-0.183	0.312	0.160	-23.982	-24.815
9171	1665.000	-0.340	-0.052	0.011	-24.707	13.848
9187	1665.000	-0.303	-0.266	0.029	-23.981	-16.928
9203	1665.000	-0.246	-0.095	0.052	-24.065	-11.596
9219	1665.000	-0.209	-0.013	0.064	-24.335	-8.852
9235	1665.000	-0.292	-0.021	0.000	-24.117	22.036
9251	1665.000	-0.212	0.395	0.105	-24.261	11.020
9267	1665.000	-0.107	0.560	0.192	-24.441	-15.676
9283	1665.000	-0.226	0.385	0.119	-24.071	2.871
9299	1665.000	-0.312	-0.326	0.000	-24.008	-8.601
9315	1665.000	-0.191	0.270	0.057	-24.303	22.727
9331	1665.000	-0.288	-0.085	0.049	-24.139	-9.038
9347	1665.000	-0.260	0.004	0.000	-24.187	24.630
9363	1665.000	-0.328	-0.119	0.000	-24.095	12.198
9379	1665.000	-0.215	-0.085	0.060	-24.043	-14.195
10019	1665.000	-0.332	-0.245	0.000	-28.760	4.232
10035	1665.000	-0.267	0.088	0.054	-28.793	10.855
10051	1665.000	-0.220	0.298	0.097	-28.798	10.102
10067	1665.000	-0.288	-0.345	0.000	-29.026	-5.464
10083	1665.000	-0.344	0.140	0.073	-28.853	6.178
10099	1665.000	-0.330	-0.087	0.027	-29.050	6.636
10115	1665.000	-0.338	-0.055	0.029	-29.077	9.021
10131	1665.000	-0.185	0.499	0.174	-28.902	-8.189
10147	1665.000	-0.343	-0.155	0.047	-29.470	-9.354
10163	1665.000	-0.340	-0.071	0.000	-28.931	21.827
10179	1665.000	-0.306	-0.360	0.000	-28.908	-7.134
10195	1665.000	-0.342	-0.394	0.000	-29.261	-10.098
10211	1665.000	-0.368	-0.096	0.000	-28.730	19.138
10227	1665.000	-0.228	0.575	0.205	-29.312	-15.548
10243	1665.000	-0.370	-0.147	0.065	-28.788	-18.460
10259	1665.000	-0.164	0.507	0.189	-28.729	-15.068
10275	1665.000	-0.348	-0.057	0.042	-29.321	2.500
10291	1665.000	-0.407	-0.518	0.000	-28.892	-22.880
10307	1665.000	-0.371	-0.149	0.000	-29.318	14.423
10323	1665.000	-0.330	-0.182	0.006	-28.930	7.682
10339	1665.000	-0.381	-0.430	0.021	-28.821	-24.516
10355	1665.000	-0.351	-0.096	0.032	-29.218	3.878
10371	1665.000	-0.340	-0.135	0.000	-29.063	15.602
10387	1665.000	-0.145	0.686	0.218	-29.026	-11.165
10403	1665.000	-0.391	-0.214	0.000	-29.274	7.907
10419	1665.000	-0.304	0.068	0.051	-29.171	10.669
10435	1665.000	-0.348	-0.501	0.003	-29.114	-22.486
10451	1665.000	-0.078	1.017	0.291	-29.041	-15.000
10467	1665.000	-0.336	-0.276	0.003	-29.028	-0.277
10483	1665.000	-0.374	-0.273	0.000	-29.121	1.861
10499	1665.000	-0.245	0.319	0.156	-28.734	-17.259
10515	1665.000	-0.311	0.080	0.046	-28.791	13.989
10531	1665.000	-0.336	-0.306	0.046	-29.000	-24.636
10547	1665.000	-0.362	-0.232	0.000	-29.372	6.210
10563	1665.000	-0.390	-0.260	0.000	-29.095	3.075
10579	1665.000	-0.303	-0.010	0.081	-29.099	-12.449
10595	1665.000	-0.330	-0.133	0.000	-29.029	15.714
10611	1665.000	-0.226	0.200	0.062	-28.909	17.996
10627	1665.000	-0.312	0.156	0.079	-28.908	4.807
11267	1665.000	-0.230	0.236	0.063	-28.419	20.642
11283	1665.000	-0.273	-0.016	0.080	-28.078	-13.472
11299	1665.000	-0.101	0.760	0.238	-28.380	-14.865
11315	1665.000	-0.328	-0.076	0.081	-28.108	-19.969
11331	1665.000	-0.363	-0.394	0.000	-28.138	-11.279
11347	1665.000	-0.292	-0.134	0.000	-29.075	15.680
11363	1665.000	-0.334	-0.200	0.025	-28.078	-4.588
11379	1665.000	-0.398	-0.507	0.000	-28.201	-22.455
11395	1665.000	-0.354	-0.153	0.029	-28.412	-1.226
11411	1665.000	-0.311	0.216	0.050	-28.155	24.569
11427	1665.000	-0.059	1.211	0.301	-28.441	-1.090
11443	1665.000	-0.335	-0.153	0.030	-28.246	-1.903
11459	1665.000	-0.210	0.180	0.095	-28.299	-1.130
11475	1665.000	-0.352	-0.164	0.000	-28.078	11.663
11491	1665.000	-0.397	-0.169	0.000	-28.211	11.356
11507	1665.000	-0.370	-0.294	0.012	-28.626	-6.588
11523	1665.000	-0.382	-0.200	0.000	-28.624	8.661
11539	1665.000	-0.394	-0.105	0.000	-28.257	17.754
11555	1665.000	-0.334	-0.292	0.012	-28.148	-7.070
11571	1665.000	-0.380	-0.400	0.000	-28.863	-11.153
11587	1665.000	-0.312	-0.126	0.000	-28.082	15.434
11603	1665.000	-0.369	-0.219	0.000	-28.283	6.412
11619	1665.000	-0.171	0.457	0.176	-28.216	-14.105
11635	1665.000	-0.338	-0.232	0.047	-28.243	-18.243
11651	1665.000	-0.330	0.005	0.049	-29.086	5.291
11667	1665.000	-0.325	-0.136	0.054	-28.158	-12.538
11683	1665.000	-0.286	-0.202	0.047	-28.303	-15.505
11699	1665.000	-0.398	-0.166	0.026	-28.663	-1.147
11715	1665.000	-0.313	-0.289	0.027	-28.161	-14.299
11731	1665.000	-0.287	0.019	0.035	-28.338	12.709
11747	1665.000	-0.374	-0.204	0.000	-28.150	7.713
11763	1665.000	-0.366	-0.477	0.000	-28.193	-19.557
11779	1665.000	0.129	2.217	0.461	-28.078	19.455
11795	1665.000	-0.418	-0.464	0.000	-28.377	-17.997
11811	1665.000	-0.364	-0.291	0.000	-28.154	-0.900
11827	1665.000	-0.363	-0.020	0.016	-28.410	18.364
11843	1665.000	-0.134	1.003	0.216	-28.452	20.905
11859	1665.000	-0.323	-0.069	0.000	-28.086	21.179
11875	1665.000	-0.368	-0.266	0.000	-28.383	1.830
12515	1665.000	-0.262	0.023	0.000	-22.602	24.896
12531	1665.000	-0.312	-0.340	0.017	-22.740	-19.612
12547	1665.000	-0.242	0.143	0.057	-22.843	8.861
12563	1665.000	-0.263	-0.284	0.000	-22.863	-5.587
12579	1665.000	-0.312	-0.333	0.000	-22.875	-10.404
12595	1665.000	-0.169	0.253	0.091	-23.239	2.978
12611	1665.000	-0.235	0.224	0.087	-22.939	1.894
12627	1665.000	-0.275	-0.140	0.019	-22.919	-0.452
12643	1665.000	-0.266	-0.109	0.000	-22.811	11.936
12659	1665.000	-0.291	-0.306	0.000	-22.539	-8.067
12675	1665.000	-0.200	0.342	0.071	-22.692	21.306
12691	1665.000	-0.233	-0.011	0.086	-22.541	-21.400
12707	1665.000	-0.255	-0.094	0.000	-22.548	13.190
12723	1665.000	-0.345	-0.385	0.000	-22.755	-15.748
12739	1665.000	-0.226	0.130	0.071	-22.713	0.359
12755	1665.000	-0.322	-0.258	0.000	-22.539	-3.280
12771	1665.000	-0.243	-0.097	0.000	-22.541	12.823
12787	1665.000	-0.288	0.016	0.000	-23.259	24.909
12803	1665.000	-0.170	0.032	0.022	-22.540	14.922
12819	1665.000	-0.288	-0.315	0.022	-22.539	-19.758
12835	1665.000	-0.297	-0.094	0.035	-23.069	-4.002
12851	1665.000	-0.281	-0.249	0.000	-22.551	-2.310
12867	1665.000	-0.309	-0.174	0.000	-22.573	5.129
12883	1665.000	-0.202	0.091	0.091	-22.761	-13.463
12899	1665.000	-0.222	-0.106	0.029	-22.736	-2.138
12915	1665.000	-0.223	0.142	0.066	-22.999	4.339
12931	1665.000	-0.260	-0.343	0.005	-22.701	-14.168
12947	1665.000	-0.080	0.591	0.198	-22.889	-17.109
12963	1665.000	-0.303	-0.354	0.000	-22.933	-12.493
12979	1665.000	-0.132	0.535	0.123	-23.073	15.269
12995	1665.000	-0.287	-0.284	0.000	-22.730	-5.632
13011	1665.000	-0.212	0.075	0.072	-22.547	-6.057
13027	1665.000	-0.191	0.318	0.119	-23.111	-4.501
13043	1665.000	-0.226	-0.231	0.000	-23.014	-0.099
13059	1665.000	-0.262	0.085	0.050	-22.547	5.987
13075	1665.000	-0.234	0.097	0.043	-22.780	10.984
13091	1665.000	-0.265	0.050	0.078	-22.863	-11.089
13107	1665.000	-0.259	-0.147	0.000	-22.673	8.002
13123	1665.000	-0.189	0.208	0.108	-22.922	-10.316
13779	1665.000	1.285	3.611	0.000	-139.624	0.687
13795	1665.000	-0.965	-1.126	0.000	-131.289	18.693
13811	1665.000	-0.885	-0.842	0.087	-121.534	-6.223
13827	1665.000	-0.992	-1.266	0.000	-133.559	6.974
13843	1665.000	-1.024	-1.432	0.000	-122.821	-20.407
13859	1665.000	-0.952	-1.022	0.000	-125.573	23.336
13875	1665.000	-0.898	-1.002	0.000	-122.097	21.853
13891	1665.000	-0.957	-1.410	0.000	-121.987	-18.968
13907	1665.000	-0.953	-1.320	0.000	-122.358	-9.636
13923	1665.000	-0.955	-1.246	0.000	-121.496	-3.062
13939	1665.000	-0.988	-1.178	0.000	-121.919	4.089
13955	1665.000	-1.037	-1.354	0.000	-129.495	-5.865
13971	1665.000	-0.934	-1.094	0.000	-127.003	17.580
13987	1665.000	-1.024	-1.459	0.000	-124.376	-21.563
14003	1665.000	-0.984	-1.490	0.000	-143.100	-5.929
14019	1665.000	-0.804	-1.279	0.000	-128.919	1.025
14035	1665.000	-0.978	-1.098	0.000	-121.892	12.118
14051	1665.000	-0.745	0.114	0.231	-121.758	17.528
14067	1665.000	-1.019	-1.192	0.000	-123.755	4.506
14083	1665.000	-0.964	-1.337	0.000	-121.731	-11.949
14099	1665.000	-0.963	-1.456	0.020	-132.479	-23.338
14115	1665.000	1.336	3.708	0.000	-136.093	6.883
14131	1665.000	-0.917	-1.126	0.042	-121.523	-12.172
14147	1665.000	-1.035	-1.266	0.000	-130.228	3.628
14163	1665.000	-0.910	-0.881	0.036	-129.634	23.471
14179	1665.000	-0.993	-1.266	0.000	-123.427	-3.177
14195	1665.000	-1.000	-1.396	0.000	-121.521	-18.084
14211	1665.000	-0.969	-0.933	0.023	-122.768	17.954
14227	1665.000	-0.861	-0.824	0.112	-121.496	-16.790
14243	1665.000	-0.940	-1.339	0.000	-121.803	-12.081
14259	1665.000	-0.979	-0.984	0.000	-122.235	23.817
14275	1665.000	-0.946	-1.154	0.000	-124.622	9.268
14291	1665.000	-0.950	-1.299	0.000	-123.471	-6.460
14307	1665.000	-0.962	-1.180	0.000	-123.433	5.397
14323	1665.000	1.307	3.505	0.000	-137.045	-12.486
14339	1665.000	-0.836	-0.600	0.091	-123.427	17.680
14355	1665.000	-0.948	-1.130	0.000	-130.809	17.792
14371	1665.000	-0.980	-1.136	0.000	-133.271	19.679
14387	1665.000	-0.986	-1.168	0.000	-121.503	4.661
