# NEST version: 3.6.0-post0.dev0
# RecordingBackendASCII version: 2
sender	time_ms	V_m	I_tot	I_exc	I_inh	I_noise
10	1662.000	-0.996	-0.727	0.000	-81.683	8.999
26	1662.000	-0.986	-1.012	0.000	-78.555	-22.655
42	1662.000	-1.096	-1.053	0.000	-81.373	-23.970
58	1662.000	-1.051	-1.012	0.000	-81.882	-19.339
74	1662.000	-1.002	-0.980	0.000	-78.555	-19.489
90	1662.000	-1.015	-0.913	0.000	-79.573	-11.763
106	1662.000	-1.077	-1.019	0.000	-81.218	-20.689
122	1662.000	-0.962	-0.816	0.000	-78.920	-2.656
138	1662.000	-0.872	-0.965	0.000	-78.680	-17.780
154	1662.000	-0.968	-0.655	0.000	-78.563	13.026
170	1662.000	-1.028	-0.745	0.000	-81.470	6.963
186	1662.000	-0.939	-0.659	0.000	-78.555	12.701
202	1662.000	-0.977	-0.853	0.000	-78.555	-6.768
218	1662.000	-1.037	-0.709	0.000	-83.947	13.017
234	1662.000	-1.007	-0.729	0.000	-78.572	5.669
250	1662.000	-0.910	-0.653	0.000	-78.555	13.235
266	1662.000	-1.008	-0.773	0.000	-78.942	1.598
282	1662.000	-0.980	-0.887	0.000	-78.555	-10.154
298	1662.000	-0.918	-0.659	0.000	-78.555	12.636
314	1662.000	-1.050	-0.555	0.000	-78.555	23.047
330	1662.000	-0.985	-0.581	0.000	-79.333	21.189
346	1662.000	-1.053	-0.905	0.000	-78.555	-11.946
362	1662.000	-1.033	-0.781	0.000	-79.769	1.652
378	1662.000	-0.974	-0.680	0.000	-82.207	14.213
394	1662.000	-0.966	-0.855	0.000	-79.695	-5.829
410	1662.000	-0.984	-0.998	0.000	-80.687	-19.155
426	1662.000	-1.008	-0.650	0.000	-79.907	14.893
442	1662.000	-1.050	-0.963	0.000	-81.246	-15.045
458	1662.000	-0.942	-0.710	0.000	-78.555	7.521
474	1662.000	-0.984	-0.683	0.000	-78.580	10.277
490	1662.000	-0.976	-0.673	0.000	-78.990	11.725
506	1662.000	-0.906	-0.550	0.000	-78.555	23.517
522	1662.000	-0.923	-0.772	0.000	-78.580	1.369
538	1662.000	-0.968	-0.770	0.000	-78.572	1.616
554	1662.000	-1.048	-1.024	0.000	-78.591	-23.794
570	1662.000	-0.961	-0.655	0.000	-78.555	13.086
586	1662.000	-1.120	-0.811	0.000	-81.054	-0.012
602	1662.000	-0.670	-0.803	0.000	-78.564	-1.705
618	1662.000	-0.997	-0.794	0.000	-80.519	1.126
1258	1662.000	-0.285	-0.195	0.000	-25.003	5.481
1274	1662.000	-0.307	-0.010	0.000	-25.241	24.268
1290	1662.000	-0.356	-0.226	0.000	-24.833	2.197
1306	1662.000	-0.321	-0.110	0.000	-24.788	13.745
1322	1662.000	-0.293	-0.170	0.000	-24.877	7.855
1338	1662.000	-0.304	-0.031	0.000	-25.148	22.079
1354	1662.000	-0.337	-0.275	0.000	-24.571	-2.928
1370	1662.000	-0.372	-0.437	0.000	-24.976	-18.758
1386	1662.000	-0.324	-0.339	0.000	-24.971	-8.880
1402	1662.000	-0.330	-0.355	0.000	-24.640	-10.825
1418	1662.000	-0.281	-0.319	0.000	-24.561	-7.320
1434	1662.000	-0.353	-0.276	0.000	-24.758	-2.890
1450	1662.000	-0.347	-0.230	0.000	-24.860	1.848
1466	1662.000	-0.340	-0.392	0.000	-24.803	-14.375
1482	1662.000	-0.279	-0.049	0.000	-24.758	19.899
1498	1662.000	-0.305	-0.255	0.000	-24.764	-0.752
1514	1662.000	-0.303	-0.390	0.000	-24.566	-14.392
1530	1662.000	-0.328	-0.184	0.000	-24.563	6.175
1546	1662.000	-0.342	-0.357	0.000	-24.734	-10.963
1562	1662.000	-0.310	-0.471	0.000	-25.306	-21.771
1578	1662.000	-0.315	-0.235	0.000	-24.917	1.399
1594	1662.000	-0.283	-0.199	0.000	-24.812	4.960
1610	1662.000	-0.360	-0.376	0.000	-25.164	-12.394
1626	1662.000	-0.286	-0.273	0.000	-25.052	-2.275
1642	1662.000	-0.277	-0.287	0.000	-24.879	-3.840
1658	1662.000	-0.343	-0.491	0.000	-24.883	-24.206
1674	1662.000	-0.325	-0.358	0.000	-24.871	-10.969
1690	1662.000	-0.339	-0.433	0.000	-25.563	-17.752
1706	1662.000	-0.277	-0.016	0.000	-24.649	23.018
1722	1662.000	-0.231	-0.040	0.000	-24.695	20.697
1738	1662.000	-0.289	-0.013	0.000	-24.810	23.474
1754	1662.000	-0.329	-0.448	0.000	-24.568	-20.239
1770	1662.000	-0.366	-0.487	0.000	-24.735	-23.937
1786	1662.000	-0.340	-0.461	0.000	-24.652	-21.452
1802	1662.000	-0.300	-0.097	0.000	-24.721	15.001
1818	1662.000	-0.333	-0.467	0.000	-25.153	-21.582
1834	1662.000	-0.310	-0.423	0.000	-25.021	-17.314
1850	1662.000	-0.312	-0.149	0.000	-25.594	10.708
1866	1662.000	-0.363	-0.459	0.000	-25.642	-20.213
2506	1662.000	-0.356	-0.148	0.000	-33.516	18.685
2522	1662.000	-0.371	-0.194	0.000	-33.849	14.458
2538	1662.000	-0.372	-0.426	0.000	-33.233	-9.382
2554	1662.000	-0.456	-0.574	0.000	-33.459	-23.939
2570	1662.000	-0.468	-0.316	0.000	-33.351	1.709
2586	1662.000	-0.358	-0.090	0.000	-32.975	23.936
2602	1662.000	-0.428	-0.481	0.000	-33.630	-14.455
2618	1662.000	-0.433	-0.411	0.000	-33.692	-7.365
2634	1662.000	-0.455	-0.576	0.000	-32.977	-24.662
2650	1662.000	-0.398	-0.151	0.000	-33.111	18.054
2666	1662.000	-0.421	-0.283	0.000	-33.695	5.443
2682	1662.000	-0.435	-0.492	0.000	-33.319	-15.854
2698	1662.000	-0.398	-0.432	0.000	-33.229	-9.986
2714	1662.000	-0.417	-0.150	0.000	-33.624	18.616
2730	1662.000	-0.396	-0.308	0.000	-32.889	2.078
2746	1662.000	-0.388	-0.107	0.000	-33.867	23.122
2762	1662.000	-0.429	-0.535	0.000	-33.280	-20.218
2778	1662.000	-0.445	-0.390	0.000	-32.889	-6.159
2794	1662.000	-0.409	-0.353	0.000	-33.234	-2.082
2810	1662.000	-0.390	-0.434	0.000	-32.971	-10.420
2826	1662.000	-0.386	-0.441	0.000	-33.128	-10.976
2842	1662.000	-0.390	-0.339	0.000	-32.942	-0.941
2858	1662.000	-0.401	-0.134	0.000	-33.402	19.963
2874	1662.000	-0.385	-0.193	0.000	-32.893	13.611
2890	1662.000	-0.411	-0.144	0.000	-33.793	19.403
2906	1662.000	-0.334	-0.271	0.000	-33.374	6.267
2922	1662.000	-0.443	-0.230	0.000	-32.994	10.003
2938	1662.000	-0.460	-0.468	0.000	-33.694	-13.074
2954	1662.000	-0.394	-0.405	0.000	-33.147	-7.347
2970	1662.000	-0.433	-0.436	0.000	-33.176	-10.450
2986	1662.000	-0.475	-0.432	0.000	-34.428	-8.783
3002	1662.000	-0.379	-0.352	0.000	-33.154	-2.027
3018	1662.000	-0.436	-0.362	0.000	-33.081	-3.150
3034	1662.000	-0.455	-0.320	0.000	-33.379	1.377
3050	1662.000	-0.386	-0.437	0.000	-32.893	-10.812
3066	1662.000	-0.447	-0.315	0.000	-33.331	1.851
3082	1662.000	-0.392	-0.145	0.000	-33.639	19.099
3098	1662.000	-0.357	-0.118	0.000	-33.436	21.597
3114	1662.000	-0.442	-0.432	0.000	-33.449	-9.777
3770	1662.000	-0.424	-0.511	0.000	-32.880	-18.187
3786	1662.000	-0.408	-0.387	0.000	-32.771	-5.963
3802	1662.000	-0.420	-0.463	0.000	-33.112	-13.193
3818	1662.000	-0.424	-0.281	0.000	-33.180	5.118
3834	1662.000	-0.405	-0.096	0.000	-32.834	23.255
3850	1662.000	-0.378	-0.319	0.000	-32.746	0.841
3866	1662.000	-0.501	-0.558	0.000	-33.066	-22.729
3882	1662.000	-0.429	-0.508	0.000	-32.811	-17.946
3898	1662.000	-0.381	-0.401	0.000	-32.642	-7.494
3914	1662.000	-0.456	-0.269	0.000	-33.422	6.532
3930	1662.000	-0.413	-0.530	0.000	-33.124	-19.908
3946	1662.000	-0.445	-0.267	0.000	-32.972	6.270
3962	1662.000	-0.420	-0.272	0.000	-33.227	6.011
3978	1662.000	-0.434	-0.209	0.000	-32.859	11.957
3994	1662.000	-0.429	-0.209	0.000	-33.705	12.781
4010	1662.000	-0.447	-0.415	0.000	-32.919	-8.555
4026	1662.000	-0.423	-0.441	0.000	-32.921	-11.160
4042	1662.000	-0.437	-0.445	0.000	-32.751	-11.738
4058	1662.000	-0.366	-0.370	0.000	-32.814	-4.149
4074	1662.000	-0.438	-0.380	0.000	-33.022	-5.016
4090	1662.000	-0.406	-0.405	0.000	-32.472	-8.027
4106	1662.000	-0.406	-0.367	0.000	-32.813	-3.849
4122	1662.000	-0.393	-0.153	0.000	-33.625	18.316
4138	1662.000	-0.399	-0.211	0.000	-32.981	11.905
4154	1662.000	-0.408	-0.391	0.000	-32.669	-6.474
4170	1662.000	-0.447	-0.397	0.000	-32.885	-6.815
4186	1662.000	-0.446	-0.240	0.000	-32.597	8.609
4202	1662.000	-0.356	-0.116	0.000	-32.948	21.388
4218	1662.000	-0.416	-0.414	0.000	-32.463	-8.983
4234	1662.000	-0.421	-0.565	0.000	-32.465	-24.002
4250	1662.000	-0.402	-0.153	0.000	-33.189	17.848
4266	1662.000	-0.433	-0.193	0.000	-32.638	13.294
4282	1662.000	-0.405	-0.193	0.000	-32.549	13.298
4298	1662.000	-0.452	-0.363	0.000	-33.381	-2.905
4314	1662.000	-0.389	-0.494	0.000	-32.712	-16.669
4330	1662.000	-0.365	-0.316	0.000	-32.459	0.854
4346	1662.000	-0.454	-0.209	0.000	-32.866	11.920
4362	1662.000	-0.397	-0.218	0.000	-32.897	11.109
4378	1662.000	-0.424	-0.568	0.000	-32.459	-24.320
5018	1662.000	-0.290	-0.288	0.000	-23.794	-4.977
5034	1662.000	-0.303	-0.190	0.000	-23.534	4.524
5050	1662.000	-0.332	-0.067	0.000	-23.427	16.774
5066	1662.000	-0.303	-0.062	0.000	-23.667	17.436
5082	1662.000	-0.265	-0.013	0.000	-23.709	22.390
5098	1662.000	-0.246	0.002	0.000	-23.514	23.693
5114	1662.000	-0.288	-0.467	0.000	-23.984	-22.731
5130	1662.000	-0.274	-0.045	0.000	-23.544	19.093
5146	1662.000	-0.250	-0.049	0.000	-23.684	18.793
5162	1662.000	-0.316	-0.023	0.000	-24.088	21.809
5178	1662.000	-0.313	-0.354	0.000	-23.656	-11.741
5194	1662.000	-0.306	-0.340	0.000	-23.672	-10.326
5210	1662.000	-0.304	-0.418	0.000	-24.302	-17.506
5226	1662.000	-0.251	-0.009	0.000	-23.849	22.969
5242	1662.000	-0.280	-0.036	0.000	-23.777	20.162
5258	1662.000	-0.366	-0.282	0.000	-23.512	-4.685
5274	1662.000	-0.292	-0.448	0.000	-23.862	-20.973
5290	1662.000	-0.273	-0.073	0.000	-24.131	16.817
5306	1662.000	-0.294	-0.019	0.000	-24.001	22.069
5322	1662.000	-0.354	-0.133	0.000	-23.791	10.476
5338	1662.000	-0.260	-0.405	0.000	-23.435	-17.053
5354	1662.000	-0.310	-0.397	0.000	-24.314	-15.427
5370	1662.000	-0.319	-0.349	0.000	-23.921	-11.008
5386	1662.000	-0.366	-0.185	0.000	-23.435	4.950
5402	1662.000	-0.331	-0.029	0.000	-24.687	21.818
5418	1662.000	-0.332	-0.419	0.000	-23.615	-18.250
5434	1662.000	-0.296	-0.438	0.000	-23.429	-20.326
5450	1662.000	-0.286	-0.124	0.000	-24.018	11.628
5466	1662.000	-0.286	-0.104	0.000	-23.479	13.057
5482	1662.000	-0.236	-0.265	0.000	-23.425	-3.097
5498	1662.000	-0.292	-0.195	0.000	-23.613	4.155
5514	1662.000	-0.311	-0.190	0.000	-23.472	4.502
5530	1662.000	-0.277	-0.423	0.000	-23.613	-18.657
5546	1662.000	-0.266	-0.155	0.000	-23.536	8.085
5562	1662.000	-0.309	-0.311	0.000	-23.427	-7.636
5578	1662.000	-0.321	-0.480	0.000	-23.810	-24.239
5594	1662.000	-0.296	-0.377	0.000	-23.666	-14.060
5610	1662.000	-0.296	-0.028	0.000	-23.436	20.586
5626	1662.000	-0.304	-0.080	0.000	-23.429	15.423
6266	1662.000	-1.007	-0.729	0.000	-81.727	8.785
6282	1662.000	-1.034	-0.810	0.000	-81.352	0.344
6298	1662.000	-1.002	-1.008	0.000	-81.325	-19.472
6314	1662.000	-0.977	-0.704	0.000	-81.335	10.976
6330	1662.000	-0.974	-1.002	0.000	-81.334	-18.882
6346	1662.000	-1.041	-0.798	0.000	-82.089	2.317
6362	1662.000	-0.986	-0.673	0.000	-81.317	13.987
6378	1662.000	-1.026	-0.609	0.000	-81.316	20.424
6394	1662.000	-1.098	-0.998	0.000	-84.170	-15.600
6410	1662.000	-1.034	-0.789	0.000	-82.932	4.069
6426	1662.000	-0.988	-0.593	0.000	-81.327	22.058
6442	1662.000	-1.075	-0.627	0.000	-84.990	22.244
6458	1662.000	-1.102	-1.025	0.000	-83.712	-18.790
6474	1662.000	-1.013	-0.605	0.000	-81.316	20.773
6490	1662.000	-1.034	-0.740	0.000	-82.079	8.043
6506	1662.000	-0.961	-0.785	0.000	-81.745	3.198
6522	1662.000	-0.986	-0.980	0.000	-82.306	-15.720
6538	1662.000	-0.946	-0.842	0.000	-81.316	-2.870
6554	1662.000	-0.966	-0.950	0.000	-81.363	-13.592
6570	1662.000	-0.987	-0.697	0.000	-82.316	12.660
6586	1662.000	-1.018	-0.878	0.000	-81.319	-6.520
6602	1662.000	-0.992	-0.674	0.000	-81.726	14.316
6618	1662.000	-1.070	-0.984	0.000	-81.352	-17.035
6634	1662.000	-1.040	-0.720	0.000	-82.328	10.305
6650	1662.000	-1.049	-0.788	0.000	-82.422	3.672
6666	1662.000	-1.002	-0.778	0.000	-82.078	4.230
6682	1662.000	-1.029	-0.752	0.000	-82.743	7.589
6698	1662.000	-1.033	-0.673	0.000	-81.331	14.042
6714	1662.000	-1.020	-0.841	0.000	-81.366	-2.759
6730	1662.000	-1.025	-1.061	0.000	-82.450	-23.632
6746	1662.000	-1.035	-0.613	0.000	-81.317	20.010
6762	1662.000	-0.991	-0.707	0.000	-81.317	10.616
6778	1662.000	-1.062	-0.604	0.000	-84.500	24.087
6794	1662.000	-1.004	-0.929	0.000	-82.177	-10.758
6810	1662.000	-0.979	-0.835	0.000	-81.317	-2.168
6826	1662.000	-1.043	-0.641	0.000	-82.861	18.742
6842	1662.000	-1.018	-0.691	0.000	-83.637	14.565
6858	1662.000	-0.979	-0.737	0.000	-81.334	7.643
6874	1662.000	-1.048	-0.970	0.000	-83.413	-13.595
7514	1662.000	-1.019	-0.615	0.000	-78.912	17.369
7530	1662.000	-0.919	-0.544	0.000	-78.453	24.086
7546	1662.000	-0.939	-0.632	0.000	-78.479	15.231
7562	1662.000	-0.945	-0.845	0.000	-80.104	-4.364
7578	1662.000	-0.956	-0.584	0.000	-78.436	20.060
7594	1662.000	-0.991	-0.989	0.000	-79.230	-19.656
7610	1662.000	-1.026	-0.901	0.000	-79.193	-10.884
7626	1662.000	-1.013	-0.920	0.000	-79.831	-12.166
7642	1662.000	-0.974	-0.614	0.000	-78.474	17.090
7658	1662.000	-0.979	-0.565	0.000	-79.406	22.877
7674	1662.000	-0.973	-0.704	0.000	-78.483	8.114
7690	1662.000	-1.038	-0.857	0.000	-82.070	-3.639
7706	1662.000	-0.842	-0.733	0.000	-78.461	5.135
7722	1662.000	-0.938	-0.872	0.000	-78.453	-8.746
7738	1662.000	-1.011	-0.857	0.000	-81.255	-4.412
7754	1662.000	-1.044	-0.624	0.000	-79.495	17.085
7770	1662.000	-1.001	-0.917	0.000	-78.524	-13.207
7786	1662.000	-0.954	-0.541	0.000	-78.436	24.369
7802	1662.000	-0.969	-0.574	0.000	-81.043	23.673
7818	1662.000	-0.985	-0.796	0.000	-78.752	-0.851
7834	1662.000	-0.584	-0.853	0.000	-80.049	-5.242
7850	1662.000	-0.762	-0.607	0.000	-79.298	18.611
7866	1662.000	-1.033	-0.939	0.000	-78.460	-15.430
7882	1662.000	-0.983	-0.978	0.000	-78.436	-19.412
7898	1662.000	-1.033	-0.562	0.000	-80.361	24.206
7914	1662.000	-0.923	-0.682	0.000	-78.436	10.280
7930	1662.000	-1.010	-0.742	0.000	-78.436	4.279
7946	1662.000	-0.962	-0.654	0.000	-79.099	13.668
7962	1662.000	-1.040	-0.951	0.000	-80.070	-15.049
7978	1662.000	-1.003	-0.930	0.000	-78.481	-14.485
7994	1662.000	-0.996	-0.852	0.000	-78.773	-6.379
8010	1662.000	-1.006	-0.849	0.000	-78.453	-6.445
8026	1662.000	-0.978	-0.727	0.000	-78.484	5.795
8042	1662.000	-0.841	-0.922	0.000	-81.610	-10.543
8058	1662.000	-0.961	-0.545	0.000	-78.436	23.959
8074	1662.000	-0.886	-0.666	0.000	-80.029	13.421
8090	1662.000	-1.041	-0.843	0.000	-81.089	-3.171
8106	1662.000	-0.971	-0.793	0.000	-78.444	-0.821
8122	1662.000	-1.030	-0.873	0.000	-80.036	-7.302
8762	1662.000	-0.399	-0.306	0.000	-27.348	-3.223
8778	1662.000	-0.335	-0.134	0.000	-27.282	13.868
8794	1662.000	-0.325	-0.385	0.000	-27.173	-11.316
8810	1662.000	-0.327	-0.274	0.000	-27.420	0.039
8826	1662.000	-0.274	-0.219	0.000	-27.440	5.530
8842	1662.000	-0.431	-0.477	0.000	-27.688	-20.006
8858	1662.000	-0.360	-0.524	0.000	-27.621	-24.773
8874	1662.000	-0.325	-0.143	0.000	-27.503	13.208
8890	1662.000	-0.266	-0.030	0.000	-27.893	24.858
8906	1662.000	-0.298	-0.239	0.000	-27.609	3.687
8922	1662.000	-0.360	-0.121	0.000	-28.076	15.963
8938	1662.000	-0.390	-0.327	0.000	-27.335	-5.355
8954	1662.000	-0.403	-0.177	0.000	-27.426	9.701
8970	1662.000	-0.388	-0.086	0.000	-27.714	19.127
8986	1662.000	-0.384	-0.434	0.000	-27.177	-16.181
9002	1662.000	-0.368	-0.322	0.000	-27.588	-4.645
9018	1662.000	-0.369	-0.312	0.000	-27.990	-3.178
9034	1662.000	-0.312	-0.249	0.000	-27.493	2.571
9050	1662.000	-0.366	-0.504	0.000	-27.917	-22.453
9066	1662.000	-0.274	-0.093	0.000	-27.939	18.609
9082	1662.000	-0.328	-0.331	0.000	-27.674	-5.459
9098	1662.000	-0.429	-0.289	0.000	-28.200	-0.710
9114	1662.000	-0.322	-0.272	0.000	-27.265	0.027
9130	1662.000	-0.292	-0.342	0.000	-27.176	-6.987
9146	1662.000	-0.349	-0.406	0.000	-28.377	-12.202
9162	1662.000	-0.283	-0.251	0.000	-27.173	2.115
9178	1662.000	-0.344	-0.089	0.000	-27.178	18.265
9194	1662.000	-0.344	-0.343	0.000	-27.731	-6.609
9210	1662.000	-0.336	-0.260	0.000	-27.405	1.380
9226	1662.000	-0.364	-0.105	0.000	-27.383	16.834
9242	1662.000	-0.268	-0.086	0.000	-27.537	18.910
9258	1662.000	-0.370	-0.427	0.000	-27.260	-15.416
9274	1662.000	-0.307	-0.273	0.000	-27.293	0.035
9290	1662.000	-0.376	-0.397	0.000	-27.513	-12.139
9306	1662.000	-0.316	-0.183	0.000	-27.311	9.001
9322	1662.000	-0.358	-0.030	0.000	-27.391	24.391
9338	1662.000	-0.366	-0.164	0.000	-27.352	10.978
9354	1662.000	-0.359	-0.368	0.000	-27.296	-9.513
9370	1662.000	-0.367	-0.204	0.000	-27.254	6.885
10026	1662.000	-0.412	-0.209	0.000	-32.650	11.788
10042	1662.000	-0.395	-0.410	0.000	-32.803	-8.167
10058	1662.000	-0.414	-0.225	0.000	-32.596	10.053
10074	1662.000	-0.388	-0.363	0.000	-32.894	-3.421
10090	1662.000	-0.427	-0.187	0.000	-32.920	14.214
10106	1662.000	-0.378	-0.172	0.000	-32.744	15.546
10122	1662.000	-0.493	-0.369	0.000	-33.528	-3.339
10138	1662.000	-0.348	-0.214	0.000	-32.797	11.402
10154	1662.000	-0.427	-0.151	0.000	-32.796	17.698
10170	1662.000	-0.367	-0.167	0.000	-33.541	16.849
10186	1662.000	-0.383	-0.365	0.000	-32.559	-3.906
10202	1662.000	-0.448	-0.407	0.000	-33.167	-7.487
10218	1662.000	-0.370	-0.150	0.000	-32.657	17.686
10234	1662.000	-0.443	-0.425	0.000	-32.554	-9.929
10250	1662.000	-0.474	-0.533	0.000	-33.081	-20.196
10266	1662.000	-0.370	-0.214	0.000	-32.813	11.377
10282	1662.000	-0.389	-0.479	0.000	-32.886	-15.050
10298	1662.000	-0.418	-0.502	0.000	-32.771	-17.381
10314	1662.000	-0.397	-0.175	0.000	-32.790	15.290
10330	1662.000	-0.428	-0.532	0.000	-33.089	-20.123
10346	1662.000	-0.384	-0.125	0.000	-32.992	20.493
10362	1662.000	-0.431	-0.543	0.000	-33.177	-21.117
10378	1662.000	-0.453	-0.536	0.000	-33.045	-20.603
10394	1662.000	-0.415	-0.290	0.000	-33.286	4.268
10410	1662.000	-0.389	-0.202	0.000	-33.296	13.114
10426	1662.000	-0.414	-0.301	0.000	-33.210	3.152
10442	1662.000	-0.418	-0.276	0.000	-33.070	5.450
10458	1662.000	-0.410	-0.194	0.000	-33.121	13.731
10474	1662.000	-0.395	-0.311	0.000	-32.670	1.554
10490	1662.000	-0.360	-0.191	0.000	-32.773	13.629
10506	1662.000	-0.421	-0.426	0.000	-32.982	-9.606
10522	1662.000	-0.411	-0.084	0.000	-33.335	24.932
10538	1662.000	-0.393	-0.355	0.000	-33.305	-2.218
10554	1662.000	-0.411	-0.523	0.000	-32.959	-19.339
10570	1662.000	-0.389	-0.149	0.000	-33.405	18.508
10586	1662.000	-0.427	-0.289	0.000	-33.052	4.177
10602	1662.000	-0.307	-0.115	0.000	-32.822	21.316
10618	1662.000	-0.378	-0.078	0.000	-32.558	24.736
10634	1662.000	-0.431	-0.547	0.000	-32.564	-22.099
11274	1662.000	-0.323	-0.107	0.000	-32.243	21.516
11290	1662.000	-0.386	-0.304	0.000	-31.902	1.527
11306	1662.000	-0.373	-0.261	0.000	-31.987	5.890
11322	1662.000	-0.437	-0.535	0.000	-33.173	-20.311
11338	1662.000	-0.441	-0.459	0.000	-31.817	-14.041
11354	1662.000	-0.426	-0.460	0.000	-32.089	-13.910
11370	1662.000	-0.389	-0.097	0.000	-32.699	23.048
11386	1662.000	-0.396	-0.444	0.000	-31.817	-12.627
11402	1662.000	-0.454	-0.315	0.000	-32.480	0.970
11418	1662.000	-0.339	-0.077	0.000	-32.240	24.570
11434	1662.000	-0.403	-0.492	0.000	-31.983	-17.216
11450	1662.000	-0.435	-0.555	0.000	-31.896	-23.583
11466	1662.000	-0.433	-0.440	0.000	-32.074	-11.939
11482	1662.000	-0.412	-0.384	0.000	-32.740	-5.708
11498	1662.000	-0.355	-0.132	0.000	-32.114	18.893
11514	1662.000	-0.413	-0.324	0.000	-32.005	-0.421
11530	1662.000	-0.450	-0.366	0.000	-32.445	-4.139
11546	1662.000	-0.447	-0.487	0.000	-32.768	-15.922
11562	1662.000	-0.347	-0.230	0.000	-31.817	8.779
11578	1662.000	-0.396	-0.321	0.000	-32.021	-0.036
11594	1662.000	-0.411	-0.269	0.000	-32.197	5.317
11610	1662.000	-0.412	-0.382	0.000	-31.924	-6.307
11626	1662.000	-0.439	-0.247	0.000	-32.941	8.218
11642	1662.000	-0.421	-0.468	0.000	-32.029	-14.793
11658	1662.000	-0.371	-0.088	0.000	-32.133	23.380
11674	1662.000	-0.413	-0.202	0.000	-33.233	12.997
11690	1662.000	-0.353	-0.081	0.000	-31.880	23.736
11706	1662.000	-0.399	-0.115	0.000	-32.468	21.014
11722	1662.000	-0.403	-0.486	0.000	-32.014	-16.567
11738	1662.000	-0.422	-0.274	0.000	-31.821	4.461
11754	1662.000	-0.407	-0.538	0.000	-31.921	-21.882
11770	1662.000	-0.334	-0.203	0.000	-32.261	11.970
11786	1662.000	-0.408	-0.105	0.000	-31.873	21.351
11802	1662.000	-0.449	-0.247	0.000	-31.992	7.269
11818	1662.000	-0.383	-0.226	0.000	-32.441	9.821
11834	1662.000	-0.423	-0.351	0.000	-31.839	-3.223
11850	1662.000	-0.411	-0.426	0.000	-31.987	-10.651
11866	1662.000	-0.455	-0.508	0.000	-32.183	-18.657
11882	1662.000	-0.378	-0.303	0.000	-31.988	1.712
12522	1662.000	-0.323	-0.105	0.000	-25.975	15.493
12538	1662.000	-0.349	-0.503	0.000	-25.787	-24.495
12554	1662.000	-0.293	-0.050	0.000	-25.883	20.931
12570	1662.000	-0.290	-0.219	0.000	-26.352	4.412
12586	1662.000	-0.358	-0.028	0.000	-26.100	23.315
12602	1662.000	-0.333	-0.245	0.000	-26.226	1.728
12618	1662.000	-0.315	-0.471	0.000	-25.991	-21.073
12634	1662.000	-0.296	-0.190	0.000	-25.540	6.557
12650	1662.000	-0.304	-0.249	0.000	-25.833	0.892
12666	1662.000	-0.324	-0.292	0.000	-25.542	-3.660
12682	1662.000	-0.327	-0.198	0.000	-25.546	5.726
12698	1662.000	-0.334	-0.017	0.000	-26.081	24.414
12714	1662.000	-0.404	-0.366	0.000	-25.652	-10.970
12730	1662.000	-0.349	-0.473	0.000	-25.540	-21.800
12746	1662.000	-0.320	-0.498	0.000	-25.657	-24.128
12762	1662.000	-0.403	-0.369	0.000	-26.248	-10.679
12778	1662.000	-0.319	-0.291	0.000	-25.540	-3.569
12794	1662.000	-0.322	-0.478	0.000	-25.540	-22.289
12810	1662.000	-0.428	-0.467	0.000	-26.547	-20.167
12826	1662.000	-0.313	-0.061	0.000	-25.550	19.421
12842	1662.000	-0.314	-0.201	0.000	-25.549	5.408
12858	1662.000	-0.328	-0.271	0.000	-26.113	-0.970
12874	1662.000	-0.291	-0.409	0.000	-25.683	-15.187
12890	1662.000	-0.320	-0.478	0.000	-26.085	-21.741
12906	1662.000	-0.312	-0.087	0.000	-26.104	17.427
12922	1662.000	-0.340	-0.292	0.000	-26.078	-3.141
12938	1662.000	-0.343	-0.193	0.000	-26.001	6.673
12954	1662.000	-0.318	-0.326	0.000	-25.977	-6.607
12970	1662.000	-0.367	-0.310	0.000	-25.778	-5.174
12986	1662.000	-0.335	-0.355	0.000	-25.553	-9.925
13002	1662.000	-0.356	-0.073	0.000	-26.514	19.198
13018	1662.000	-0.369	-0.441	0.000	-26.147	-17.917
13034	1662.000	-0.338	-0.504	0.000	-25.548	-24.825
13050	1662.000	-0.305	-0.322	0.000	-25.662	-6.498
13066	1662.000	-0.279	-0.211	0.000	-26.094	4.971
13082	1662.000	-0.331	-0.127	0.000	-25.715	12.998
13098	1662.000	-0.319	-0.094	0.000	-25.987	16.592
13114	1662.000	-0.348	-0.068	0.000	-25.706	18.901
13130	1662.000	-0.357	-0.287	0.000	-26.015	-2.714
13770	1662.000	-1.021	-0.787	0.000	-82.252	3.505
13786	1662.000	-0.932	-0.736	0.000	-80.602	6.973
13802	1662.000	-1.052	-0.669	0.000	-82.215	15.361
13818	1662.000	-0.761	-0.724	0.000	-81.411	9.038
13834	1662.000	-0.997	-0.568	0.000	-80.602	23.818
13850	1662.000	-1.049	-0.712	0.000	-82.220	11.016
13866	1662.000	-1.034	-0.793	0.000	-81.411	2.080
13882	1662.000	-0.980	-0.766	0.000	-80.561	3.938
13898	1662.000	-0.938	-0.751	0.000	-80.561	5.505
13914	1662.000	-0.898	-0.865	0.000	-80.608	-5.865
13930	1662.000	-1.099	-0.768	0.000	-84.462	7.701
13946	1662.000	-1.057	-1.055	0.000	-80.561	-24.952
13962	1662.000	-1.072	-0.921	0.000	-83.613	-8.446
13978	1662.000	-1.065	-0.760	0.000	-84.637	8.670
13994	1662.000	-1.030	-0.760	0.000	-82.886	6.892
14010	1662.000	-0.969	-0.839	0.000	-81.687	-2.175
14026	1662.000	-1.059	-0.952	0.000	-81.261	-13.978
14042	1662.000	-1.047	-0.834	0.000	-81.464	-1.967
14058	1662.000	-1.071	-0.957	0.000	-80.561	-15.089
14074	1662.000	-1.009	-0.993	0.000	-80.586	-18.699
14090	1662.000	-0.979	-0.990	0.000	-80.561	-18.403
14106	1662.000	-0.828	-1.035	0.000	-80.578	-22.915
14122	1662.000	-1.014	-0.951	0.000	-81.610	-13.453
14138	1662.000	-1.008	-0.674	0.000	-80.579	13.183
14154	1662.000	-1.040	-1.055	0.000	-80.561	-24.958
14170	1662.000	-1.010	-0.812	0.000	-81.576	0.407
14186	1662.000	-0.852	-0.622	0.000	-82.681	20.451
14202	1662.000	-0.956	-0.789	0.000	-80.561	1.701
14218	1662.000	-1.018	-0.955	0.000	-80.989	-14.522
14234	1662.000	-0.948	-0.611	0.000	-81.351	20.225
14250	1662.000	-1.048	-0.883	0.000	-82.018	-6.306
14266	1662.000	-1.038	-0.913	0.000	-80.980	-10.320
14282	1662.000	-0.975	-0.880	0.000	-80.561	-7.469
14298	1662.000	-1.058	-0.809	0.000	-84.274	3.346
14314	1662.000	-1.000	-0.675	0.000	-80.561	13.035
14330	1662.000	-0.965	-0.707	0.000	-80.608	9.863
14346	1662.000	-1.058	-0.856	0.000	-82.356	-3.287
14362	1662.000	-0.966	-0.651	0.000	-80.561	15.511
14378	1662.000	-1.019	-0.812	0.000	-80.578	-0.585
10	1663.000	-0.962	-0.781	0.000	-78.180	0.071
26	1663.000	-0.922	-0.643	0.000	-75.349	11.033
42	1663.000	-1.011	-0.702	0.000	-77.899	7.712
58	1663.000	-1.030	-1.003	0.000	-78.360	-21.943
74	1663.000	-0.951	-0.564	0.000	-75.349	18.945
90	1663.000	-0.983	-0.988	0.000	-76.270	-22.496
106	1663.000	-1.031	-1.011	0.000	-77.758	-23.303
122	1663.000	-0.954	-0.868	0.000	-75.679	-11.155
138	1663.000	-0.843	-0.528	0.000	-75.462	22.645
154	1663.000	-0.897	-0.530	0.000	-75.357	22.356
170	1663.000	-0.070	4.406	0.000	-77.987	18.626
186	1663.000	-0.910	-0.986	0.000	-75.349	-23.254
202	1663.000	-0.916	-0.638	0.000	-75.349	11.576
218	1663.000	-0.966	-0.559	0.000	-80.228	24.324
234	1663.000	-0.988	-0.849	0.000	-75.365	-9.583
250	1663.000	-0.905	-0.804	0.000	-75.349	-5.076
266	1663.000	-0.984	-0.787	0.000	-75.699	-2.980
282	1663.000	-0.936	-0.718	0.000	-75.349	3.567
298	1663.000	-0.890	-0.764	0.000	-75.349	-1.097
314	1663.000	-0.986	-0.838	0.000	-75.349	-8.479
330	1663.000	-0.981	-0.911	0.000	-76.053	-15.058
346	1663.000	-0.989	-0.674	0.000	-75.349	7.961
362	1663.000	-1.001	-0.964	0.000	-76.448	-19.903
378	1663.000	-0.929	-0.685	0.000	-78.654	10.154
394	1663.000	-0.950	-0.952	0.000	-76.380	-18.827
410	1663.000	-0.970	-0.849	0.000	-77.278	-7.601
426	1663.000	-0.960	-0.804	0.000	-76.573	-3.781
442	1663.000	-1.020	-0.799	0.000	-77.784	-2.117
458	1663.000	-0.939	-0.845	0.000	-75.349	-9.124
474	1663.000	-0.936	-0.595	0.000	-75.372	15.823
490	1663.000	-0.937	-0.813	0.000	-75.743	-5.601
506	1663.000	-0.897	-0.939	0.000	-75.349	-18.548
522	1663.000	0.003	4.122	0.000	-75.372	-12.462
538	1663.000	-0.897	-0.531	0.000	-75.365	22.298
554	1663.000	-1.010	-0.874	0.000	-75.382	-12.005
570	1663.000	-0.927	-0.693	0.000	-75.349	6.093
586	1663.000	-1.059	-0.737	0.000	-77.610	3.870
602	1663.000	-0.656	-0.567	0.000	-75.357	18.644
618	1663.000	-0.984	-0.826	0.000	-77.127	-5.514
1258	1663.000	-0.286	-0.344	0.000	-23.959	-10.426
1274	1663.000	-0.323	-0.335	0.000	-24.174	-9.331
1290	1663.000	-0.324	-0.339	0.000	-23.805	-10.134
1306	1663.000	-0.308	-0.312	0.000	-23.764	-7.420
1322	1663.000	-0.288	-0.341	0.000	-23.844	-10.299
1338	1663.000	-0.265	-0.128	0.000	-24.090	11.280
1354	1663.000	-0.322	-0.289	0.000	-23.567	-5.314
1370	1663.000	-0.327	-0.244	0.000	-23.934	-0.467
1386	1663.000	-0.313	-0.188	0.000	-23.930	5.159
1402	1663.000	-0.311	-0.397	0.000	-23.630	-16.046
1418	1663.000	-0.275	-0.246	0.000	-23.559	-0.994
1434	1663.000	-0.316	-0.126	0.000	-23.737	11.124
1450	1663.000	-0.333	-0.122	0.000	-23.829	11.614
1466	1663.000	-0.335	-0.225	0.000	-23.778	1.235
1482	1663.000	-0.255	-0.022	0.000	-23.737	21.493
1498	1663.000	-0.319	-0.341	0.000	-23.742	-10.320
1514	1663.000	-0.305	-0.210	0.000	-23.563	2.562
1530	1663.000	-0.301	-0.296	0.000	-23.561	-6.088
1546	1663.000	-0.297	-0.159	0.000	-23.716	7.854
1562	1663.000	-0.270	-0.149	0.000	-24.233	9.376
1578	1663.000	-0.296	-0.137	0.000	-23.880	10.172
1594	1663.000	-0.283	-0.394	0.000	-23.785	-15.567
1610	1663.000	-0.370	-0.406	0.000	-24.104	-16.475
1626	1663.000	-0.301	-0.471	0.000	-24.003	-23.091
1642	1663.000	-0.267	-0.374	0.000	-23.846	-13.505
1658	1663.000	-0.360	-0.401	0.000	-23.850	-16.246
1674	1663.000	-0.297	-0.152	0.000	-23.839	8.682
1690	1663.000	-0.312	-0.214	0.000	-24.465	3.095
1706	1663.000	-0.285	-0.376	0.000	-23.639	-13.930
1722	1663.000	-0.259	-0.406	0.000	-23.680	-16.936
1738	1663.000	-0.279	-0.368	0.000	-23.784	-13.063
1754	1663.000	-0.302	-0.351	0.000	-23.565	-11.533
1770	1663.000	-0.335	-0.304	0.000	-23.716	-6.703
1786	1663.000	-0.293	-0.137	0.000	-23.641	9.967
1802	1663.000	-0.313	-0.467	0.000	-23.703	-22.967
1818	1663.000	-0.274	0.007	0.000	-24.094	24.807
1834	1663.000	-0.303	-0.099	0.000	-23.975	14.063
1850	1663.000	-0.283	-0.095	0.000	-24.493	15.036
1866	1663.000	-0.356	-0.431	0.000	-24.537	-18.534
2506	1663.000	-0.320	-0.083	0.000	-32.114	23.844
2522	1663.000	-0.396	-0.475	0.000	-32.415	-15.104
2538	1663.000	-0.362	-0.490	0.000	-31.858	-17.162
2554	1663.000	-0.434	-0.460	0.000	-32.063	-13.909
2570	1663.000	-0.405	-0.071	0.000	-31.965	24.909
2586	1663.000	-0.345	-0.428	0.000	-31.625	-11.199
2602	1663.000	-0.412	-0.479	0.000	-32.217	-15.655
2618	1663.000	-0.411	-0.501	0.000	-32.273	-17.841
2634	1663.000	-0.421	-0.379	0.000	-31.627	-6.283
2650	1663.000	-0.385	-0.277	0.000	-31.747	4.042
2666	1663.000	-0.395	-0.336	0.000	-32.276	-1.306
2682	1663.000	-0.405	-0.176	0.000	-31.936	14.344
2698	1663.000	-0.396	-0.496	0.000	-31.854	-17.728
2714	1663.000	-0.429	-0.449	0.000	-32.212	-12.708
2730	1663.000	-0.383	-0.490	0.000	-31.546	-17.481
2746	1663.000	-0.391	-0.440	0.000	-32.432	-11.526
2762	1663.000	-0.403	-0.452	0.000	-31.900	-13.267
2778	1663.000	-0.448	-0.534	0.000	-31.546	-21.850
2794	1663.000	-0.427	-0.538	0.000	-31.859	-21.933
2810	1663.000	-0.393	-0.271	0.000	-31.621	4.535
2826	1663.000	-0.357	-0.283	0.000	-31.763	3.459
2842	1663.000	-0.368	-0.437	0.000	-31.594	-12.132
2858	1663.000	-0.390	-0.324	0.000	-32.011	-0.424
2874	1663.000	-0.332	-0.071	0.000	-31.550	24.424
2890	1663.000	-0.423	-0.572	0.000	-32.364	-24.812
2906	1663.000	-0.292	-0.118	0.000	-31.985	20.168
2922	1663.000	-0.429	-0.250	0.000	-31.642	6.645
2938	1663.000	-0.466	-0.554	0.000	-32.275	-23.108
2954	1663.000	-0.410	-0.439	0.000	-31.780	-12.099
2970	1663.000	-0.450	-0.563	0.000	-31.807	-24.536
2986	1663.000	-0.493	-0.565	0.000	-32.940	-23.605
3002	1663.000	-0.368	-0.442	0.000	-31.787	-12.439
3018	1663.000	-0.409	-0.413	0.000	-31.721	-9.555
3034	1663.000	-0.421	-0.239	0.000	-31.990	8.137
3050	1663.000	-0.355	-0.318	0.000	-31.550	-0.213
3066	1663.000	-0.429	-0.294	0.000	-31.947	2.499
3082	1663.000	-0.385	-0.381	0.000	-32.225	-5.923
3098	1663.000	-0.373	-0.374	0.000	-32.042	-5.349
3114	1663.000	-0.411	-0.187	0.000	-32.053	13.318
3770	1663.000	-0.416	-0.365	0.000	-31.515	-5.029
3786	1663.000	-0.389	-0.316	0.000	-31.417	-0.158
3802	1663.000	-0.417	-0.306	0.000	-31.725	1.119
3818	1663.000	-0.414	-0.366	0.000	-31.786	-4.806
3834	1663.000	-0.387	-0.153	0.000	-31.474	16.162
3850	1663.000	-0.351	-0.260	0.000	-31.394	5.349
3866	1663.000	-0.453	-0.210	0.000	-31.683	10.732
3882	1663.000	-0.409	-0.516	0.000	-31.453	-20.116
3898	1663.000	-0.388	-0.516	0.000	-31.300	-20.272
3914	1663.000	-0.412	-0.174	0.000	-32.005	14.594
3930	1663.000	-0.400	-0.543	0.000	-31.736	-22.586
3946	1663.000	-0.397	-0.220	0.000	-31.599	9.613
3962	1663.000	-0.409	-0.328	0.000	-31.829	-0.999
3978	1663.000	-0.397	-0.345	0.000	-31.496	-3.003
3994	1663.000	-0.373	-0.121	0.000	-32.262	20.182
4010	1663.000	-0.426	-0.523	0.000	-31.550	-20.743
4026	1663.000	-0.380	-0.115	0.000	-31.552	20.080
4042	1663.000	-0.442	-0.495	0.000	-31.398	-18.092
4058	1663.000	-0.360	-0.539	0.000	-31.455	-22.467
4074	1663.000	-0.414	-0.475	0.000	-31.644	-15.858
4090	1663.000	-0.372	-0.293	0.000	-31.146	1.853
4106	1663.000	-0.355	-0.089	0.000	-31.455	22.595
4122	1663.000	-0.381	-0.462	0.000	-32.189	-14.039
4138	1663.000	-0.368	-0.330	0.000	-31.607	-1.382
4154	1663.000	-0.412	-0.409	0.000	-31.324	-9.612
4170	1663.000	-0.425	-0.473	0.000	-31.520	-15.768
4186	1663.000	-0.417	-0.393	0.000	-31.259	-8.061
4202	1663.000	-0.342	-0.120	0.000	-31.577	19.613
4218	1663.000	-0.375	-0.160	0.000	-31.138	15.155
4234	1663.000	-0.395	-0.450	0.000	-31.140	-13.832
4250	1663.000	-0.359	-0.152	0.000	-31.795	16.601
4266	1663.000	-0.396	-0.198	0.000	-31.296	11.537
4282	1663.000	-0.419	-0.405	0.000	-31.215	-9.243
4298	1663.000	-0.455	-0.401	0.000	-31.969	-8.120
4314	1663.000	-0.361	-0.270	0.000	-31.364	4.383
4330	1663.000	-0.355	-0.394	0.000	-31.135	-8.220
4346	1663.000	-0.458	-0.510	0.000	-31.503	-19.526
4362	1663.000	-0.362	-0.107	0.000	-31.531	20.796
4378	1663.000	-0.385	-0.128	0.000	-31.135	18.346
5018	1663.000	-0.301	-0.377	0.000	-22.802	-14.852
5034	1663.000	-0.316	-0.316	0.000	-22.567	-8.994
5050	1663.000	-0.297	-0.048	0.000	-22.470	17.651
5066	1663.000	-0.259	-0.016	0.000	-22.688	21.051
5082	1663.000	-0.253	-0.250	0.000	-22.726	-2.255
5098	1663.000	-0.258	-0.229	0.000	-22.550	-0.317
5114	1663.000	-0.319	-0.461	0.000	-22.975	-23.151
5130	1663.000	-0.258	-0.160	0.000	-22.577	6.597
5146	1663.000	-0.263	-0.187	0.000	-22.703	3.969
5162	1663.000	-0.303	-0.471	0.000	-23.069	-24.056
5178	1663.000	-0.312	-0.363	0.000	-22.678	-13.628
5194	1663.000	-0.282	-0.226	0.000	-22.692	0.081
5210	1663.000	-0.289	-0.091	0.000	-23.263	14.153
5226	1663.000	-0.252	-0.054	0.000	-22.853	17.439
5242	1663.000	-0.252	-0.204	0.000	-22.787	2.361
5258	1663.000	-0.342	-0.369	0.000	-22.548	-14.352
5274	1663.000	-0.257	-0.034	0.000	-22.864	19.422
5290	1663.000	-0.268	-0.270	0.000	-23.108	-3.888
5306	1663.000	-0.280	-0.356	0.000	-22.990	-12.561
5322	1663.000	-0.330	-0.326	0.000	-22.800	-9.793
5338	1663.000	-0.216	-0.024	0.000	-22.478	20.089
5354	1663.000	-0.326	-0.364	0.000	-23.274	-13.136
5370	1663.000	-0.317	-0.447	0.000	-22.917	-21.773
5386	1663.000	-0.362	-0.454	0.000	-22.478	-22.943
5402	1663.000	-0.333	-0.393	0.000	-23.611	-15.679
5418	1663.000	-0.346	-0.452	0.000	-22.641	-22.534
5434	1663.000	-0.274	-0.049	0.000	-22.472	17.544
5450	1663.000	-0.264	-0.315	0.000	-23.006	-8.461
5466	1663.000	-0.249	-0.092	0.000	-22.518	13.315
5482	1663.000	-0.226	-0.146	0.000	-22.469	7.911
5498	1663.000	-0.273	-0.204	0.000	-22.639	2.247
5514	1663.000	-0.284	-0.210	0.000	-22.512	1.556
5530	1663.000	-0.235	0.007	0.000	-22.639	23.306
5546	1663.000	-0.234	-0.060	0.000	-22.569	16.551
5562	1663.000	-0.292	-0.252	0.000	-22.471	-2.707
5578	1663.000	-0.280	0.012	0.000	-22.817	24.038
5594	1663.000	-0.284	-0.327	0.000	-22.687	-10.005
5610	1663.000	-0.280	-0.380	0.000	-22.479	-15.528
5626	1663.000	-0.250	-0.021	0.000	-22.472	20.382
6266	1663.000	-0.953	-0.775	0.000	-78.369	0.857
6282	1663.000	-0.971	-0.763	0.000	-78.030	1.733
6298	1663.000	-0.972	-0.743	0.000	-78.005	3.675
6314	1663.000	-0.946	-0.969	0.000	-78.015	-18.876
6330	1663.000	-0.957	-0.947	0.000	-78.013	-16.646
6346	1663.000	-0.996	-0.677	0.000	-78.697	10.951
6362	1663.000	-0.924	-0.567	0.000	-77.998	21.299
6378	1663.000	-0.998	-0.997	0.000	-77.998	-21.748
6394	1663.000	-1.053	-0.805	0.000	-80.580	0.032
6410	1663.000	-0.995	-0.649	0.000	-79.459	14.586
6426	1663.000	-0.957	-0.744	0.000	-78.007	3.570
6442	1663.000	-1.041	-0.856	0.000	-81.321	-4.313
6458	1663.000	-1.049	-0.946	0.000	-80.166	-14.408
6474	1663.000	-0.992	-0.800	0.000	-77.998	-2.032
6490	1663.000	-0.968	-0.652	0.000	-78.687	13.525
6506	1663.000	-0.940	-0.725	0.000	-78.386	5.935
6522	1663.000	-0.934	-0.669	0.000	-78.893	11.961
6538	1663.000	-0.922	-0.897	0.000	-77.998	-11.717
6554	1663.000	-0.899	-0.608	0.000	-78.040	17.238
6570	1663.000	-0.947	-0.617	0.000	-78.902	17.240
6586	1663.000	-0.975	-0.943	0.000	-78.000	-16.299
6602	1663.000	-0.938	-0.659	0.000	-78.368	12.467
6618	1663.000	-1.018	-0.904	0.000	-78.030	-12.387
6634	1663.000	-1.003	-1.013	0.000	-78.913	-22.359
6650	1663.000	-0.975	-0.664	0.000	-78.999	12.605
6666	1663.000	-0.979	-0.953	0.000	-78.687	-16.606
6682	1663.000	-1.014	-0.981	0.000	-79.289	-18.846
6698	1663.000	-0.994	-1.012	0.000	-78.011	-23.158
6714	1663.000	-0.971	-0.559	0.000	-78.043	22.125
6730	1663.000	-1.006	-0.871	0.000	-79.024	-8.105
6746	1663.000	-0.981	-0.864	0.000	-77.998	-8.380
6762	1663.000	-0.950	-0.583	0.000	-77.998	19.748
6778	1663.000	-0.998	-0.635	0.000	-80.878	17.349
6794	1663.000	-0.055	4.378	0.000	-78.776	16.572
6810	1663.000	-0.932	-0.649	0.000	-77.998	13.117
6826	1663.000	-0.993	-0.750	0.000	-79.395	4.404
6842	1663.000	-0.537	-0.874	0.000	-80.098	-7.291
6858	1663.000	-0.909	-0.560	0.000	-78.014	21.996
6874	1663.000	-1.003	-0.783	0.000	-79.895	1.576
7514	1663.000	-0.989	-0.928	0.000	-75.665	-17.163
7530	1663.000	-0.900	-0.921	0.000	-75.250	-16.859
7546	1663.000	-0.902	-0.794	0.000	-75.274	-4.079
7562	1663.000	-0.896	-0.699	0.000	-76.744	6.891
7578	1663.000	-0.950	-0.860	0.000	-75.235	-10.723
7594	1663.000	-0.969	-0.813	0.000	-75.953	-5.376
7610	1663.000	-0.975	-0.875	0.000	-75.920	-11.539
7626	1663.000	-0.959	-0.725	0.000	-76.498	3.960
7642	1663.000	-0.921	-0.551	0.000	-75.269	20.182
7658	1663.000	-0.943	-0.711	0.000	-76.113	5.041
7674	1663.000	-0.913	-0.570	0.000	-75.277	18.277
7690	1663.000	-0.985	-0.617	0.000	-78.523	16.857
7706	1663.000	-0.802	-0.703	0.000	-75.258	4.923
7722	1663.000	-0.891	-0.710	0.000	-75.250	4.264
7738	1663.000	-0.488	4.129	1.000	-77.786	-9.309
7754	1663.000	-1.028	-0.923	0.000	-76.194	-16.076
7770	1663.000	-0.932	-0.550	0.000	-75.314	20.294
7786	1663.000	-0.928	-0.870	0.000	-75.235	-11.786
7802	1663.000	-0.947	-0.683	0.000	-77.594	9.311
7818	1663.000	-0.955	-0.811	0.000	-75.521	-5.620
7834	1663.000	-0.632	-0.805	0.000	-76.695	-3.764
7850	1663.000	-0.790	-0.963	0.000	-76.015	-20.285
7866	1663.000	-0.989	-0.641	0.000	-75.256	11.196
7882	1663.000	-0.963	-0.837	0.000	-75.235	-8.498
7898	1663.000	-0.979	-0.810	0.000	-76.977	-4.064
7914	1663.000	-0.927	-0.939	0.000	-75.235	-18.619
7930	1663.000	-0.963	-0.535	0.000	-75.235	21.707
7946	1663.000	-0.906	-0.549	0.000	-75.835	20.922
7962	1663.000	-0.997	-0.952	0.000	-76.714	-18.531
7978	1663.000	-0.947	-0.837	0.000	-75.276	-8.459
7994	1663.000	-0.939	-0.647	0.000	-75.540	10.872
8010	1663.000	-0.928	-0.624	0.000	-75.250	12.831
8026	1663.000	-0.956	-0.843	0.000	-75.278	-8.977
8042	1663.000	-0.852	-0.923	0.000	-78.107	-14.241
8058	1663.000	-0.920	-0.692	0.000	-75.235	6.026
8074	1663.000	-0.903	-0.984	0.000	-76.676	-21.772
8090	1663.000	-0.984	-0.602	0.000	-77.635	17.400
8106	1663.000	-0.039	4.039	0.000	-75.242	-20.890
8122	1663.000	-0.974	-0.822	0.000	-76.683	-5.553
8762	1663.000	-0.383	-0.471	0.000	-26.223	-20.828
8778	1663.000	-0.307	-0.159	0.000	-26.162	10.255
8794	1663.000	-0.303	-0.232	0.000	-26.064	2.866
8810	1663.000	-0.308	-0.125	0.000	-26.287	13.765
8826	1663.000	-0.294	-0.508	0.000	-26.305	-24.458
8842	1663.000	-0.394	-0.177	0.000	-26.530	8.802
8858	1663.000	-0.332	-0.100	0.000	-26.469	16.473
8874	1663.000	-0.299	-0.146	0.000	-26.363	11.771
8890	1663.000	-0.282	-0.210	0.000	-26.716	5.737
8906	1663.000	-0.262	-0.157	0.000	-26.459	10.768
8922	1663.000	-0.336	-0.251	0.000	-26.881	1.741
8938	1663.000	-0.350	-0.308	0.000	-26.210	-4.544
8954	1663.000	-0.387	-0.130	0.000	-26.293	13.275
8970	1663.000	-0.347	-0.240	0.000	-26.554	2.524
8986	1663.000	-0.360	-0.088	0.000	-26.067	17.231
9002	1663.000	-0.353	-0.461	0.000	-26.440	-19.671
9018	1663.000	-0.347	-0.236	0.000	-26.803	3.154
9034	1663.000	-0.316	-0.199	0.000	-26.353	6.443
9050	1663.000	-0.331	-0.169	0.000	-26.738	9.862
9066	1663.000	-0.251	-0.240	0.000	-26.758	2.803
9082	1663.000	-0.310	-0.156	0.000	-26.518	10.964
9098	1663.000	-0.401	-0.050	0.000	-26.994	21.995
9114	1663.000	-0.329	-0.406	0.000	-26.148	-14.415
9130	1663.000	-0.309	-0.396	0.000	-26.066	-13.577
9146	1663.000	-0.306	-0.051	0.000	-27.154	22.067
9162	1663.000	-0.285	-0.257	0.000	-26.064	0.386
9178	1663.000	-0.301	-0.116	0.000	-26.068	14.505
9194	1663.000	-0.288	-0.042	0.000	-26.569	22.345
9210	1663.000	-0.330	-0.369	0.000	-26.274	-10.618
9226	1663.000	-0.340	-0.394	0.000	-26.254	-13.185
9242	1663.000	-0.272	-0.507	0.000	-26.393	-24.317
9258	1663.000	-0.335	-0.092	0.000	-26.143	16.926
9274	1663.000	-0.324	-0.476	0.000	-26.173	-21.476
9290	1663.000	-0.363	-0.129	0.000	-26.372	13.462
9306	1663.000	-0.289	-0.073	0.000	-26.189	18.921
9322	1663.000	-0.336	-0.117	0.000	-26.261	14.521
9338	1663.000	-0.362	-0.443	0.000	-26.226	-18.028
9354	1663.000	-0.331	-0.222	0.000	-26.176	3.926
9370	1663.000	-0.375	-0.335	0.000	-26.137	-7.338
10026	1663.000	-0.372	-0.083	0.000	-31.313	22.992
10042	1663.000	-0.362	-0.095	0.000	-31.451	21.944
10058	1663.000	-0.410	-0.327	0.000	-31.263	-1.398
10074	1663.000	-0.368	-0.114	0.000	-31.533	20.147
10090	1663.000	-0.428	-0.354	0.000	-31.557	-3.837
10106	1663.000	-0.357	-0.254	0.000	-31.398	5.959
10122	1663.000	-0.469	-0.524	0.000	-32.106	-20.247
10138	1663.000	-0.333	-0.396	0.000	-31.445	-8.202
10154	1663.000	-0.400	-0.269	0.000	-31.445	4.546
10170	1663.000	-0.336	-0.205	0.000	-32.119	11.621
10186	1663.000	-0.370	-0.364	0.000	-31.230	-5.162
10202	1663.000	-0.438	-0.421	0.000	-31.780	-10.278
10218	1663.000	-0.325	-0.069	0.000	-31.319	24.419
10234	1663.000	-0.399	-0.222	0.000	-31.225	9.024
10250	1663.000	-0.430	-0.103	0.000	-31.703	21.426
10266	1663.000	-0.361	-0.424	0.000	-31.460	-10.984
10282	1663.000	-0.400	-0.381	0.000	-31.526	-6.566
10298	1663.000	-0.404	-0.273	0.000	-31.422	4.090
10314	1663.000	-0.390	-0.391	0.000	-31.439	-7.683
10330	1663.000	-0.420	-0.318	0.000	-31.709	-0.099
10346	1663.000	-0.379	-0.463	0.000	-31.622	-14.705
10362	1663.000	-0.393	-0.149	0.000	-31.789	16.920
10378	1663.000	-0.440	-0.291	0.000	-31.670	2.604
10394	1663.000	-0.400	-0.210	0.000	-31.888	10.884
10410	1663.000	-0.386	-0.424	0.000	-31.897	-10.517
10426	1663.000	-0.402	-0.492	0.000	-31.819	-17.405
10442	1663.000	-0.392	-0.365	0.000	-31.692	-4.829
10458	1663.000	-0.411	-0.549	0.000	-31.738	-23.113
10474	1663.000	-0.419	-0.502	0.000	-31.330	-18.892
10490	1663.000	-0.352	-0.470	0.000	-31.423	-15.551
10506	1663.000	-0.384	-0.143	0.000	-31.613	17.343
10522	1663.000	-0.390	-0.440	0.000	-31.932	-12.052
10538	1663.000	-0.381	-0.419	0.000	-31.905	-10.021
10554	1663.000	-0.398	-0.401	0.000	-31.592	-8.541
10570	1663.000	-0.377	-0.494	0.000	-31.996	-17.444
10586	1663.000	-0.396	-0.161	0.000	-31.676	15.574
10602	1663.000	-0.287	-0.197	0.000	-31.468	11.766
10618	1663.000	-0.355	-0.162	0.000	-31.229	15.071
10634	1663.000	-0.431	-0.523	0.000	-31.235	-21.098
11274	1663.000	-0.338	-0.261	0.000	-30.904	4.829
11290	1663.000	-0.370	-0.348	0.000	-30.595	-4.165
11306	1663.000	-0.342	-0.063	0.000	-30.672	24.329
11322	1663.000	-0.417	-0.422	0.000	-31.745	-10.463
11338	1663.000	-0.395	-0.261	0.000	-30.518	4.445
11354	1663.000	-0.403	-0.503	0.000	-30.765	-19.541
11370	1663.000	-0.368	-0.125	0.000	-31.316	18.863
11386	1663.000	-0.392	-0.538	0.000	-30.519	-23.266
11402	1663.000	-0.459	-0.428	0.000	-31.118	-11.648
11418	1663.000	-0.351	-0.506	0.000	-30.901	-19.658
11434	1663.000	-0.360	-0.180	0.000	-30.669	12.663
11450	1663.000	-0.424	-0.218	0.000	-30.590	8.832
11466	1663.000	-0.391	-0.252	0.000	-30.751	5.552
11482	1663.000	-0.395	-0.440	0.000	-31.354	-12.683
11498	1663.000	-0.366	-0.467	0.000	-30.787	-15.934
11514	1663.000	-0.400	-0.186	0.000	-30.688	12.071
11530	1663.000	-0.401	-0.178	0.000	-31.087	13.313
11546	1663.000	-0.445	-0.444	0.000	-31.379	-13.052
11562	1663.000	-0.349	-0.300	0.000	-30.518	0.508
11578	1663.000	-0.361	-0.161	0.000	-30.703	14.647
11594	1663.000	-0.415	-0.382	0.000	-30.863	-7.323
11610	1663.000	-0.429	-0.497	0.000	-30.616	-19.104
11626	1663.000	-0.432	-0.502	0.000	-31.536	-18.638
11642	1663.000	-0.400	-0.522	0.000	-30.711	-21.454
11658	1663.000	-0.350	-0.203	0.000	-30.805	10.463
11674	1663.000	-0.381	-0.250	0.000	-31.800	6.751
11690	1663.000	-0.338	-0.374	0.000	-30.575	-6.852
11706	1663.000	-0.380	-0.312	0.000	-31.108	-0.091
11722	1663.000	-0.406	-0.462	0.000	-30.697	-15.507
11738	1663.000	-0.402	-0.314	0.000	-30.522	-0.872
11754	1663.000	-0.392	-0.236	0.000	-30.612	7.032
11770	1663.000	-0.319	-0.111	0.000	-30.920	19.781
11786	1663.000	-0.400	-0.237	0.000	-30.569	6.860
11802	1663.000	-0.434	-0.403	0.000	-30.676	-9.673
11818	1663.000	-0.378	-0.228	0.000	-31.084	8.321
11834	1663.000	-0.395	-0.123	0.000	-30.539	18.288
11850	1663.000	-0.398	-0.327	0.000	-30.672	-2.006
11866	1663.000	-0.423	-0.374	0.000	-30.850	-6.507
11882	1663.000	-0.345	-0.261	0.000	-30.673	4.567
12522	1663.000	-0.326	-0.451	0.000	-24.892	-20.167
12538	1663.000	-0.309	-0.177	0.000	-24.721	6.986
12554	1663.000	-0.281	-0.339	0.000	-24.808	-9.137
12570	1663.000	-0.321	-0.443	0.000	-25.232	-19.046
12586	1663.000	-0.360	-0.311	0.000	-25.005	-6.073
12602	1663.000	-0.334	-0.228	0.000	-25.118	2.302
12618	1663.000	-0.298	-0.337	0.000	-24.905	-8.834
12634	1663.000	-0.292	-0.488	0.000	-24.498	-24.321
12650	1663.000	-0.311	-0.418	0.000	-24.763	-17.065
12666	1663.000	-0.288	-0.174	0.000	-24.500	7.139
12682	1663.000	-0.305	-0.151	0.000	-24.503	9.355
12698	1663.000	-0.351	-0.368	0.000	-24.987	-11.822
12714	1663.000	-0.403	-0.457	0.000	-24.599	-21.106
12730	1663.000	-0.290	-0.005	0.000	-24.498	24.028
12746	1663.000	-0.299	-0.244	0.000	-24.603	0.230
12762	1663.000	-0.366	-0.041	0.000	-25.139	21.074
12778	1663.000	-0.342	-0.474	0.000	-24.498	-22.860
12794	1663.000	-0.326	-0.430	0.000	-24.498	-18.481
12810	1663.000	-0.400	-0.433	0.000	-25.409	-17.885
12826	1663.000	-0.290	-0.349	0.000	-24.507	-10.411
12842	1663.000	-0.300	-0.371	0.000	-24.506	-12.611
12858	1663.000	-0.331	-0.413	0.000	-25.016	-16.332
12874	1663.000	-0.262	-0.217	0.000	-24.627	2.879
12890	1663.000	-0.318	-0.207	0.000	-24.991	4.339
12906	1663.000	-0.314	-0.253	0.000	-25.008	-0.277
12922	1663.000	-0.347	-0.384	0.000	-24.985	-13.386
12938	1663.000	-0.335	-0.273	0.000	-24.915	-2.373
12954	1663.000	-0.301	-0.236	0.000	-24.893	1.244
12970	1663.000	-0.320	-0.135	0.000	-24.713	11.175
12986	1663.000	-0.292	-0.054	0.000	-24.510	19.091
13002	1663.000	-0.343	-0.312	0.000	-25.379	-5.848
13018	1663.000	-0.372	-0.489	0.000	-25.047	-23.879
13034	1663.000	-0.343	-0.363	0.000	-24.505	-11.823
13050	1663.000	-0.301	-0.259	0.000	-24.608	-1.243
13066	1663.000	-0.282	-0.190	0.000	-24.999	6.049
13082	1663.000	-0.326	-0.478	0.000	-24.656	-23.168
13098	1663.000	-0.295	-0.068	0.000	-24.902	18.150
13114	1663.000	-0.316	-0.033	0.000	-24.647	21.337
13130	1663.000	-0.315	-0.125	0.000	-24.928	12.468
13770	1663.000	-0.988	-0.727	0.000	-78.803	6.130
13786	1663.000	-0.910	-1.014	0.000	-77.310	-24.095
13802	1663.000	-1.000	-0.770	0.000	-78.770	1.780
13818	1663.000	-0.774	-0.956	0.000	-78.043	-17.595
13834	1663.000	-0.953	-0.651	0.000	-77.310	12.193
13850	1663.000	-0.975	-0.658	0.000	-78.774	13.015
13866	1663.000	-0.970	-0.746	0.000	-78.043	3.443
13882	1663.000	-0.942	-0.770	0.000	-77.274	0.308
13898	1663.000	-0.915	-0.921	0.000	-77.274	-14.854
13914	1663.000	-0.899	-0.867	0.000	-77.315	-9.411
13930	1663.000	-1.048	-1.016	0.000	-80.803	-20.782
13946	1663.000	-0.968	-0.590	0.000	-77.274	18.315
13962	1663.000	-1.007	-0.617	0.000	-80.035	18.362
13978	1663.000	-1.033	-0.869	0.000	-80.962	-5.960
13994	1663.000	-0.969	-0.614	0.000	-79.377	17.995
14010	1663.000	-0.930	-0.931	0.000	-78.292	-14.815
14026	1663.000	-1.026	-1.004	0.000	-77.907	-22.457
14042	1663.000	-1.003	-0.946	0.000	-78.090	-16.535
14058	1663.000	-1.014	-0.780	0.000	-77.274	-0.738
14074	1663.000	-0.945	-0.668	0.000	-77.296	10.492
14090	1663.000	-0.930	-0.683	0.000	-77.274	8.977
14106	1663.000	-0.781	-0.529	0.000	-77.289	24.374
14122	1663.000	-0.970	-0.890	0.000	-78.223	-10.731
14138	1663.000	-0.955	-0.525	0.000	-77.289	24.770
14154	1663.000	-0.959	-0.595	0.000	-77.274	17.823
14170	1663.000	-0.957	-0.851	0.000	-78.192	-6.915
14186	1663.000	-0.397	-0.614	0.000	-79.191	17.750
14202	1663.000	-0.910	-0.581	0.000	-77.274	19.136
14218	1663.000	-1.000	-0.823	0.000	-77.661	-4.632
14234	1663.000	-0.956	-0.971	0.000	-77.988	-19.110
14250	1663.000	-1.013	-1.031	0.000	-78.591	-24.464
14266	1663.000	-1.020	-0.930	0.000	-77.653	-15.395
14282	1663.000	-0.945	-0.696	0.000	-77.274	7.641
14298	1663.000	-1.013	-0.648	0.000	-80.633	15.876
14314	1663.000	-0.951	-0.660	0.000	-77.274	11.258
14330	1663.000	-0.917	-0.841	0.000	-77.315	-6.784
14346	1663.000	-1.040	-1.028	0.000	-78.898	-23.887
14362	1663.000	-0.916	-0.805	0.000	-77.274	-3.206
14378	1663.000	-0.969	-0.806	0.000	-77.289	-3.285
10	1664.000	-0.943	-0.751	0.000	-76.176	1.120
26	1664.000	-0.885	-0.780	0.000	-73.615	-4.361
42	1664.000	-0.934	-0.611	0.000	-75.922	14.774
58	1664.000	-0.981	-0.961	0.000	-76.338	-19.741
74	1664.000	-0.929	-0.713	0.000	-73.615	2.311
90	1664.000	-0.950	-0.671	0.000	-74.448	7.386
106	1664.000	-0.937	-0.511	0.000	-75.794	24.673
122	1664.000	-0.911	-0.834	0.000	-73.913	-9.523
138	1664.000	-0.832	-0.972	0.000	-73.716	-23.511
154	1664.000	-0.857	-0.585	0.000	-73.621	15.168
170	1664.000	0.717	4.300	0.000	-76.001	6.009
186	1664.000	-0.837	-0.507	0.000	-73.615	22.897
202	1664.000	-0.858	-0.620	0.000	-73.615	11.566
218	1664.000	-0.941	-1.012	0.000	-78.029	-23.220
234	1664.000	-0.922	-0.735	0.000	-73.628	0.172
250	1664.000	-0.898	-0.948	0.000	-73.615	-21.164
266	1664.000	-0.918	-0.627	0.000	-73.931	11.264
282	1664.000	-0.910	-0.835	0.000	-73.615	-9.875
298	1664.000	-0.849	-0.806	0.000	-73.615	-7.021
314	1664.000	-0.926	-0.744	0.000	-73.615	-0.775
330	1664.000	-0.926	-0.766	0.000	-74.251	-2.390
346	1664.000	-0.918	-0.255	0.055	-73.615	20.609
362	1664.000	-0.985	-0.855	0.000	-74.608	-10.886
378	1664.000	-0.893	-0.813	0.000	-76.605	-4.708
394	1664.000	-0.924	-0.857	0.000	-74.547	-11.106
410	1664.000	-0.888	-0.517	0.000	-75.360	23.697
426	1664.000	-0.887	-0.587	0.000	-74.721	15.984
442	1664.000	-0.976	-0.636	0.004	-77.899	12.340
458	1664.000	-0.388	4.472	1.000	-73.615	20.838
474	1664.000	-0.880	-0.698	0.000	-73.635	3.841
490	1664.000	-0.933	-0.877	0.000	-79.585	-8.144
506	1664.000	-0.887	-0.794	0.000	-73.615	-5.767
522	1664.000	0.801	4.408	0.000	-73.635	14.408
538	1664.000	-0.867	-0.833	0.000	-73.629	-9.673
554	1664.000	-0.953	-0.797	0.000	-73.644	-6.069
570	1664.000	-0.889	-0.908	0.000	-73.615	-17.185
586	1664.000	-0.997	-0.599	0.000	-75.660	15.751
602	1664.000	-0.683	-0.660	0.000	-73.621	7.586
618	1664.000	-0.962	-0.885	0.000	-75.223	-13.243
1258	1664.000	-0.255	-0.159	0.000	-22.959	7.090
1274	1664.000	-0.310	-0.053	0.000	-23.154	17.807
1290	1664.000	-0.316	-0.155	0.000	-22.820	7.303
1306	1664.000	-0.269	-0.187	0.000	-22.783	4.079
1322	1664.000	-0.242	-0.078	0.000	-22.856	15.022
1338	1664.000	-0.231	-0.151	0.000	-23.078	7.979
1354	1664.000	-0.318	-0.368	0.000	-22.605	-14.205
1370	1664.000	-0.322	-0.165	0.000	-22.937	6.412
1386	1664.000	-0.312	-0.254	0.000	-22.933	-2.481
1402	1664.000	-0.282	-0.012	0.000	-22.662	21.504
1418	1664.000	-0.293	-0.465	0.000	-22.597	-23.922
1434	1664.000	-0.318	-0.430	0.000	-22.759	-20.243
1450	1664.000	-0.335	-0.347	0.000	-22.842	-11.857
1466	1664.000	-0.319	-0.156	0.000	-22.796	7.162
1482	1664.000	-0.258	-0.152	0.000	-22.759	7.562
1498	1664.000	-0.289	0.009	0.000	-22.763	23.629
1514	1664.000	-0.296	-0.386	0.000	-22.601	-16.030
1530	1664.000	-0.286	0.021	0.000	-22.599	24.676
1546	1664.000	-0.270	-0.193	0.000	-22.739	3.450
1562	1664.000	-0.272	-0.320	0.000	-23.207	-8.812
1578	1664.000	-0.302	-0.386	0.000	-22.888	-15.749
1594	1664.000	-0.275	-0.237	0.000	-22.802	-0.896
1610	1664.000	-0.323	-0.032	0.000	-23.091	19.852
1626	1664.000	-0.307	-0.426	0.000	-22.999	-19.563
1642	1664.000	-0.235	-0.156	0.000	-22.857	7.299
1658	1664.000	-0.325	0.006	0.000	-22.861	23.441
1674	1664.000	-0.265	-0.041	0.000	-22.851	18.791
1690	1664.000	-0.329	-0.367	0.000	-23.417	-13.258
1706	1664.000	-0.245	-0.143	0.000	-22.670	8.336
1722	1664.000	-0.271	-0.287	0.000	-22.707	-6.027
1738	1664.000	-0.286	-0.450	0.000	-22.801	-22.242
1754	1664.000	-0.252	0.011	0.000	-22.603	23.699
1770	1664.000	-0.330	-0.393	0.000	-22.740	-16.516
1786	1664.000	-0.287	-0.134	0.000	-22.671	9.277
1802	1664.000	-0.306	-0.341	0.000	-22.728	-11.353
1818	1664.000	-0.244	-0.164	0.000	-23.082	6.648
1834	1664.000	-0.290	-0.054	0.000	-22.974	17.606
1850	1664.000	-0.286	-0.204	0.000	-23.443	3.008
1866	1664.000	-0.322	-0.044	0.000	-23.482	19.054
2506	1664.000	-0.304	-0.331	0.000	-30.773	-2.350
2522	1664.000	-0.397	-0.339	0.000	-31.045	-2.873
2538	1664.000	-0.380	-0.416	0.000	-30.541	-11.088
2554	1664.000	-0.422	-0.481	0.000	-30.726	-17.393
2570	1664.000	-0.404	-0.321	0.000	-30.637	-1.497
2586	1664.000	-0.356	-0.342	0.000	-30.330	-3.870
2602	1664.000	-0.387	-0.374	0.000	-30.866	-6.525
2618	1664.000	-0.394	-0.279	0.000	-30.917	3.015
2634	1664.000	-0.393	-0.312	0.000	-30.332	-0.894
2650	1664.000	-0.377	-0.493	0.000	-30.441	-18.906
2666	1664.000	-0.417	-0.475	0.000	-30.919	-16.599
2682	1664.000	-0.367	-0.072	0.000	-30.611	23.460
2698	1664.000	-0.380	-0.444	0.000	-30.537	-13.842
2714	1664.000	-0.410	-0.189	0.000	-30.861	11.935
2730	1664.000	-0.398	-0.479	0.000	-30.259	-17.633
2746	1664.000	-0.370	-0.067	0.000	-31.060	24.334
2762	1664.000	-0.375	-0.104	0.000	-30.579	20.131
2778	1664.000	-0.414	-0.096	0.000	-30.259	20.697
2794	1664.000	-0.419	-0.498	0.000	-30.542	-19.302
2810	1664.000	-0.366	-0.239	0.000	-30.327	6.447
2826	1664.000	-0.377	-0.442	0.000	-30.455	-13.759
2842	1664.000	-0.337	-0.125	0.000	-30.302	17.759
2858	1664.000	-0.383	-0.426	0.000	-30.679	-11.887
2874	1664.000	-0.338	-0.551	0.000	-30.262	-24.801
2890	1664.000	-0.372	-0.079	0.018	-30.999	13.955
2906	1664.000	-0.267	-0.170	0.000	-30.656	13.615
2922	1664.000	-0.426	-0.458	0.000	-30.345	-15.475
2938	1664.000	-0.436	-0.490	0.000	-30.918	-18.045
2954	1664.000	-0.403	-0.338	0.000	-30.470	-3.351
2970	1664.000	-0.434	-0.349	0.000	-30.494	-4.444
2986	1664.000	-0.465	-0.340	0.000	-31.520	-2.449
3002	1664.000	-0.371	-0.320	0.019	-30.477	-10.900
3018	1664.000	-0.387	-0.374	0.000	-30.417	-7.017
3034	1664.000	-0.368	-0.069	0.000	-30.660	23.737
3050	1664.000	-0.328	-0.338	0.000	-30.263	-3.554
3066	1664.000	-0.394	-0.374	0.000	-30.621	-6.798
3082	1664.000	-0.348	-0.064	0.000	-30.873	24.494
3098	1664.000	-0.374	-0.235	0.000	-30.707	7.173
3114	1664.000	-0.393	-0.307	0.000	-30.718	0.066
3770	1664.000	-0.398	-0.360	0.000	-30.208	-5.769
3786	1664.000	-0.369	-0.320	0.000	-30.119	-1.909
3802	1664.000	-0.383	-0.296	0.000	-30.398	0.797
3818	1664.000	-0.398	-0.326	0.000	-30.454	-2.151
3834	1664.000	-0.408	-0.492	0.000	-30.171	-18.992
3850	1664.000	-0.340	-0.328	0.000	-30.099	-2.720
3866	1664.000	-0.426	-0.168	0.000	-30.361	13.533
3882	1664.000	-0.385	-0.439	0.000	-30.152	-13.725
3898	1664.000	-0.359	-0.131	0.000	-30.014	16.874
3914	1664.000	-0.350	-0.016	0.028	-30.652	15.323
3930	1664.000	-0.402	-0.530	0.000	-30.408	-22.628
3946	1664.000	-0.389	-0.204	0.000	-30.284	9.904
3962	1664.000	-0.355	-0.128	0.000	-30.493	17.727
3978	1664.000	-0.366	-0.300	0.000	-30.191	0.237
3994	1664.000	-0.366	-0.557	0.000	-30.884	-24.837
4010	1664.000	-0.403	-0.251	0.000	-30.240	5.100
4026	1664.000	-0.378	-0.537	0.000	-30.242	-23.468
4042	1664.000	-0.395	-0.105	0.000	-30.103	19.610
4058	1664.000	-0.342	-0.329	0.000	-30.154	-2.783
4074	1664.000	-0.377	-0.184	0.000	-30.325	11.929
4090	1664.000	-0.376	-0.251	0.000	-29.875	4.769
4106	1664.000	-0.356	-0.266	0.000	-30.154	3.542
4122	1664.000	-0.340	-0.057	0.050	-30.818	0.263
4138	1664.000	-0.348	-0.115	0.000	-30.291	18.831
4154	1664.000	-0.404	-0.290	0.000	-30.036	0.990
4170	1664.000	-0.418	-0.448	0.000	-30.213	-14.634
4186	1664.000	-0.361	-0.006	0.045	-29.976	6.682
4202	1664.000	-0.306	-0.204	0.000	-30.264	9.816
4218	1664.000	-0.395	-0.434	0.000	-29.867	-13.553
4234	1664.000	-0.374	-0.423	0.000	-29.869	-12.466
4250	1664.000	-0.335	-0.213	0.000	-30.462	9.144
4266	1664.000	-0.341	-0.108	0.000	-30.010	19.241
4282	1664.000	-0.404	-0.303	0.000	-29.937	-0.367
4298	1664.000	-0.470	-0.541	0.000	-30.619	-23.459
4314	1664.000	-0.343	-0.404	0.000	-30.071	-10.322
4330	1664.000	-0.386	-0.544	0.000	-29.864	-24.487
4346	1664.000	-0.426	-0.403	0.000	-30.197	-10.092
4362	1664.000	-0.372	-0.364	0.000	-30.223	-6.151
4378	1664.000	-0.357	-0.209	0.000	-29.864	8.966
5018	1664.000	-0.292	-0.192	0.000	-21.854	2.662
5034	1664.000	-0.297	-0.413	0.000	-21.641	-19.680
5050	1664.000	-0.285	-0.314	0.000	-21.553	-9.808
5066	1664.000	-0.260	-0.223	0.000	-21.750	-0.551
5082	1664.000	-0.209	0.012	0.000	-21.785	23.003
5098	1664.000	-0.272	-0.270	0.000	-21.625	-5.385
5114	1664.000	-0.279	-0.104	0.059	-22.010	-18.026
5130	1664.000	-0.260	-0.303	0.000	-21.650	-8.622
5146	1664.000	-0.250	-0.129	0.000	-21.764	8.828
5162	1664.000	-0.291	-0.298	0.000	-22.095	-7.666
5178	1664.000	-0.329	-0.414	0.000	-21.741	-19.697
5194	1664.000	-0.264	-0.006	0.000	-21.754	21.190
5210	1664.000	-0.267	-0.206	0.000	-22.270	1.711
5226	1664.000	-0.209	-0.009	0.000	-21.899	20.961
5242	1664.000	-0.235	-0.191	0.000	-21.840	2.692
5258	1664.000	-0.344	-0.267	0.000	-21.623	-5.101
5274	1664.000	-0.226	-0.096	0.000	-21.910	12.283
5290	1664.000	-0.279	-0.429	0.000	-22.130	-20.784
5306	1664.000	-0.251	-0.209	0.000	-22.023	1.135
5322	1664.000	-0.342	-0.401	0.000	-21.852	-18.295
5338	1664.000	-0.185	0.210	0.069	-21.560	7.842
5354	1664.000	-0.272	0.012	0.000	-22.280	23.435
5370	1664.000	-0.302	-0.293	0.000	-21.958	-7.384
5386	1664.000	-0.365	-0.381	0.000	-21.560	-16.554
5402	1664.000	-0.322	-0.238	0.000	-22.585	-1.216
5418	1664.000	-0.303	-0.008	0.000	-21.708	20.951
5434	1664.000	-0.221	0.024	0.000	-21.555	23.984
5450	1664.000	-0.255	-0.080	0.000	-22.038	14.014
5466	1664.000	-0.231	-0.100	0.000	-21.596	11.564
5482	1664.000	-0.244	-0.252	0.000	-21.552	-3.647
5498	1664.000	-0.279	-0.402	0.000	-21.706	-18.493
5514	1664.000	-0.211	0.214	0.081	-21.591	2.687
5530	1664.000	-0.229	-0.107	0.000	-21.706	10.998
5546	1664.000	-0.226	0.001	0.000	-21.643	21.788
5562	1664.000	-0.257	0.063	0.063	-21.554	-3.847
5578	1664.000	-0.289	-0.249	0.000	-21.867	-3.014
5594	1664.000	-0.234	-0.032	0.000	-21.750	18.527
5610	1664.000	-0.252	-0.230	0.000	-21.561	-1.397
5626	1664.000	-0.252	-0.228	0.000	-21.555	-1.225
6266	1664.000	-0.857	-0.106	0.092	-76.491	19.663
6282	1664.000	-0.933	-0.980	0.000	-76.184	-21.795
6298	1664.000	-0.933	-0.754	0.000	-76.162	0.793
6314	1664.000	-0.896	-0.798	0.000	-76.170	-3.644
6330	1664.000	-0.923	-0.701	0.000	-76.169	6.048
6346	1664.000	-0.932	-0.716	0.000	-76.787	5.237
6362	1664.000	-0.905	-0.736	0.000	-76.155	2.587
6378	1664.000	-0.927	-0.543	0.000	-76.155	21.885
6394	1664.000	-1.004	-0.850	0.000	-78.491	-6.554
6410	1664.000	-0.923	-0.631	0.000	-77.477	14.393
6426	1664.000	-0.904	-0.749	0.000	-76.163	1.278
6442	1664.000	-1.016	-0.916	0.000	-79.162	-12.390
6458	1664.000	-0.993	-0.554	0.000	-78.117	22.755
6474	1664.000	-0.956	-0.667	0.000	-76.155	9.445
6490	1664.000	-0.965	-0.905	0.000	-76.779	-13.731
6506	1664.000	-0.913	-0.980	0.000	-76.506	-21.490
6522	1664.000	-0.903	-0.645	0.000	-76.965	12.481
6538	1664.000	-0.893	-0.911	0.000	-76.155	-14.941
6554	1664.000	-0.863	-0.533	0.000	-76.193	22.878
6570	1664.000	-0.892	-0.552	0.000	-76.973	21.742
6586	1664.000	-0.902	-0.558	0.000	-76.157	20.354
6602	1664.000	-0.866	-0.555	0.000	-76.490	20.993
6618	1664.000	-0.933	-0.575	0.000	-76.184	18.712
6634	1664.000	-0.964	-0.584	0.000	-76.983	18.571
6650	1664.000	-0.910	-0.574	0.000	-77.060	19.643
6666	1664.000	-0.912	-0.546	0.000	-76.779	22.182
6682	1664.000	-0.964	-0.823	0.000	-77.323	-4.935
6698	1664.000	-0.955	-0.784	0.000	-76.166	-2.202
6714	1664.000	-0.923	-0.545	0.000	-76.196	21.675
6730	1664.000	-0.986	-0.844	0.000	-77.083	-7.335
6746	1664.000	-0.971	-0.983	0.000	-76.155	-22.147
6762	1664.000	-0.886	-0.527	0.000	-76.155	23.417
6778	1664.000	-0.973	-0.975	0.000	-78.761	-18.785
6794	1664.000	0.709	4.258	0.000	-76.859	2.667
6810	1664.000	-0.900	-0.875	0.000	-76.155	-11.377
6826	1664.000	-0.927	-0.602	0.000	-77.419	17.236
6842	1664.000	-0.522	-0.342	0.077	-82.436	9.955
6858	1664.000	-0.899	-0.953	0.000	-76.169	-19.129
6874	1664.000	-0.964	-0.674	0.000	-77.871	10.508
7514	1664.000	-0.911	-0.607	0.000	-72.554	11.900
7530	1664.000	-0.904	-0.946	0.000	-72.178	-22.436
7546	1664.000	-0.836	-0.578	0.000	-72.200	14.389
7562	1664.000	-0.873	-0.605	0.000	-73.530	13.021
7578	1664.000	-0.932	-0.748	0.000	-72.164	-2.677
7594	1664.000	-0.919	-0.527	0.000	-72.814	20.090
7610	1664.000	-0.935	-0.641	0.000	-72.784	8.683
7626	1664.000	-0.956	-0.902	0.000	-73.307	-16.885
7642	1664.000	-0.869	-0.749	0.000	-72.196	-2.679
7658	1664.000	-0.903	-0.559	0.000	-72.959	17.075
7674	1664.000	-0.852	-0.551	0.000	-72.203	17.053
7690	1664.000	-0.969	-0.964	0.000	-75.140	-21.298
7706	1664.000	-0.786	-0.886	0.000	-72.185	-16.434
7722	1664.000	-0.844	-0.669	0.000	-72.179	5.298
7738	1664.000	-0.517	-0.615	0.000	-74.472	12.979
7754	1664.000	-0.950	-0.622	0.000	-73.032	10.879
7770	1664.000	-0.869	-0.495	0.000	-72.236	22.750
7786	1664.000	-0.856	-0.561	0.000	-72.164	16.107
7802	1664.000	-0.917	-0.699	0.000	-74.299	4.399
7818	1664.000	-0.925	-0.900	0.000	-72.423	-17.595
7834	1664.000	-0.638	-0.700	0.000	-73.486	3.442
7850	1664.000	-0.775	-0.855	0.000	-72.870	-12.659
7866	1664.000	-0.904	-0.512	0.000	-72.184	20.987
7882	1664.000	-0.896	-0.525	0.000	-72.164	19.661
7898	1664.000	-0.932	-0.732	0.000	-73.741	0.533
7914	1664.000	-0.900	-0.867	0.000	-72.164	-14.546
7930	1664.000	-0.934	-0.858	0.000	-72.164	-13.637
7946	1664.000	-0.875	-0.751	0.000	-72.707	-2.393
7962	1664.000	-0.934	-0.724	0.000	-73.503	1.108
7978	1664.000	-0.899	-0.723	0.000	-72.202	-0.085
7994	1664.000	-0.912	-0.807	0.000	-72.440	-8.295
8010	1664.000	-0.863	-0.599	0.000	-72.178	12.286
8026	1664.000	-0.917	-0.631	0.000	-72.204	9.131
8042	1664.000	-0.845	-0.856	0.000	-74.763	-10.825
8058	1664.000	-0.889	-0.959	0.000	-72.164	-23.718
8074	1664.000	-0.848	-0.616	0.000	-73.469	11.856
8090	1664.000	-0.956	-0.962	0.000	-74.336	-21.886
8106	1664.000	0.721	4.082	0.000	-72.171	-19.630
8122	1664.000	-0.923	-0.720	0.000	-73.475	1.451
8762	1664.000	-0.365	-0.210	0.000	-25.144	4.147
8778	1664.000	-0.295	-0.071	0.000	-25.089	17.940
8794	1664.000	-0.296	-0.074	0.000	-25.000	17.622
8810	1664.000	-0.289	-0.370	0.000	-25.202	-11.782
8826	1664.000	-0.312	-0.423	0.000	-25.219	-17.031
8842	1664.000	-0.387	-0.471	0.000	-25.422	-21.719
8858	1664.000	-0.311	-0.215	0.000	-25.367	3.884
8874	1664.000	-0.276	-0.223	0.000	-25.271	2.998
8890	1664.000	-0.265	-0.149	0.000	-25.590	10.707
8906	1664.000	-0.244	-0.023	0.000	-25.357	23.094
8922	1664.000	-0.326	-0.395	0.000	-25.740	-13.719
8938	1664.000	-0.317	-0.112	0.000	-25.133	13.938
8954	1664.000	-0.381	-0.264	0.000	-25.207	-1.242
8970	1664.000	-0.323	-0.343	0.000	-25.443	-8.881
8986	1664.000	-0.350	-0.413	0.000	-25.003	-16.318
9002	1664.000	-0.333	-0.274	0.000	-25.340	-2.073
9018	1664.000	-0.319	-0.309	0.000	-25.669	-5.212
9034	1664.000	-0.298	-0.178	0.000	-25.262	7.414
9050	1664.000	-0.325	-0.308	0.000	-25.610	-5.169
9066	1664.000	-0.219	-0.099	0.000	-25.628	15.759
9082	1664.000	-0.301	-0.445	0.000	-25.411	-19.083
9098	1664.000	-0.362	-0.200	0.000	-25.841	5.863
9114	1664.000	-0.305	-0.078	0.000	-25.076	17.238
9130	1664.000	-0.289	-0.114	0.000	-25.003	13.620
9146	1664.000	-0.295	-0.025	0.000	-25.986	23.444
9162	1664.000	-0.302	-0.277	0.000	-25.000	-2.687
9178	1664.000	-0.272	-0.022	0.000	-25.004	22.754
9194	1664.000	-0.279	-0.289	0.000	-25.457	-3.491
9210	1664.000	-0.296	-0.190	0.000	-25.190	6.161
9226	1664.000	-0.361	-0.410	0.000	-25.172	-15.809
9242	1664.000	-0.276	-0.377	0.000	-25.298	-12.375
9258	1664.000	-0.320	-0.451	0.000	-25.072	-19.997
9274	1664.000	-0.320	-0.304	0.000	-25.099	-5.255
9290	1664.000	-0.375	-0.459	0.000	-25.279	-20.606
9306	1664.000	-0.319	-0.484	0.000	-25.114	-23.275
9322	1664.000	-0.346	-0.464	0.000	-25.179	-21.185
9338	1664.000	-0.315	-0.035	0.000	-25.147	21.686
9354	1664.000	-0.333	-0.338	0.000	-25.101	-8.698
9370	1664.000	-0.358	-0.095	0.000	-25.066	15.609
10026	1664.000	-0.342	-0.217	0.000	-30.030	8.345
10042	1664.000	-0.372	-0.347	0.000	-30.155	-4.517
10058	1664.000	-0.369	-0.070	0.000	-29.985	22.938
10074	1664.000	-0.384	-0.497	0.000	-30.229	-19.450
10090	1664.000	-0.430	-0.384	0.000	-30.251	-8.112
10106	1664.000	-0.361	-0.437	0.000	-30.107	-13.562
10122	1664.000	-0.466	-0.454	0.000	-30.748	-14.634
10138	1664.000	-0.345	-0.312	0.000	-30.150	-1.025
10154	1664.000	-0.365	-0.256	0.000	-30.150	4.541
10170	1664.000	-0.354	-0.379	0.000	-30.759	-7.142
10186	1664.000	-0.361	-0.311	0.000	-29.955	-1.162
10202	1664.000	-0.395	-0.262	0.000	-30.453	4.283
10218	1664.000	-0.362	-0.543	0.000	-30.036	-24.289
10234	1664.000	-0.390	-0.270	0.000	-29.951	2.938
10250	1664.000	-0.410	-0.255	0.000	-30.383	4.913
10266	1664.000	-0.333	-0.246	0.000	-30.163	5.612
10282	1664.000	-0.365	-0.303	0.000	-30.223	-0.075
10298	1664.000	-0.396	-0.298	0.000	-30.129	0.310
10314	1664.000	-0.334	-0.081	0.000	-30.144	22.030
10330	1664.000	-0.407	-0.251	0.000	-30.389	5.317
10346	1664.000	-0.358	-0.371	0.000	-30.310	-6.824
10362	1664.000	-0.365	-0.235	0.000	-30.461	7.005
10378	1664.000	-0.416	-0.429	0.000	-30.353	-12.515
10394	1664.000	-0.361	-0.139	0.000	-30.551	16.687
10410	1664.000	-0.364	-0.135	0.000	-30.559	17.072
10426	1664.000	-0.382	-0.157	0.000	-30.488	14.773
10442	1664.000	-0.339	-0.054	0.000	-30.373	24.982
10458	1664.000	-0.353	-0.104	0.000	-30.415	20.014
10474	1664.000	-0.377	-0.198	0.000	-30.046	10.236
10490	1664.000	-0.332	-0.389	0.000	-30.130	-8.768
10506	1664.000	-0.365	-0.199	0.000	-30.302	10.374
10522	1664.000	-0.378	-0.307	0.000	-30.591	-0.097
10538	1664.000	-0.385	-0.466	0.000	-30.566	-16.041
10554	1664.000	-0.398	-0.515	0.000	-30.283	-21.266
10570	1664.000	-0.364	-0.244	0.000	-30.648	6.282
10586	1664.000	-0.367	-0.104	0.000	-30.359	19.947
10602	1664.000	-0.281	-0.219	0.000	-30.171	8.279
10618	1664.000	-0.327	-0.117	0.000	-29.954	18.225
10634	1664.000	-0.399	-0.262	0.000	-29.960	3.779
11274	1664.000	-0.346	-0.344	0.000	-29.621	-4.777
11290	1664.000	-0.354	-0.200	0.000	-29.342	9.343
11306	1664.000	-0.363	-0.439	0.000	-29.412	-14.494
11322	1664.000	-0.409	-0.523	0.000	-30.383	-21.900
11338	1664.000	-0.355	-0.061	0.000	-29.273	23.165
11354	1664.000	-0.378	-0.255	0.000	-29.496	4.028
11370	1664.000	-0.331	-0.251	0.000	-29.995	4.900
11386	1664.000	-0.384	-0.239	0.000	-29.273	5.361
11402	1664.000	-0.451	-0.438	0.000	-29.816	-13.970
11418	1664.000	-0.329	-0.317	0.000	-29.619	-2.086
11434	1664.000	-0.384	-0.520	0.000	-29.409	-22.620
11450	1664.000	-0.396	-0.129	0.000	-29.338	16.388
11466	1664.000	-0.369	-0.306	0.000	-29.483	-1.114
11482	1664.000	-0.351	-0.094	0.000	-30.029	20.666
11498	1664.000	-0.372	-0.397	0.000	-29.516	-10.138
11514	1664.000	-0.382	-0.140	0.000	-29.427	15.470
11530	1664.000	-0.384	-0.417	0.000	-29.787	-11.907
11546	1664.000	-0.385	-0.115	0.000	-30.051	18.507
11562	1664.000	-0.330	-0.062	0.000	-29.273	23.062
11578	1664.000	-0.356	-0.200	0.000	-29.440	9.487
11594	1664.000	-0.374	-0.246	0.000	-29.584	4.945
11610	1664.000	-0.393	-0.364	0.000	-29.361	-7.061
11626	1664.000	-0.416	-0.235	0.000	-30.194	6.648
11642	1664.000	-0.405	-0.437	0.000	-29.447	-14.242
11658	1664.000	-0.337	-0.087	0.000	-29.532	20.839
11674	1664.000	-0.359	-0.208	0.000	-30.433	9.619
11690	1664.000	-0.328	-0.389	0.000	-29.324	-9.610
11706	1664.000	-0.360	-0.246	0.000	-29.806	5.159
11722	1664.000	-0.373	-0.212	0.000	-29.434	8.267
11738	1664.000	-0.409	-0.401	0.000	-29.276	-10.817
11754	1664.000	-0.396	-0.358	0.000	-29.358	-6.442
11770	1664.000	-0.296	-0.213	0.000	-29.637	8.295
11786	1664.000	-0.417	-0.538	0.000	-29.319	-24.519
11802	1664.000	-0.408	-0.237	0.000	-29.416	5.694
11818	1664.000	-0.362	-0.088	0.000	-29.784	20.969
11834	1664.000	-0.410	-0.538	0.000	-29.291	-24.521
11850	1664.000	-0.407	-0.522	0.000	-29.412	-22.789
11866	1664.000	-0.399	-0.133	0.000	-29.573	16.314
11882	1664.000	-0.332	-0.445	0.000	-29.413	-15.051
12522	1664.000	-0.322	-0.138	0.000	-23.854	10.058
12538	1664.000	-0.310	-0.323	0.000	-23.700	-8.624
12554	1664.000	-0.273	-0.208	0.000	-23.779	3.026
12570	1664.000	-0.327	-0.243	0.000	-24.162	-0.187
12586	1664.000	-0.332	-0.116	0.000	-23.957	12.400
12602	1664.000	-0.296	-0.019	0.000	-24.060	22.158
12618	1664.000	-0.272	-0.108	0.000	-23.867	13.053
12634	1664.000	-0.275	-0.129	0.000	-23.498	10.577
12650	1664.000	-0.294	-0.199	0.000	-23.738	3.801
12666	1664.000	-0.281	-0.270	0.000	-23.500	-3.532
12682	1664.000	-0.290	-0.170	0.000	-23.503	6.495
12698	1664.000	-0.331	-0.344	0.000	-23.941	-10.490
12714	1664.000	-0.366	-0.388	0.000	-23.590	-15.212
12730	1664.000	-0.282	-0.168	0.000	-23.498	6.708
12746	1664.000	-0.290	-0.151	0.000	-23.593	8.453
12762	1664.000	-0.339	-0.282	0.000	-24.078	-4.114
12778	1664.000	-0.330	-0.234	0.000	-23.498	0.050
12794	1664.000	-0.298	-0.060	0.000	-23.498	17.523
12810	1664.000	-0.375	-0.261	0.000	-24.322	-1.782
12826	1664.000	-0.306	-0.342	0.000	-23.506	-10.739
12842	1664.000	-0.316	-0.314	0.000	-23.505	-7.860
12858	1664.000	-0.325	-0.442	0.000	-23.967	-20.259
12874	1664.000	-0.247	-0.343	0.000	-23.615	-10.675
12890	1664.000	-0.322	-0.446	0.000	-23.944	-20.691
12906	1664.000	-0.329	-0.404	0.000	-23.960	-16.482
12922	1664.000	-0.307	-0.006	0.000	-23.939	23.372
12938	1664.000	-0.309	-0.161	0.000	-23.875	7.747
12954	1664.000	-0.324	-0.414	0.000	-23.856	-17.579
12970	1664.000	-0.312	-0.228	0.000	-23.693	0.900
12986	1664.000	-0.280	-0.354	0.000	-23.509	-11.860
13002	1664.000	-0.334	-0.200	0.000	-24.296	4.301
13018	1664.000	-0.323	-0.073	0.000	-23.995	16.692
13034	1664.000	-0.323	-0.269	0.000	-23.505	-3.386
13050	1664.000	-0.297	-0.405	0.000	-23.598	-16.870
13066	1664.000	-0.251	-0.183	0.000	-23.952	5.612
13082	1664.000	-0.327	-0.329	0.000	-23.642	-9.302
13098	1664.000	-0.295	-0.456	0.000	-23.864	-21.728
13114	1664.000	-0.328	-0.383	0.000	-23.633	-14.658
13130	1664.000	-0.313	-0.446	0.000	-23.887	-20.676
13770	1664.000	-0.963	-0.932	0.000	-75.504	-17.667
13786	1664.000	-0.857	-0.515	0.000	-74.153	22.688
13802	1664.000	-0.957	-0.593	0.000	-75.474	16.216
13818	1664.000	-0.795	-0.916	0.000	-74.816	-16.810
13834	1664.000	-0.922	-0.667	0.000	-74.153	7.414
13850	1664.000	-0.964	-0.940	0.000	-75.478	-18.490
13866	1664.000	-0.952	-0.847	0.000	-74.816	-9.883
13882	1664.000	-0.921	-0.889	0.000	-74.120	-14.737
13898	1664.000	-0.914	-0.862	0.000	-74.120	-12.082
13914	1664.000	-0.853	-0.613	0.000	-74.158	12.824
13930	1664.000	-1.023	-1.013	0.000	-77.313	-23.965
13946	1664.000	-0.960	-0.848	0.000	-74.120	-10.714
13962	1664.000	-0.959	-0.568	0.000	-76.618	19.796
13978	1664.000	-1.012	-0.889	0.000	-77.457	-11.454
13994	1664.000	-0.944	-0.785	0.000	-76.023	-2.457
14010	1664.000	-0.940	-0.993	0.000	-75.041	-24.262
14026	1664.000	-0.979	-0.795	0.000	-74.693	-4.835
14042	1664.000	-0.966	-0.832	0.000	-74.859	-8.302
14058	1664.000	-0.963	-0.866	0.000	-74.120	-12.522
14074	1664.000	-0.919	-0.829	0.000	-74.140	-8.801
14090	1664.000	-0.897	-0.923	0.000	-74.120	-18.169
14106	1664.000	-0.784	-0.723	0.000	-74.134	1.855
14122	1664.000	-0.948	-0.718	0.000	-74.979	3.134
14138	1664.000	-0.939	-0.779	0.000	-74.134	-3.759
14154	1664.000	-0.942	-0.851	0.000	-74.120	-10.980
14170	1664.000	-0.920	-0.538	0.000	-74.951	21.139
14186	1664.000	-0.457	-0.787	0.000	-75.855	-2.821
14202	1664.000	-0.872	-0.634	0.000	-74.120	10.673
14218	1664.000	-0.964	-0.615	0.000	-74.470	12.926
14234	1664.000	-0.897	-0.523	0.000	-74.766	22.474
14250	1664.000	-0.965	-0.814	0.000	-75.312	-6.071
14266	1664.000	-0.976	-0.823	0.000	-74.463	-7.839
14282	1664.000	-0.912	-0.856	0.000	-74.120	-11.524
14298	1664.000	-0.994	-0.814	0.000	-77.159	-4.246
14314	1664.000	-0.908	-0.549	0.000	-74.120	19.238
14330	1664.000	-0.876	-0.740	0.000	-74.158	0.191
14346	1664.000	-0.956	-0.546	0.000	-75.590	20.993
14362	1664.000	-0.867	-0.759	0.000	-74.120	-1.802
14378	1664.000	-0.914	-0.667	0.000	-74.134	7.458
10	1665.000	-0.930	-0.854	0.053	-123.329	11.406
26	1665.000	-0.960	-1.476	0.000	-129.560	-18.075
42	1665.000	-0.970	-1.324	0.000	-131.647	-0.793
58	1665.000	-1.005	-1.136	0.000	-123.476	9.832
74	1665.000	-0.943	-1.105	0.000	-121.011	10.532
90	1665.000	-0.972	-1.146	0.000	-125.828	11.204
106	1665.000	-0.973	-1.239	0.000	-122.984	-0.885
122	1665.000	-0.955	-1.363	0.000	-131.760	-4.570
138	1665.000	-0.847	-1.064	0.000	-121.103	14.733
154	1665.000	-0.908	-1.155	0.000	-121.017	5.561
170	1665.000	1.255	3.631	0.000	-137.207	0.292
186	1665.000	-0.896	-1.482	0.000	-127.005	-21.181
202	1665.000	-0.918	-1.312	0.000	-121.011	-10.215
218	1665.000	-0.971	-1.295	0.000	-130.999	1.524
234	1665.000	-0.940	-1.233	0.057	-131.978	-19.944
250	1665.000	-0.955	-1.378	0.000	-121.011	-16.815
266	1665.000	-0.962	-1.241	0.000	-132.252	8.112
282	1665.000	-0.957	-1.365	0.000	-129.560	-6.943
298	1665.000	-0.942	-1.473	0.000	-129.560	-17.790
314	1665.000	-0.896	-0.825	0.081	-121.011	-1.762
330	1665.000	-0.926	-0.879	0.030	-121.588	18.545
346	1665.000	-0.891	-1.018	0.055	-129.560	0.222
362	1665.000	-1.054	-1.544	0.000	-131.179	-23.214
378	1665.000	-0.942	-1.438	0.000	-132.265	-11.538
394	1665.000	-0.961	-1.455	0.000	-121.855	-23.632
410	1665.000	-0.956	-1.501	0.000	-136.345	-13.709
426	1665.000	-0.897	-0.970	0.000	-122.013	24.975
442	1665.000	-1.021	-1.511	0.004	-128.951	-24.093
458	1665.000	-0.550	-1.399	0.000	-126.217	-13.687
474	1665.000	-0.956	-1.404	0.000	-122.961	-17.463
490	1665.000	-1.019	-1.580	0.000	-137.367	-20.665
506	1665.000	-0.933	-1.460	0.000	-126.217	-19.759
522	1665.000	1.365	3.738	0.060	-135.066	-21.123
538	1665.000	-0.894	-1.140	0.000	-131.978	18.024
554	1665.000	-0.977	-1.223	0.038	-121.038	-20.404
570	1665.000	-0.959	-1.339	0.000	-122.942	-10.917
586	1665.000	-0.970	-1.042	0.077	-126.925	-15.640
602	1665.000	-0.750	-1.004	0.000	-121.017	20.630
618	1665.000	-0.981	-1.023	0.018	-126.529	15.455
1258	1665.000	-0.274	-0.464	0.000	-22.003	-24.366
1274	1665.000	-0.283	-0.254	0.000	-22.179	-3.219
1290	1665.000	-0.269	-0.137	0.023	-21.877	-3.228
1306	1665.000	-0.294	-0.450	0.000	-21.843	-23.108
1322	1665.000	-0.219	-0.155	0.000	-21.909	6.432
1338	1665.000	-0.112	0.478	0.090	-22.110	24.973
1354	1665.000	-0.292	-0.003	0.000	-21.682	21.363
1370	1665.000	-0.237	0.174	0.056	-21.982	11.388
1386	1665.000	-0.142	0.589	0.138	-21.979	11.854
1402	1665.000	-0.256	-0.133	0.000	-21.733	8.467
1418	1665.000	-0.191	0.338	0.067	-21.675	21.772
1434	1665.000	-0.300	-0.218	0.000	-21.821	0.030
1450	1665.000	-0.184	0.392	0.122	-21.896	0.084
1466	1665.000	-0.233	0.336	0.068	-21.854	21.619
1482	1665.000	-0.218	0.004	0.000	-21.821	22.263
1498	1665.000	-0.246	-0.079	0.000	-21.825	13.908
1514	1665.000	-0.135	0.653	0.127	-21.678	23.425
1530	1665.000	-0.299	-0.425	0.000	-21.677	-20.811
1546	1665.000	-0.166	0.294	0.072	-21.803	15.111
1562	1665.000	-0.153	0.588	0.117	-22.227	22.592
1578	1665.000	-0.245	-0.009	0.036	-21.938	2.969
1594	1665.000	-0.266	-0.449	0.000	-21.861	-23.025
1610	1665.000	-0.227	0.264	0.092	-22.122	2.248
1626	1665.000	-0.258	-0.117	0.022	-22.039	-0.605
1642	1665.000	-0.104	0.460	0.149	-21.910	-6.751
1658	1665.000	-0.341	-0.367	0.000	-21.913	-14.815
1674	1665.000	-0.257	-0.087	0.000	-21.905	13.239
1690	1665.000	-0.304	-0.057	0.000	-22.417	16.681
1706	1665.000	-0.221	-0.156	0.000	-21.741	6.116
1722	1665.000	-0.264	-0.222	0.000	-21.775	-0.402
1738	1665.000	-0.191	0.333	0.076	-21.860	17.127
1754	1665.000	-0.203	-0.075	0.072	-21.681	-21.934
1770	1665.000	-0.314	-0.204	0.000	-21.804	1.410
1786	1665.000	-0.249	-0.059	0.061	-21.742	-14.867
1802	1665.000	-0.276	-0.221	0.027	-21.794	-13.565
1818	1665.000	-0.252	-0.358	0.021	-22.113	-24.092
1834	1665.000	-0.254	-0.243	0.015	-22.016	-9.734
1850	1665.000	-0.295	-0.243	0.000	-22.440	-1.811
1866	1665.000	-0.294	0.011	0.000	-22.476	23.553
2506	1665.000	-0.300	-0.392	0.018	-29.489	-18.690
2522	1665.000	-0.372	-0.162	0.000	-29.735	13.540
2538	1665.000	-0.288	0.098	0.052	-29.279	13.223
2554	1665.000	-0.386	-0.323	0.000	-29.447	-3.107
2570	1665.000	-0.270	0.473	0.127	-29.367	13.196
2586	1665.000	-0.342	-0.382	0.000	-29.088	-9.159
2602	1665.000	-0.353	-0.075	0.000	-29.573	22.055
2618	1665.000	-0.401	-0.348	0.000	-29.619	-5.145
2634	1665.000	-0.352	-0.048	0.000	-29.090	24.279
2650	1665.000	-0.290	0.104	0.051	-29.189	14.004
2666	1665.000	-0.387	-0.337	0.032	-29.621	-20.003
2682	1665.000	-0.348	-0.389	0.000	-29.343	-9.559
2698	1665.000	-0.330	0.003	0.060	-29.276	-0.347
2714	1665.000	-0.371	-0.347	0.034	-29.569	-22.035
2730	1665.000	-0.382	-0.418	0.000	-29.024	-12.793
2746	1665.000	-0.303	0.079	0.056	-29.749	9.620
2762	1665.000	-0.345	-0.110	0.035	-29.314	0.995
2778	1665.000	-0.375	-0.217	0.025	-29.024	-4.965
2794	1665.000	-0.282	0.318	0.090	-29.280	16.060
2810	1665.000	-0.348	-0.441	0.000	-29.085	-15.014
2826	1665.000	-0.373	-0.322	0.000	-29.202	-3.021
2842	1665.000	-0.334	-0.436	0.000	-29.063	-14.504
2858	1665.000	-0.354	-0.305	0.000	-29.404	-1.129
2874	1665.000	-0.261	0.041	0.065	-29.027	0.488
2890	1665.000	-0.291	0.096	0.118	-29.694	-19.587
2906	1665.000	-0.259	-0.205	0.060	-29.383	-21.198
2922	1665.000	-0.397	-0.163	0.017	-29.102	4.261
2938	1665.000	-0.336	0.094	0.100	-29.620	-10.892
2954	1665.000	-0.393	-0.537	0.000	-29.215	-24.501
2970	1665.000	-0.444	-0.495	0.000	-29.237	-20.311
2986	1665.000	-0.435	-0.477	0.000	-30.165	-17.529
3002	1665.000	-0.334	0.037	0.019	-29.221	23.536
3018	1665.000	-0.378	-0.436	0.000	-29.167	-14.444
3034	1665.000	-0.357	-0.262	0.004	-29.387	1.402
3050	1665.000	-0.321	-0.163	0.000	-29.027	12.723
3066	1665.000	-0.368	-0.122	0.000	-29.352	17.153
3082	1665.000	-0.287	-0.060	0.067	-29.580	-10.196
3098	1665.000	-0.381	-0.498	0.000	-29.430	-20.413
3114	1665.000	-0.364	-0.262	0.000	-29.439	3.201
3770	1665.000	-0.201	0.535	0.190	-28.957	-12.351
3786	1665.000	-0.356	-0.357	0.000	-28.876	-6.826
3802	1665.000	-0.147	0.970	0.239	-29.128	6.473
3818	1665.000	-0.404	-0.395	0.000	-29.179	-10.285
3834	1665.000	-0.398	-0.260	0.017	-28.923	-5.702
3850	1665.000	-0.164	0.749	0.163	-28.857	22.043
3866	1665.000	-0.293	0.336	0.140	-29.095	-7.446
3882	1665.000	-0.398	-0.486	0.000	-28.906	-19.710
3898	1665.000	-0.262	0.087	0.085	-28.781	-5.076
3914	1665.000	-0.336	-0.312	0.028	-29.358	-15.596
3930	1665.000	-0.275	0.326	0.084	-29.138	19.557
3946	1665.000	-0.360	-0.198	0.000	-29.025	9.176
3962	1665.000	-0.316	-0.260	0.042	-29.214	-17.833
3978	1665.000	-0.330	-0.143	0.023	-28.941	3.231
3994	1665.000	-0.239	0.481	0.110	-29.568	22.635
4010	1665.000	-0.312	0.276	0.072	-28.986	20.347
4026	1665.000	-0.329	-0.136	0.057	-28.987	-12.870
4042	1665.000	-0.323	-0.045	0.045	-28.861	1.995
4058	1665.000	-0.295	-0.067	0.000	-28.908	22.247
4074	1665.000	-0.306	0.171	0.057	-29.062	17.751
4090	1665.000	-0.336	-0.141	0.042	-28.655	-6.696
4106	1665.000	-0.369	-0.414	0.000	-28.907	-12.487
4122	1665.000	-0.283	0.196	0.050	-29.509	24.319
4138	1665.000	-0.257	0.165	0.086	-29.032	2.610
4154	1665.000	-0.384	-0.261	0.009	-28.800	-1.992
4170	1665.000	-0.381	-0.299	0.000	-28.961	-0.937
4186	1665.000	-0.305	0.015	0.045	-28.747	7.612
4202	1665.000	-0.285	-0.149	0.000	-29.008	14.078
4218	1665.000	-0.373	-0.176	0.000	-28.648	11.025
4234	1665.000	-0.390	-0.523	0.000	-28.649	-23.663
4250	1665.000	-0.267	0.095	0.039	-29.186	19.202
4266	1665.000	-0.296	-0.060	0.062	-28.778	-8.169
4282	1665.000	-0.365	-0.274	0.000	-28.711	1.345
4298	1665.000	-0.434	-0.288	0.000	-29.328	0.483
4314	1665.000	-0.275	0.027	0.059	-28.833	1.889
4330	1665.000	-0.298	0.156	0.074	-28.645	7.441
4346	1665.000	-0.338	-0.020	0.050	-28.947	2.197
4362	1665.000	-0.305	0.093	0.066	-28.970	5.199
4378	1665.000	-0.343	-0.207	0.000	-28.645	7.966
5018	1665.000	-0.167	0.523	0.121	-20.945	12.904
5034	1665.000	-0.225	0.118	0.039	-20.753	12.839
5050	1665.000	-0.258	-0.121	0.000	-20.674	8.610
5066	1665.000	-0.179	0.394	0.078	-20.851	21.290
5082	1665.000	-0.091	0.334	0.151	-20.883	-21.304
5098	1665.000	-0.281	-0.241	0.000	-20.738	-3.380
5114	1665.000	-0.209	-0.021	0.059	-21.087	-10.643
5130	1665.000	-0.035	1.112	0.250	-20.761	6.784
5146	1665.000	-0.180	0.344	0.065	-20.864	22.786
5162	1665.000	-0.260	-0.132	0.065	-21.163	-24.512
5178	1665.000	-0.247	0.153	0.095	-20.844	-11.507
5194	1665.000	-0.224	-0.259	0.037	-20.855	-23.472
5210	1665.000	-0.167	0.312	0.108	-21.322	-1.619
5226	1665.000	-0.131	0.000	0.086	-20.987	-22.079
5242	1665.000	-0.254	-0.322	0.000	-20.933	-11.317
5258	1665.000	-0.251	0.189	0.086	-20.737	-3.358
5274	1665.000	-0.184	0.207	0.045	-20.996	19.248
5290	1665.000	-0.261	-0.075	0.000	-21.195	13.731
5306	1665.000	-0.245	-0.165	0.000	-21.099	4.611
5322	1665.000	-0.135	1.176	0.260	-20.943	8.722
5338	1665.000	-0.136	-0.030	0.069	-20.680	-17.102
5354	1665.000	-0.226	-0.054	0.062	-21.331	-15.048
5370	1665.000	-0.278	-0.058	0.000	-21.040	15.205
5386	1665.000	-0.329	-0.226	0.000	-20.680	-1.884
5402	1665.000	-0.244	0.244	0.052	-21.607	20.026
5418	1665.000	-0.282	-0.236	0.000	-20.813	-2.780
5434	1665.000	-0.180	-0.063	0.069	-20.675	-19.998
5450	1665.000	-0.262	-0.248	0.000	-21.112	-3.649
5466	1665.000	-0.187	-0.052	0.018	-20.712	6.772
5482	1665.000	-0.244	-0.296	0.000	-20.672	-8.879
5498	1665.000	-0.240	-0.005	0.000	-20.812	20.350
5514	1665.000	-0.122	0.413	0.081	-20.707	21.764
5530	1665.000	-0.134	0.454	0.101	-20.811	15.759
5546	1665.000	-0.214	-0.333	0.000	-20.754	-12.511
5562	1665.000	-0.211	0.049	0.063	-20.674	-6.094
5578	1665.000	-0.260	-0.341	0.022	-20.958	-24.338
5594	1665.000	-0.218	-0.025	0.000	-20.851	18.385
5610	1665.000	-0.148	0.499	0.092	-20.680	24.726
5626	1665.000	-0.124	0.432	0.093	-20.675	17.143
6266	1665.000	-0.833	-0.976	0.092	-122.439	-21.363
6282	1665.000	-0.979	-1.151	0.000	-122.162	7.043
6298	1665.000	-0.939	-1.089	0.066	-126.204	-15.416
6314	1665.000	-0.871	-0.731	0.059	-122.149	19.768
6330	1665.000	-0.918	-1.172	0.059	-122.148	-24.784
6346	1665.000	-0.910	-0.839	0.079	-130.833	7.621
6362	1665.000	-0.960	-1.134	0.000	-134.747	21.374
6378	1665.000	-0.972	-1.224	0.000	-127.341	4.954
6394	1665.000	-1.050	-1.254	0.000	-135.203	9.797
6410	1665.000	-0.992	-1.353	0.000	-134.286	-1.054
6426	1665.000	-0.949	-1.145	0.000	-127.349	12.847
6442	1665.000	-1.072	-1.561	0.000	-137.467	-18.617
6458	1665.000	-1.016	-1.160	0.000	-123.910	7.957
6474	1665.000	-0.973	-1.065	0.000	-122.136	15.602
6490	1665.000	-0.536	3.645	1.000	-133.654	-1.860
6506	1665.000	-0.928	-1.049	0.000	-122.453	17.504
6522	1665.000	-0.914	-1.110	0.000	-122.868	11.888
6538	1665.000	-0.923	-1.239	0.000	-122.136	-1.758
6554	1665.000	-0.901	-1.041	0.000	-126.233	22.090
6570	1665.000	-0.947	-1.210	0.000	-122.876	1.919
6586	1665.000	-0.963	-1.254	0.000	-122.137	-3.251
6602	1665.000	-0.950	-1.421	0.000	-122.439	-19.699
6618	1665.000	-0.972	-1.167	0.000	-122.162	5.490
6634	1665.000	-1.007	-1.228	0.000	-122.885	0.063
6650	1665.000	-0.983	-1.481	0.000	-125.037	-23.031
6666	1665.000	-0.963	-1.424	0.000	-122.700	-19.713
6682	1665.000	-1.000	-1.403	0.000	-123.192	-17.110
6698	1665.000	-0.975	-1.018	0.000	-122.146	20.351
6714	1665.000	-0.962	-1.152	0.000	-122.172	6.953
6730	1665.000	-0.979	-0.981	0.000	-122.975	24.914
6746	1665.000	-0.988	-1.144	0.000	-128.129	13.715
6762	1665.000	-0.906	-1.070	0.000	-122.136	15.175
6778	1665.000	-0.948	-0.917	0.072	-133.042	5.243
6794	1665.000	1.221	3.302	0.000	-147.763	-21.992
6810	1665.000	-0.942	-1.167	0.000	-124.067	7.369
6826	1665.000	-0.979	-1.531	0.000	-142.782	-10.283
6842	1665.000	-0.555	-0.783	0.077	-138.298	21.737
6858	1665.000	-0.928	-1.109	0.000	-122.148	11.229
6874	1665.000	-0.997	-1.196	0.000	-127.751	8.199
7514	1665.000	-0.956	-1.399	0.000	-124.035	-15.847
7530	1665.000	-0.920	-1.164	0.019	-123.696	-2.128
7546	1665.000	-0.881	-1.155	0.000	-134.669	19.154
7562	1665.000	-0.912	-1.138	0.000	-120.856	7.023
7578	1665.000	-0.958	-1.006	0.000	-119.620	19.030
7594	1665.000	-0.962	-1.254	0.000	-120.209	-5.154
7610	1665.000	-0.985	-1.362	0.000	-120.181	-15.996
7626	1665.000	-0.946	-0.997	0.000	-120.654	20.949
7642	1665.000	-0.913	-1.071	0.000	-119.649	12.508
7658	1665.000	-0.920	-1.001	0.000	-124.402	24.301
7674	1665.000	-0.856	-0.804	0.034	-119.655	22.099
7690	1665.000	-1.001	-1.322	0.000	-127.519	-4.708
7706	1665.000	-0.845	-1.115	0.000	-135.799	24.338
7722	1665.000	-0.879	-0.959	0.000	-119.633	23.744
7738	1665.000	-0.623	-1.300	0.000	-126.915	-3.134
7754	1665.000	-0.984	-1.406	0.000	-127.542	-13.074
7770	1665.000	-0.897	-1.139	0.000	-123.748	9.823
7786	1665.000	-0.870	-1.041	0.078	-119.620	-23.623
7802	1665.000	-0.949	-1.232	0.000	-121.552	-1.610
7818	1665.000	-0.968	-1.438	0.000	-132.739	-11.022
7834	1665.000	-0.681	-0.969	0.000	-120.816	23.962
7850	1665.000	-0.824	-1.233	0.000	-142.167	18.911
7866	1665.000	-0.539	-1.393	0.000	-119.638	-19.619
7882	1665.000	-0.958	-1.322	0.000	-121.551	-10.643
7898	1665.000	-0.940	-1.221	0.056	-129.172	-21.061
7914	1665.000	-0.919	-1.198	0.000	-121.551	1.714
7930	1665.000	-0.966	-1.268	0.000	-119.620	-7.130
7946	1665.000	-0.910	-1.149	0.000	-120.112	5.257
7962	1665.000	-0.979	-1.165	0.000	-120.831	4.319
7978	1665.000	-0.944	-1.172	0.000	-123.717	6.526
7994	1665.000	-0.948	-1.355	0.000	-119.870	-15.649
8010	1665.000	-0.936	-1.348	0.000	-119.633	-15.175
8026	1665.000	-0.936	-1.282	0.000	-119.656	-8.504
8042	1665.000	-0.922	-1.305	0.000	-121.972	-8.544
8058	1665.000	-0.864	-0.957	0.065	-121.551	-6.743
8074	1665.000	-0.907	-1.228	0.000	-126.794	4.038
8090	1665.000	-0.963	-1.220	0.000	-121.586	-0.451
8106	1665.000	1.319	3.990	0.034	-137.725	19.536
8122	1665.000	-0.979	-1.485	0.000	-134.560	-13.901
8762	1665.000	-0.286	-0.039	0.059	-24.110	-9.108
8778	1665.000	-0.107	0.672	0.228	-24.061	-22.852
8794	1665.000	-0.265	-0.181	0.000	-23.980	5.877
8810	1665.000	-0.296	-0.321	0.015	-24.163	-15.532
8826	1665.000	-0.255	-0.074	0.027	-24.178	3.222
8842	1665.000	-0.392	-0.387	0.000	-24.361	-14.306
8858	1665.000	-0.294	-0.149	0.009	-24.312	4.806
8874	1665.000	-0.232	-0.140	0.053	-24.225	-16.132
8890	1665.000	-0.288	-0.426	0.008	-24.514	-22.231
8906	1665.000	-0.093	0.528	0.135	-24.303	9.752
8922	1665.000	-0.290	0.008	0.024	-24.649	13.504
8938	1665.000	-0.021	1.494	0.300	-24.100	23.706
8954	1665.000	-0.334	-0.097	0.000	-24.167	14.499
8970	1665.000	-0.273	0.025	0.011	-24.381	21.308
8986	1665.000	-0.238	0.321	0.101	-23.983	5.673
9002	1665.000	-0.334	-0.235	0.000	-24.288	0.810
9018	1665.000	-0.328	-0.252	0.000	-24.585	-0.647
9034	1665.000	-0.208	0.202	0.054	-24.217	17.352
9050	1665.000	-0.336	-0.418	0.000	-24.531	-17.271
9066	1665.000	-0.246	-0.454	0.000	-24.548	-20.842
9082	1665.000	-0.274	-0.039	0.000	-24.351	20.483
9098	1665.000	-0.304	-0.095	0.008	-24.741	11.139
9114	1665.000	-0.267	-0.063	0.000	-24.049	17.706
9130	1665.000	-0.188	0.202	0.078	-23.982	5.052
9146	1665.000	-0.286	-0.410	0.000	-24.872	-16.161
9162	1665.000	-0.211	0.340	0.091	-23.980	12.449
9178	1665.000	-0.251	-0.113	0.000	-23.983	12.677
9194	1665.000	-0.305	-0.375	0.000	-24.394	-13.060
9210	1665.000	-0.254	0.126	0.044	-24.152	14.819
9226	1665.000	-0.238	0.298	0.074	-24.135	17.169
9242	1665.000	-0.172	0.326	0.078	-24.250	17.879
9258	1665.000	-0.312	-0.372	0.000	-24.045	-13.138
9274	1665.000	-0.279	-0.003	0.015	-24.069	16.203
9290	1665.000	-0.284	0.219	0.057	-24.232	17.380
9306	1665.000	-0.331	-0.438	0.000	-24.083	-19.736
9322	1665.000	-0.161	0.597	0.165	-24.141	1.294
9338	1665.000	-0.158	0.525	0.119	-24.113	17.075
9354	1665.000	-0.246	0.114	0.042	-24.071	14.628
9370	1665.000	-0.303	-0.219	0.034	-24.040	-14.605
10026	1665.000	-0.337	-0.481	0.000	-28.800	-19.265
10042	1665.000	-0.376	-0.442	0.000	-28.913	-15.331
10058	1665.000	-0.344	-0.237	0.047	-28.760	-18.491
10074	1665.000	-0.278	0.275	0.074	-28.980	19.548
10090	1665.000	-0.334	0.147	0.044	-29.000	21.748
10106	1665.000	-0.272	0.141	0.089	-28.870	-1.659
10122	1665.000	-0.414	-0.285	0.000	-29.450	0.932
10138	1665.000	-0.187	0.533	0.125	-28.909	19.699
10154	1665.000	-0.306	0.162	0.051	-28.908	19.380
10170	1665.000	-0.308	0.079	0.026	-29.460	24.363
10186	1665.000	-0.321	-0.163	0.045	-28.733	-9.939
10202	1665.000	-0.404	-0.382	0.000	-29.183	-9.009
10218	1665.000	-0.346	-0.374	0.000	-28.805	-8.643
10234	1665.000	-0.284	0.079	0.101	-28.729	-14.115
10250	1665.000	-0.378	-0.167	0.000	-29.120	12.411
10266	1665.000	-0.310	-0.018	0.010	-28.921	22.161
10282	1665.000	-0.267	0.061	0.100	-28.975	-15.093
10298	1665.000	-0.352	-0.070	0.050	-28.890	-3.248
10314	1665.000	-0.340	-0.253	0.000	-28.904	3.600
10330	1665.000	-0.381	-0.259	0.000	-29.125	3.189
10346	1665.000	-0.293	0.047	0.041	-29.053	13.098
10362	1665.000	-0.304	-0.079	0.064	-29.190	-10.868
10378	1665.000	-0.225	0.621	0.196	-29.093	-6.633
10394	1665.000	-0.337	-0.205	0.042	-29.271	-12.142
10410	1665.000	-0.274	-0.011	0.091	-29.279	-17.135
10426	1665.000	-0.401	-0.464	0.000	-29.215	-17.199
10442	1665.000	-0.293	-0.098	0.054	-29.111	-7.604
10458	1665.000	-0.296	-0.064	0.062	-29.149	-8.180
10474	1665.000	-0.288	0.271	0.066	-28.814	23.069
10490	1665.000	-0.292	-0.077	0.000	-28.891	21.164
10506	1665.000	-0.272	0.138	0.083	-29.046	1.302
10522	1665.000	-0.355	-0.311	0.000	-29.307	-1.777
10538	1665.000	-0.322	0.086	0.026	-29.285	24.837
10554	1665.000	-0.297	0.078	0.066	-29.029	4.075
10570	1665.000	-0.335	-0.062	0.000	-29.359	23.167
10586	1665.000	-0.323	-0.158	0.000	-29.097	13.257
10602	1665.000	-0.256	-0.144	0.000	-28.927	14.539
10618	1665.000	-0.308	-0.358	0.000	-28.732	-7.079
10634	1665.000	-0.368	-0.262	0.000	-28.736	2.509
11274	1665.000	-0.351	-0.232	0.000	-28.394	5.165
11290	1665.000	-0.346	-0.470	0.000	-28.141	-18.866
11306	1665.000	-0.349	-0.424	0.000	-28.204	-14.189
11322	1665.000	-0.338	-0.111	0.066	-29.083	-15.252
11338	1665.000	-0.356	-0.450	0.000	-28.078	-16.944
11354	1665.000	-0.146	0.935	0.248	-28.280	-2.216
11370	1665.000	-0.338	-0.321	0.019	-28.732	-12.994
11386	1665.000	-0.355	-0.411	0.019	-28.078	-22.751
11402	1665.000	-0.398	-0.106	0.000	-28.570	17.979
11418	1665.000	-0.277	-0.154	0.067	-28.391	-20.322
11434	1665.000	-0.394	-0.367	0.000	-28.201	-8.465
11450	1665.000	-0.348	-0.361	0.032	-28.137	-23.738
11466	1665.000	-0.367	-0.254	0.000	-28.268	2.913
11482	1665.000	-0.351	-0.188	0.000	-28.762	9.935
11498	1665.000	-0.280	0.256	0.067	-28.298	20.291
11514	1665.000	-0.311	0.148	0.078	-28.218	3.963
11530	1665.000	-0.211	0.788	0.170	-28.544	22.482
11546	1665.000	-0.353	-0.065	0.000	-28.783	22.283
11562	1665.000	-0.322	-0.274	0.000	-28.078	0.652
11578	1665.000	-0.111	1.063	0.224	-28.229	22.332
11594	1665.000	-0.337	-0.185	0.042	-28.360	-11.055
11610	1665.000	-0.231	0.415	0.181	-28.158	-20.638
11626	1665.000	-0.366	-0.099	0.003	-28.911	17.664
11642	1665.000	-0.352	-0.049	0.000	-28.236	23.314
11658	1665.000	-0.272	-0.140	0.077	-28.313	-23.973
11674	1665.000	-0.310	-0.044	0.062	-29.128	-6.380
11690	1665.000	-0.325	-0.318	0.019	-28.125	-13.158
11706	1665.000	-0.323	-0.199	0.000	-28.561	8.692
11722	1665.000	-0.323	-0.080	0.000	-28.224	20.238
11738	1665.000	-0.388	-0.123	0.000	-28.081	15.750
11754	1665.000	-0.365	-0.059	0.000	-28.155	22.218
11770	1665.000	-0.224	-0.101	0.084	-28.407	-23.793
11786	1665.000	-0.383	-0.045	0.004	-28.120	21.909
11802	1665.000	-0.210	0.770	0.186	-28.208	12.224
11818	1665.000	-0.300	0.059	0.045	-28.541	12.142
11834	1665.000	-0.387	-0.130	0.000	-28.095	15.131
11850	1665.000	-0.381	-0.149	0.000	-28.204	13.271
11866	1665.000	-0.375	-0.186	0.000	-28.350	9.773
11882	1665.000	-0.317	-0.093	0.018	-28.205	9.858
12522	1665.000	-0.322	-0.270	0.000	-22.862	-4.117
12538	1665.000	-0.220	0.123	0.059	-22.722	5.477
12554	1665.000	-0.041	0.975	0.215	-22.793	12.954
12570	1665.000	-0.343	-0.412	0.000	-23.140	-18.038
12586	1665.000	-0.149	0.489	0.174	-22.954	-15.106
12602	1665.000	-0.271	-0.271	0.000	-23.047	-4.007
12618	1665.000	-0.181	0.378	0.082	-22.873	19.688
12634	1665.000	-0.249	-0.295	0.032	-22.539	-22.895
12650	1665.000	-0.138	0.540	0.131	-22.756	11.165
12666	1665.000	-0.153	0.516	0.109	-22.541	19.751
12682	1665.000	-0.293	-0.203	0.000	-22.543	2.227
12698	1665.000	-0.271	0.037	0.070	-22.940	-8.628
12714	1665.000	-0.325	-0.279	0.000	-22.622	-5.288
12730	1665.000	-0.215	0.133	0.083	-22.539	-5.526
12746	1665.000	-0.214	0.211	0.085	-22.625	1.236
12762	1665.000	-0.299	0.039	0.005	-23.064	24.261
12778	1665.000	-0.339	-0.446	0.000	-22.539	-22.023
12794	1665.000	-0.317	-0.359	0.000	-22.539	-13.372
12810	1665.000	-0.325	-0.138	0.000	-23.285	9.504
12826	1665.000	-0.234	-0.115	0.061	-22.546	-19.513
12842	1665.000	-0.260	-0.065	0.068	-22.545	-17.805
12858	1665.000	-0.229	0.228	0.098	-22.964	-3.122
12874	1665.000	-0.240	-0.272	0.000	-22.645	-4.519
12890	1665.000	-0.245	0.065	0.053	-22.943	3.121
12906	1665.000	-0.310	-0.213	0.029	-22.957	-13.010
12922	1665.000	-0.246	0.060	0.041	-22.938	8.630
12938	1665.000	-0.176	0.536	0.111	-22.880	20.787
12954	1665.000	-0.332	-0.346	0.004	-22.863	-13.721
12970	1665.000	-0.233	0.220	0.097	-22.716	-3.779
12986	1665.000	-0.308	-0.469	0.000	-22.549	-24.311
13002	1665.000	-0.260	-0.066	0.082	-23.261	-24.478
13018	1665.000	-0.258	0.107	0.040	-22.988	13.597
13034	1665.000	-0.282	-0.197	0.000	-22.545	2.813
13050	1665.000	-0.216	0.185	0.039	-22.630	21.805
13066	1665.000	-0.207	-0.169	0.058	-22.950	-23.046
13082	1665.000	-0.311	-0.285	0.000	-22.669	-5.792
13098	1665.000	-0.290	-0.334	0.008	-22.870	-14.547
13114	1665.000	-0.285	0.014	0.010	-22.662	19.158
13130	1665.000	-0.251	0.110	0.061	-22.891	3.388
13770	1665.000	-0.987	-1.120	0.030	-133.702	6.832
13786	1665.000	-0.876	-1.095	0.000	-123.457	13.911
13802	1665.000	-0.985	-1.340	0.000	-130.847	-3.105
13818	1665.000	-0.859	-1.328	0.000	-126.188	-6.582
13834	1665.000	-0.986	-1.403	0.000	-130.074	-10.230
13850	1665.000	-0.962	-1.016	0.000	-122.725	21.151
13866	1665.000	-0.997	-1.403	0.000	-122.126	-18.190
13882	1665.000	-0.932	-1.013	0.000	-121.496	20.194
13898	1665.000	-0.952	-1.192	0.000	-121.496	2.249
13914	1665.000	-0.920	-1.249	0.000	-121.530	-3.382
13930	1665.000	-1.025	-1.244	0.000	-124.386	-0.032
13946	1665.000	-0.958	-0.993	0.000	-121.496	22.213
13962	1665.000	-0.982	-1.158	0.000	-123.757	7.910
13978	1665.000	-1.035	-1.254	0.041	-140.201	-5.920
13994	1665.000	-0.981	-1.384	0.004	-127.281	-12.880
14010	1665.000	-0.969	-1.188	0.000	-122.330	3.529
14026	1665.000	-1.012	-1.429	0.000	-127.220	-15.688
14042	1665.000	-1.012	-1.425	0.000	-122.165	-20.338
14058	1665.000	-1.018	-1.313	0.000	-121.496	-9.776
14074	1665.000	-0.848	-0.518	0.113	-126.721	18.239
14090	1665.000	-0.913	-1.088	0.000	-132.450	23.647
14106	1665.000	-0.837	-1.101	0.000	-121.509	11.419
14122	1665.000	-0.994	-1.181	0.000	-136.027	17.933
14138	1665.000	-0.919	-1.004	0.026	-126.715	13.080
14154	1665.000	-0.941	-1.037	0.000	-125.559	21.866
14170	1665.000	-0.939	-1.007	0.000	-122.248	21.575
14186	1665.000	-0.606	-1.434	0.000	-123.066	-20.324
14202	1665.000	-0.925	-1.353	0.000	-121.496	-13.823
14218	1665.000	-0.926	-0.761	0.052	-121.813	19.547
14234	1665.000	-0.947	-1.363	0.000	-122.081	-14.213
14250	1665.000	-0.906	-0.709	0.084	-122.575	9.556
14266	1665.000	-0.942	-1.050	0.070	-125.869	-14.121
14282	1665.000	-0.943	-1.123	0.000	-121.496	9.219
14298	1665.000	-1.057	-1.476	0.000	-135.200	-12.360
14314	1665.000	-0.944	-1.116	0.000	-130.765	19.118
14330	1665.000	-0.887	-1.154	0.012	-125.593	4.126
14346	1665.000	-1.031	-1.439	0.000	-137.368	-6.498
14362	1665.000	-0.899	-1.188	0.000	-121.496	2.720
14378	1665.000	-0.883	-0.989	0.088	-141.011	-1.911
