# NEST version: 3.6.0-post0.dev0
# RecordingBackendASCII version: 2
sender	time_ms	V_m	I_tot	I_exc	I_inh	I_noise
5	1662.000	-1.002	-0.555	0.000	-78.555	23.038
21	1662.000	-0.663	-0.617	0.000	-78.564	16.867
37	1662.000	-0.947	-0.989	0.000	-78.555	-20.295
53	1662.000	-0.949	-0.731	0.000	-79.322	6.179
69	1662.000	-0.966	-0.969	0.000	-79.284	-17.593
85	1662.000	-1.029	-0.636	0.000	-79.798	16.149
101	1662.000	-0.977	-0.598	0.000	-78.920	19.123
117	1662.000	-1.046	-1.029	0.000	-78.871	-24.051
133	1662.000	-1.019	-0.694	0.000	-80.694	11.252
149	1662.000	-1.067	-0.787	0.000	-80.623	1.972
165	1662.000	-0.951	-0.889	0.000	-78.618	-10.328
181	1662.000	-0.944	-0.595	0.000	-78.577	19.081
197	1662.000	-0.929	-0.606	0.000	-79.322	18.674
213	1662.000	-0.934	-0.542	0.000	-78.596	24.409
229	1662.000	-1.061	-0.869	0.000	-78.555	-8.342
245	1662.000	-1.015	-0.582	0.000	-80.926	22.739
261	1662.000	-0.971	-0.757	0.000	-78.555	2.831
277	1662.000	-0.933	-0.661	0.000	-78.601	12.469
293	1662.000	-0.917	-0.596	0.000	-78.591	19.007
309	1662.000	-1.009	-1.002	0.000	-78.573	-21.658
325	1662.000	-0.971	-0.653	0.000	-78.627	13.328
341	1662.000	-0.960	-0.662	0.000	-78.591	12.418
357	1662.000	-1.005	-0.956	0.000	-78.555	-17.032
373	1662.000	-0.936	-0.689	0.000	-78.922	9.996
389	1662.000	-0.957	-0.573	0.000	-80.876	23.579
405	1662.000	-0.658	-0.566	0.000	-81.297	24.676
421	1662.000	-0.949	-0.682	0.000	-81.243	13.047
437	1662.000	-0.995	-0.906	0.000	-79.796	-10.849
453	1662.000	-1.037	-0.842	0.000	-81.978	-2.252
469	1662.000	-1.016	-0.850	0.000	-79.712	-5.330
485	1662.000	-0.989	-0.963	0.000	-78.555	-17.761
501	1662.000	-0.937	-0.735	0.000	-78.959	5.416
517	1662.000	-0.493	4.357	1.000	-78.602	14.257
533	1662.000	-1.028	-1.020	0.000	-78.911	-23.095
549	1662.000	-0.935	-0.678	0.000	-78.609	10.800
565	1662.000	-0.979	-0.904	0.000	-79.405	-11.010
581	1662.000	-0.740	-0.941	0.000	-78.555	-15.558
597	1662.000	-0.940	-0.797	0.000	-78.602	-1.110
613	1662.000	-1.040	-0.856	0.000	-79.765	-5.796
1253	1662.000	-0.285	-0.119	0.000	-24.608	12.725
1269	1662.000	-0.339	-0.048	0.000	-25.144	20.340
1285	1662.000	-0.320	-0.355	0.000	-25.146	-10.329
1301	1662.000	-0.262	-0.066	0.000	-25.011	18.447
1317	1662.000	-0.276	-0.058	0.000	-24.605	18.852
1333	1662.000	-0.354	-0.459	0.000	-24.607	-21.307
1349	1662.000	-0.268	-0.011	0.000	-24.821	23.768
1365	1662.000	-0.312	-0.011	0.000	-24.915	23.852
1381	1662.000	-0.321	-0.423	0.000	-24.571	-17.778
1397	1662.000	-0.331	-0.281	0.000	-25.120	-2.956
1413	1662.000	-0.332	-0.061	0.000	-25.683	19.603
1429	1662.000	-0.364	-0.383	0.000	-24.768	-13.500
1445	1662.000	-0.303	-0.253	0.000	-24.561	-0.779
1461	1662.000	-0.343	-0.443	0.000	-24.638	-19.697
1477	1662.000	-0.307	-0.402	0.000	-24.727	-15.516
1493	1662.000	-0.349	-0.427	0.000	-24.768	-17.935
1509	1662.000	-0.349	-0.102	0.000	-24.662	14.482
1525	1662.000	-0.330	-0.239	0.000	-25.239	1.315
1541	1662.000	-0.294	-0.219	0.000	-24.644	2.790
1557	1662.000	-0.318	-0.181	0.000	-24.567	6.508
1573	1662.000	-0.320	-0.213	0.000	-24.827	3.482
1589	1662.000	-0.333	-0.493	0.000	-25.172	-24.174
1605	1662.000	-0.326	-0.051	0.000	-24.569	19.435
1621	1662.000	-0.332	-0.264	0.000	-24.654	-1.763
1637	1662.000	-0.281	-0.423	0.000	-25.893	-16.377
1653	1662.000	-0.300	-0.191	0.000	-24.734	5.604
1669	1662.000	-0.317	-0.273	0.000	-24.811	-2.510
1685	1662.000	-0.298	-0.486	0.000	-24.964	-23.648
1701	1662.000	-0.232	-0.044	0.000	-24.761	20.386
1717	1662.000	-0.276	-0.009	0.000	-25.007	24.078
1733	1662.000	-0.286	-0.043	0.000	-24.710	20.435
1749	1662.000	-0.247	-0.030	0.000	-24.670	21.657
1765	1662.000	-0.285	-0.365	0.000	-25.169	-11.362
1781	1662.000	-0.337	-0.194	0.000	-24.563	5.196
1797	1662.000	-0.306	-0.156	0.000	-24.988	9.375
1813	1662.000	-0.330	-0.149	0.000	-25.070	10.151
1829	1662.000	-0.305	-0.448	0.000	-24.564	-20.206
1845	1662.000	-0.297	-0.142	0.000	-24.725	10.481
1861	1662.000	-0.322	-0.068	0.000	-25.017	18.217
1877	1662.000	-0.315	-0.071	0.000	-24.809	17.746
2517	1662.000	-0.445	-0.462	0.000	-33.951	-12.239
2533	1662.000	-0.469	-0.543	0.000	-33.054	-21.247
2549	1662.000	-0.387	-0.130	0.000	-33.446	20.493
2565	1662.000	-0.400	-0.559	0.000	-33.142	-22.733
2581	1662.000	-0.391	-0.167	0.000	-33.321	16.599
2597	1662.000	-0.426	-0.534	0.000	-33.396	-20.051
2613	1662.000	-0.486	-0.572	0.000	-33.050	-24.165
2629	1662.000	-0.422	-0.335	0.000	-33.701	0.245
2645	1662.000	-0.354	-0.290	0.000	-33.481	4.459
2661	1662.000	-0.387	-0.190	0.000	-33.083	14.121
2677	1662.000	-0.467	-0.517	0.000	-33.356	-18.299
2693	1662.000	-0.443	-0.405	0.000	-33.177	-7.302
2709	1662.000	-0.364	-0.137	0.000	-33.488	19.754
2725	1662.000	-0.473	-0.157	0.000	-32.988	17.326
2741	1662.000	-0.453	-0.482	0.000	-33.180	-15.064
2757	1662.000	-0.382	-0.220	0.000	-33.458	11.420
2773	1662.000	-0.475	-0.412	0.000	-33.917	-7.293
2789	1662.000	-0.386	-0.187	0.000	-33.094	14.348
2805	1662.000	-0.458	-0.538	0.000	-32.893	-20.916
2821	1662.000	-0.412	-0.392	0.000	-33.406	-5.795
2837	1662.000	-0.439	-0.305	0.000	-33.158	2.630
2853	1662.000	-0.420	-0.502	0.000	-32.894	-17.276
2869	1662.000	-0.449	-0.354	0.000	-33.225	-2.163
2885	1662.000	-0.420	-0.146	0.000	-33.563	18.974
2901	1662.000	-0.383	-0.374	0.000	-32.893	-4.526
2917	1662.000	-0.418	-0.194	0.000	-33.185	13.753
2933	1662.000	-0.443	-0.422	0.000	-33.667	-8.569
2949	1662.000	-0.347	-0.116	0.000	-32.898	21.295
2965	1662.000	-0.431	-0.568	0.000	-33.173	-23.636
2981	1662.000	-0.389	-0.284	0.000	-32.893	4.489
2997	1662.000	-0.398	-0.337	0.000	-32.898	-0.839
3013	1662.000	-0.479	-0.381	0.000	-33.651	-4.453
3029	1662.000	-0.365	-0.272	0.000	-33.256	6.103
3045	1662.000	-0.359	-0.346	0.000	-33.162	-1.395
3061	1662.000	-0.411	-0.136	0.000	-33.599	19.969
3077	1662.000	-0.403	-0.250	0.000	-33.091	8.049
3093	1662.000	-0.428	-0.341	0.000	-33.398	-0.691
3109	1662.000	-0.418	-0.534	0.000	-33.478	-19.880
3125	1662.000	-0.428	-0.391	0.000	-33.492	-5.651
3765	1662.000	-0.351	-0.476	0.000	-32.459	-15.177
3781	1662.000	-0.423	-0.147	0.000	-32.505	17.850
3797	1662.000	-0.392	-0.493	0.000	-32.599	-16.691
3813	1662.000	-0.416	-0.256	0.000	-32.719	7.158
3829	1662.000	-0.447	-0.264	0.000	-33.085	6.652
3845	1662.000	-0.357	-0.315	0.000	-33.136	1.611
3861	1662.000	-0.413	-0.208	0.000	-32.804	11.993
3877	1662.000	-0.453	-0.563	0.000	-32.819	-23.496
3893	1662.000	-0.454	-0.346	0.000	-33.048	-1.515
3909	1662.000	-0.428	-0.405	0.000	-32.903	-7.647
3925	1662.000	-0.371	-0.287	0.000	-32.877	4.180
3941	1662.000	-0.390	-0.122	0.000	-33.400	21.243
3957	1662.000	-0.419	-0.501	0.000	-32.772	-17.342
3973	1662.000	-0.348	-0.315	0.000	-32.593	1.101
3989	1662.000	-0.373	-0.168	0.000	-33.458	16.619
4005	1662.000	-0.430	-0.468	0.000	-32.712	-14.077
4021	1662.000	-0.407	-0.251	0.000	-33.600	8.530
4037	1662.000	-0.389	-0.087	0.000	-32.910	24.202
4053	1662.000	-0.364	-0.304	0.000	-32.649	2.208
4069	1662.000	-0.314	-0.176	0.000	-33.164	15.596
4085	1662.000	-0.413	-0.467	0.000	-32.832	-13.879
4101	1662.000	-0.400	-0.369	0.000	-32.555	-4.313
4117	1662.000	-0.408	-0.232	0.000	-33.438	10.239
4133	1662.000	-0.412	-0.126	0.000	-32.669	20.047
4149	1662.000	-0.412	-0.455	0.000	-33.394	-12.100
4165	1662.000	-0.408	-0.570	0.000	-33.019	-23.944
4181	1662.000	-0.480	-0.377	0.000	-32.885	-4.812
4197	1662.000	-0.472	-0.581	0.000	-33.254	-24.822
4213	1662.000	-0.381	-0.122	0.000	-32.735	20.559
4229	1662.000	-0.429	-0.253	0.000	-33.161	7.880
4245	1662.000	-0.421	-0.146	0.000	-32.726	18.106
4261	1662.000	-0.418	-0.316	0.000	-32.617	1.054
4277	1662.000	-0.403	-0.443	0.000	-32.692	-11.650
4293	1662.000	-0.436	-0.263	0.000	-32.460	6.153
4309	1662.000	-0.400	-0.171	0.000	-32.919	15.855
4325	1662.000	-0.428	-0.491	0.000	-32.826	-16.314
4341	1662.000	-0.411	-0.322	0.000	-32.504	0.310
4357	1662.000	-0.369	-0.201	0.000	-32.846	12.732
4373	1662.000	-0.420	-0.557	0.000	-32.549	-23.156
5013	1662.000	-0.279	-0.123	0.000	-23.433	11.129
5029	1662.000	-0.277	-0.477	0.000	-23.431	-24.292
5045	1662.000	-0.250	-0.180	0.000	-23.757	5.791
5061	1662.000	-0.265	-0.366	0.000	-23.517	-13.119
5077	1662.000	-0.299	-0.074	0.000	-23.527	16.169
5093	1662.000	-0.276	-0.054	0.000	-23.637	18.279
5109	1662.000	-0.320	-0.059	0.000	-23.643	17.719
5125	1662.000	-0.243	-0.384	0.000	-23.481	-14.881
5141	1662.000	-0.317	-0.192	0.000	-23.727	4.539
5157	1662.000	-0.244	-0.066	0.000	-23.808	17.245
5173	1662.000	-0.307	-0.301	0.000	-23.836	-6.295
5189	1662.000	-0.295	-0.027	0.000	-24.074	21.387
5205	1662.000	-0.282	-0.393	0.000	-23.910	-15.371
5221	1662.000	-0.296	-0.069	0.000	-23.854	16.936
5237	1662.000	-0.223	-0.019	0.000	-24.582	22.719
5253	1662.000	-0.268	-0.331	0.000	-23.484	-9.645
5269	1662.000	-0.269	-0.154	0.000	-23.861	8.415
5285	1662.000	-0.271	-0.075	0.000	-23.912	16.377
5301	1662.000	-0.325	-0.421	0.000	-23.933	-18.181
5317	1662.000	-0.315	-0.389	0.000	-23.957	-14.928
5333	1662.000	-0.272	-0.268	0.000	-23.427	-3.411
5349	1662.000	-0.311	-0.271	0.000	-24.093	-2.982
5365	1662.000	-0.268	-0.381	0.000	-23.529	-14.584
5381	1662.000	-0.331	-0.309	0.000	-23.894	-7.033
5397	1662.000	-0.305	-0.464	0.000	-23.510	-22.875
5413	1662.000	-0.305	-0.102	0.000	-23.694	13.462
5429	1662.000	-0.344	-0.241	0.000	-24.433	0.336
5445	1662.000	-0.251	-0.114	0.000	-23.430	12.060
5461	1662.000	-0.354	-0.453	0.000	-23.425	-21.864
5477	1662.000	-0.298	-0.363	0.000	-23.659	-12.670
5493	1662.000	-0.279	-0.067	0.000	-23.427	16.677
5509	1662.000	-0.296	-0.443	0.000	-23.425	-20.863
5525	1662.000	-0.326	-0.150	0.000	-23.845	8.796
5541	1662.000	-0.292	-0.363	0.000	-23.678	-12.669
5557	1662.000	-0.370	-0.292	0.000	-23.667	-5.569
5573	1662.000	-0.279	-0.367	0.000	-23.728	-13.020
5589	1662.000	-0.324	-0.265	0.000	-23.520	-2.939
5605	1662.000	-0.309	-0.486	0.000	-23.628	-24.993
5621	1662.000	-0.331	-0.261	0.000	-23.847	-2.222
6261	1662.000	-0.986	-0.611	0.000	-81.342	20.229
6277	1662.000	-0.965	-0.775	0.000	-81.317	3.774
6293	1662.000	-1.045	-0.930	0.000	-81.317	-11.637
6309	1662.000	-1.061	-1.021	0.000	-81.317	-20.817
6325	1662.000	-1.012	-0.863	0.000	-81.316	-4.979
6341	1662.000	-1.060	-0.915	0.000	-81.317	-10.143
6357	1662.000	-1.055	-1.020	0.000	-82.919	-19.130
6373	1662.000	-0.965	-0.629	0.000	-81.685	18.813
6389	1662.000	-1.064	-1.032	0.000	-81.680	-21.521
6405	1662.000	-1.093	-0.986	0.000	-83.370	-15.264
6421	1662.000	-1.058	-1.040	0.000	-84.359	-19.689
6437	1662.000	-0.823	-0.725	0.000	-82.859	10.378
6453	1662.000	-0.997	-0.677	0.000	-81.369	13.711
6469	1662.000	-1.045	-0.712	0.000	-83.818	12.591
6485	1662.000	-1.070	-0.814	0.000	-83.339	1.898
6501	1662.000	-1.035	-0.769	0.000	-82.097	5.149
6517	1662.000	-0.868	-0.990	0.000	-82.144	-16.819
6533	1662.000	-1.061	-0.711	0.000	-83.712	12.568
6549	1662.000	-1.096	-0.879	0.000	-85.014	-2.899
6565	1662.000	-1.069	-0.859	0.000	-82.292	-3.653
6581	1662.000	-1.058	-0.965	0.000	-82.476	-14.071
6597	1662.000	-0.427	-0.765	0.000	-84.314	7.805
6613	1662.000	-1.036	-1.034	0.000	-82.293	-21.100
6629	1662.000	-1.070	-1.035	0.000	-82.951	-20.592
6645	1662.000	-0.999	-0.775	0.000	-81.402	3.899
6661	1662.000	-0.988	-0.572	0.000	-82.131	24.966
6677	1662.000	-1.055	-0.920	0.000	-83.418	-8.547
6693	1662.000	-0.899	-0.704	0.000	-81.333	10.978
6709	1662.000	-1.008	-1.056	0.000	-83.401	-22.225
6725	1662.000	-1.028	-0.842	0.000	-82.447	-1.719
6741	1662.000	-1.006	-0.644	0.000	-81.317	16.943
6757	1662.000	-1.084	-0.747	0.000	-82.433	7.766
6773	1662.000	-1.046	-0.873	0.000	-81.317	-5.981
6789	1662.000	-1.027	-0.946	0.000	-81.318	-13.254
6805	1662.000	-0.914	-1.032	0.000	-83.666	-19.526
6821	1662.000	-0.992	-0.710	0.000	-81.339	10.299
6837	1662.000	-1.007	-0.750	0.000	-81.336	6.383
6853	1662.000	-1.025	-1.018	0.000	-81.317	-20.433
6869	1662.000	-1.015	-0.839	0.000	-83.149	-0.767
7509	1662.000	-0.997	-0.838	0.000	-78.436	-5.342
7525	1662.000	-1.005	-0.833	0.000	-78.795	-4.494
7541	1662.000	-1.000	-0.995	0.000	-78.436	-21.089
7557	1662.000	-1.043	-0.803	0.000	-79.193	-1.134
7573	1662.000	-0.999	-0.895	0.000	-79.099	-10.376
7589	1662.000	-1.037	-0.896	0.000	-80.548	-9.071
7605	1662.000	-0.930	-0.747	0.000	-78.457	3.719
7621	1662.000	-1.072	-0.988	0.000	-80.072	-18.702
7637	1662.000	-1.005	-0.767	0.000	-80.739	4.071
7653	1662.000	-0.951	-0.676	0.000	-78.494	10.937
7669	1662.000	-0.590	-0.960	0.000	-80.072	-15.889
7685	1662.000	-0.981	-0.977	0.000	-78.436	-19.229
7701	1662.000	-0.915	-0.844	0.000	-78.475	-5.935
7717	1662.000	-0.520	-1.027	0.000	-79.512	-23.215
7733	1662.000	-0.943	-0.931	0.000	-78.436	-14.639
7749	1662.000	-0.958	-0.833	0.000	-79.230	-4.044
7765	1662.000	-1.046	-0.630	0.000	-81.080	18.034
7781	1662.000	-0.978	-0.809	0.000	-79.210	-1.660
7797	1662.000	-1.019	-1.007	0.000	-80.008	-20.698
7813	1662.000	-0.914	-0.596	0.000	-78.436	18.883
7829	1662.000	-0.656	-0.940	0.000	-80.504	-13.542
7845	1662.000	-1.055	-0.905	0.000	-81.763	-8.764
7861	1662.000	-1.018	-0.798	0.000	-80.504	0.705
7877	1662.000	-0.935	-0.800	0.000	-78.436	-1.596
7893	1662.000	-1.068	-0.968	0.000	-79.860	-16.943
7909	1662.000	-0.955	-0.827	0.000	-80.001	-2.675
7925	1662.000	-0.941	-1.025	0.000	-80.526	-21.962
7941	1662.000	-0.986	-0.754	0.000	-78.453	3.039
7957	1662.000	-0.952	-0.716	0.000	-78.453	6.892
7973	1662.000	-0.982	-0.722	0.000	-79.223	7.047
7989	1662.000	-0.850	-0.654	0.000	-78.436	13.061
8005	1662.000	-0.996	-0.963	0.000	-78.453	-17.807
8021	1662.000	-0.715	-0.916	0.000	-78.436	-13.162
8037	1662.000	-1.019	-0.992	0.000	-78.436	-20.812
8053	1662.000	-0.862	-0.746	0.000	-78.482	3.894
8069	1662.000	-0.999	-0.706	0.000	-79.099	8.520
8085	1662.000	-0.977	-0.780	0.000	-78.436	0.423
8101	1662.000	-0.914	-0.711	0.000	-78.453	7.328
8117	1662.000	-1.028	-0.685	0.000	-80.247	11.706
8133	1662.000	-0.887	-0.752	0.000	-78.436	3.206
8773	1662.000	-0.383	-0.500	0.000	-27.586	-22.409
8789	1662.000	-0.308	-0.254	0.000	-27.358	1.975
8805	1662.000	-0.387	-0.362	0.000	-27.351	-8.837
8821	1662.000	-0.421	-0.304	0.000	-27.261	-3.169
8837	1662.000	-0.302	-0.388	0.000	-27.176	-11.577
8853	1662.000	-0.325	-0.258	0.000	-27.173	1.364
8869	1662.000	-0.308	-0.406	0.000	-27.190	-13.439
8885	1662.000	-0.364	-0.461	0.000	-27.706	-18.381
8901	1662.000	-0.319	-0.102	0.000	-27.173	16.977
8917	1662.000	-0.359	-0.408	0.000	-27.346	-13.490
8933	1662.000	-0.308	-0.121	0.000	-27.708	15.574
8949	1662.000	-0.333	-0.289	0.000	-27.880	-1.000
8965	1662.000	-0.298	-0.418	0.000	-27.520	-14.277
8981	1662.000	-0.374	-0.266	0.000	-27.635	1.011
8997	1662.000	-0.351	-0.126	0.000	-28.637	16.073
9013	1662.000	-0.318	-0.273	0.000	-27.451	0.147
9029	1662.000	-0.339	-0.089	0.000	-27.447	18.516
9045	1662.000	-0.372	-0.470	0.000	-27.456	-19.554
9061	1662.000	-0.366	-0.416	0.000	-27.189	-14.372
9077	1662.000	-0.354	-0.271	0.000	-27.225	0.107
9093	1662.000	-0.345	-0.155	0.000	-27.461	11.985
9109	1662.000	-0.294	-0.230	0.000	-27.180	4.170
9125	1662.000	-0.343	-0.340	0.000	-27.863	-6.135
9141	1662.000	-0.420	-0.462	0.000	-27.295	-18.933
9157	1662.000	-0.377	-0.444	0.000	-27.219	-17.229
9173	1662.000	-0.361	-0.054	0.000	-28.118	22.767
9189	1662.000	-0.374	-0.351	0.000	-27.174	-7.954
9205	1662.000	-0.344	-0.485	0.000	-27.213	-21.286
9221	1662.000	-0.347	-0.269	0.000	-27.734	0.823
9237	1662.000	-0.380	-0.431	0.000	-27.176	-15.882
9253	1662.000	-0.362	-0.286	0.000	-27.643	-0.935
9269	1662.000	-0.422	-0.518	0.000	-27.753	-24.089
9285	1662.000	-0.325	-0.206	0.000	-27.322	6.733
9301	1662.000	-0.345	-0.488	0.000	-27.684	-21.133
9317	1662.000	-0.308	-0.272	0.000	-27.779	0.600
9333	1662.000	-0.424	-0.524	0.000	-27.750	-24.615
9349	1662.000	-0.319	-0.215	0.000	-27.317	5.855
9365	1662.000	-0.339	-0.313	0.000	-27.528	-3.806
9381	1662.000	-0.374	-0.134	0.000	-27.540	14.189
10021	1662.000	-0.430	-0.488	0.000	-32.556	-16.196
10037	1662.000	-0.428	-0.547	0.000	-33.030	-21.673
10053	1662.000	-0.439	-0.566	0.000	-32.677	-23.973
10069	1662.000	-0.469	-0.571	0.000	-32.847	-24.292
10085	1662.000	-0.422	-0.544	0.000	-32.979	-21.389
10101	1662.000	-0.412	-0.388	0.000	-32.835	-5.921
10117	1662.000	-0.384	-0.115	0.000	-32.909	21.427
10133	1662.000	-0.397	-0.425	0.000	-32.864	-9.608
10149	1662.000	-0.449	-0.517	0.000	-32.720	-18.992
10165	1662.000	-0.394	-0.109	0.000	-33.054	22.121
10181	1662.000	-0.432	-0.557	0.000	-32.639	-23.020
10197	1662.000	-0.383	-0.214	0.000	-33.066	11.630
10213	1662.000	-0.387	-0.404	0.000	-32.777	-7.580
10229	1662.000	-0.388	-0.389	0.000	-33.422	-5.447
10245	1662.000	-0.438	-0.464	0.000	-32.771	-13.615
10261	1662.000	-0.446	-0.559	0.000	-32.554	-23.316
10277	1662.000	-0.390	-0.381	0.000	-34.101	-4.007
10293	1662.000	-0.410	-0.208	0.000	-32.895	12.120
10309	1662.000	-0.470	-0.376	0.000	-33.290	-4.296
10325	1662.000	-0.398	-0.096	0.000	-33.515	23.880
10341	1662.000	-0.397	-0.290	0.000	-32.911	3.882
10357	1662.000	-0.448	-0.376	0.000	-33.778	-3.821
10373	1662.000	-0.425	-0.439	0.000	-33.174	-10.684
10389	1662.000	-0.442	-0.164	0.000	-32.569	16.189
10405	1662.000	-0.397	-0.093	0.000	-33.338	24.047
10421	1662.000	-0.450	-0.448	0.000	-33.060	-11.705
10437	1662.000	-0.457	-0.177	0.000	-32.971	15.257
10453	1662.000	-0.470	-0.559	0.000	-33.497	-22.398
10469	1662.000	-0.411	-0.089	0.000	-33.554	24.696
10485	1662.000	-0.407	-0.135	0.000	-33.416	19.871
10501	1662.000	-0.359	-0.159	0.000	-32.671	16.741
10517	1662.000	-0.423	-0.461	0.000	-32.840	-13.222
10533	1662.000	-0.382	-0.308	0.000	-32.741	1.894
10549	1662.000	-0.413	-0.107	0.000	-32.563	21.900
10565	1662.000	-0.426	-0.535	0.000	-32.554	-20.921
10581	1662.000	-0.437	-0.489	0.000	-32.794	-16.131
10597	1662.000	-0.360	-0.087	0.000	-32.855	24.172
10613	1662.000	-0.450	-0.233	0.000	-32.554	9.292
10629	1662.000	-0.402	-0.257	0.000	-32.883	7.232
11269	1662.000	-0.382	-0.232	0.000	-32.580	9.345
11285	1662.000	-0.400	-0.272	0.000	-32.024	4.796
11301	1662.000	-0.388	-0.361	0.000	-33.018	-3.120
11317	1662.000	-0.417	-0.403	0.000	-32.458	-7.809
11333	1662.000	-0.385	-0.518	0.000	-31.817	-20.009
11349	1662.000	-0.398	-0.180	0.000	-32.430	14.396
11365	1662.000	-0.447	-0.388	0.000	-32.061	-6.733
11381	1662.000	-0.428	-0.191	0.000	-31.817	12.683
11397	1662.000	-0.388	-0.226	0.000	-32.371	9.790
11413	1662.000	-0.474	-0.312	0.000	-32.256	1.082
11429	1662.000	-0.383	-0.125	0.000	-32.385	19.836
11445	1662.000	-0.436	-0.562	0.000	-32.048	-24.177
11461	1662.000	-0.442	-0.536	0.000	-32.096	-21.541
11477	1662.000	-0.400	-0.114	0.000	-31.902	20.526
11493	1662.000	-0.390	-0.472	0.000	-31.939	-15.283
11509	1662.000	-0.457	-0.454	0.000	-32.125	-13.249
11525	1662.000	-0.365	-0.127	0.000	-32.303	19.579
11541	1662.000	-0.359	-0.220	0.000	-32.236	10.251
11557	1662.000	-0.440	-0.217	0.000	-31.910	10.240
11573	1662.000	-0.371	-0.189	0.000	-33.164	14.282
11589	1662.000	-0.376	-0.469	0.000	-32.004	-14.881
11605	1662.000	-0.437	-0.494	0.000	-31.910	-17.478
11621	1662.000	-0.385	-0.301	0.000	-32.771	2.710
11637	1662.000	-0.379	-0.189	0.000	-31.911	12.990
11653	1662.000	-0.387	-0.538	0.000	-32.367	-21.424
11669	1662.000	-0.432	-0.179	0.000	-31.914	13.976
11685	1662.000	-0.300	-0.110	0.000	-32.037	21.038
11701	1662.000	-0.377	-0.481	0.000	-32.443	-15.616
11717	1662.000	-0.400	-0.287	0.000	-32.177	3.514
11733	1662.000	-0.424	-0.527	0.000	-31.880	-20.804
11749	1662.000	-0.361	-0.256	0.000	-31.837	6.277
11765	1662.000	-0.422	-0.129	0.000	-32.121	19.235
11781	1662.000	-0.394	-0.070	0.000	-31.827	24.849
11797	1662.000	-0.362	-0.259	0.000	-31.933	6.025
11813	1662.000	-0.395	-0.537	0.000	-32.230	-21.502
11829	1662.000	-0.402	-0.337	0.000	-32.372	-1.344
11845	1662.000	-0.447	-0.292	0.000	-32.516	3.360
11861	1662.000	-0.388	-0.309	0.000	-32.070	1.205
11877	1662.000	-0.397	-0.247	0.000	-32.923	8.218
12517	1662.000	-0.278	-0.056	0.000	-25.547	19.962
12533	1662.000	-0.306	-0.130	0.000	-25.628	12.589
12549	1662.000	-0.303	-0.282	0.000	-26.000	-2.222
12565	1662.000	-0.335	-0.233	0.000	-25.955	2.621
12581	1662.000	-0.260	-0.132	0.000	-25.644	12.450
12597	1662.000	-0.316	-0.294	0.000	-26.156	-3.222
12613	1662.000	-0.297	-0.455	0.000	-26.185	-19.318
12629	1662.000	-0.304	-0.279	0.000	-25.818	-2.088
12645	1662.000	-0.293	-0.195	0.000	-26.485	6.943
12661	1662.000	-0.266	-0.090	0.000	-25.702	16.730
12677	1662.000	-0.250	-0.081	0.000	-25.544	17.420
12693	1662.000	-0.320	-0.500	0.000	-25.678	-24.296
12709	1662.000	-0.357	-0.344	0.000	-25.552	-8.814
12725	1662.000	-0.365	-0.354	0.000	-25.615	-9.808
12741	1662.000	-0.315	-0.274	0.000	-25.541	-1.817
12757	1662.000	-0.299	-0.251	0.000	-25.727	0.655
12773	1662.000	-0.308	-0.204	0.000	-25.545	5.118
12789	1662.000	-0.327	-0.333	0.000	-25.987	-7.280
12805	1662.000	-0.309	-0.209	0.000	-25.621	4.729
12821	1662.000	-0.341	-0.203	0.000	-25.545	5.212
12837	1662.000	-0.326	-0.378	0.000	-26.168	-11.588
12853	1662.000	-0.295	-0.006	0.000	-25.543	24.950
12869	1662.000	-0.303	-0.084	0.000	-25.540	17.112
12885	1662.000	-0.329	-0.209	0.000	-25.544	4.604
12901	1662.000	-0.311	-0.040	0.000	-25.595	21.611
12917	1662.000	-0.295	-0.395	0.000	-25.646	-13.895
12933	1662.000	-0.289	-0.453	0.000	-25.621	-19.716
12949	1662.000	-0.336	-0.501	0.000	-26.020	-24.087
12965	1662.000	-0.413	-0.367	0.000	-26.496	-10.206
12981	1662.000	-0.292	-0.102	0.000	-25.655	15.433
12997	1662.000	-0.332	-0.292	0.000	-25.627	-3.530
13013	1662.000	-0.368	-0.344	0.000	-25.707	-8.687
13029	1662.000	-0.285	-0.176	0.000	-26.275	8.687
13045	1662.000	-0.367	-0.362	0.000	-26.120	-10.100
13061	1662.000	-0.325	-0.230	0.000	-25.637	2.613
13077	1662.000	-0.341	-0.399	0.000	-26.556	-13.310
13093	1662.000	-0.354	-0.419	0.000	-26.121	-15.818
13109	1662.000	-0.355	-0.468	0.000	-25.546	-21.292
13125	1662.000	-0.420	-0.511	0.000	-26.462	-24.641
13765	1662.000	-1.014	-0.631	0.000	-80.571	17.453
13781	1662.000	-1.013	-1.001	0.000	-80.587	-19.523
13797	1662.000	-1.116	-1.073	0.000	-85.091	-22.216
13813	1662.000	-1.028	-1.009	0.000	-80.561	-20.324
13829	1662.000	-0.908	-0.681	0.000	-80.628	12.523
13845	1662.000	-0.686	-0.925	0.000	-81.567	-10.951
13861	1662.000	-0.739	-0.931	0.000	-80.589	-12.495
13877	1662.000	-1.040	-0.800	0.000	-81.439	1.404
13893	1662.000	-1.014	-1.034	0.000	-82.350	-21.049
13909	1662.000	-1.054	-0.984	0.000	-80.561	-17.878
13925	1662.000	-0.996	-1.038	0.000	-81.246	-22.543
13941	1662.000	-0.983	-0.796	0.000	-80.561	0.952
13957	1662.000	-1.054	-0.655	0.000	-83.699	18.211
13973	1662.000	-0.980	-1.004	0.000	-80.561	-19.812
13989	1662.000	-0.544	4.270	1.000	-82.003	8.965
14005	1662.000	-1.025	-0.790	0.000	-83.265	4.303
14021	1662.000	-1.030	-0.680	0.000	-81.658	13.689
14037	1662.000	-1.044	-0.819	0.000	-82.003	0.062
14053	1662.000	-0.948	-0.783	0.000	-81.437	3.109
14069	1662.000	-1.041	-0.680	0.000	-82.466	14.513
14085	1662.000	-0.929	-0.842	0.000	-81.453	-2.759
14101	1662.000	-0.950	-0.687	0.000	-80.620	11.882
14117	1662.000	-1.016	-0.601	0.000	-81.354	21.277
14133	1662.000	-1.026	-0.777	0.000	-82.121	4.397
14149	1662.000	-0.594	-0.607	0.000	-80.586	19.896
14165	1662.000	-1.106	-0.898	0.000	-83.370	-6.392
14181	1662.000	-0.976	-0.967	0.000	-80.597	-16.116
14197	1662.000	-1.028	-0.843	0.000	-81.424	-2.892
14213	1662.000	-0.984	-0.961	0.000	-82.564	-13.571
14229	1662.000	-1.009	-0.853	0.000	-80.561	-4.737
14245	1662.000	-1.005	-0.815	0.000	-81.481	0.020
14261	1662.000	-0.768	-0.660	0.000	-83.252	17.280
14277	1662.000	-0.949	-0.666	0.000	-80.561	13.951
14293	1662.000	-0.974	-0.882	0.000	-81.521	-6.660
14309	1662.000	-1.032	-1.045	0.000	-80.928	-23.607
14325	1662.000	-1.038	-0.629	0.000	-81.318	18.422
14341	1662.000	-0.977	-1.027	0.000	-80.619	-22.119
14357	1662.000	-0.973	-0.565	0.000	-80.583	24.066
14373	1662.000	-0.712	-0.947	0.000	-82.874	-11.801
14389	1662.000	-0.593	-0.939	0.000	-80.561	-13.297
5	1663.000	-0.969	-0.651	0.000	-75.349	10.288
21	1663.000	-0.687	-0.702	0.000	-75.357	5.150
37	1663.000	-0.937	-0.854	0.000	-75.349	-10.100
53	1663.000	-0.946	-0.876	0.000	-76.043	-11.552
69	1663.000	-0.967	-0.926	0.000	-76.009	-16.602
85	1663.000	-1.013	-0.980	0.000	-76.474	-21.485
101	1663.000	-0.944	-0.911	0.000	-75.679	-15.419
117	1663.000	-0.997	-1.002	0.000	-75.635	-24.542
133	1663.000	-0.520	4.014	1.000	-77.284	-21.279
149	1663.000	-1.010	-0.904	0.000	-77.221	-13.223
165	1663.000	-0.941	-0.952	0.000	-75.406	-19.780
181	1663.000	-0.887	-0.638	0.000	-75.369	11.601
197	1663.000	-0.920	-0.841	0.000	-76.043	-8.084
213	1663.000	-0.883	-0.606	0.000	-75.386	14.767
229	1663.000	-0.982	-0.568	0.000	-75.349	18.568
245	1663.000	-0.959	-0.725	0.000	-77.495	5.015
261	1663.000	-0.936	-0.638	0.000	-75.349	11.560
277	1663.000	-0.874	-0.595	0.000	-75.391	15.898
293	1663.000	-0.875	-0.562	0.000	-75.382	19.201
309	1663.000	-0.973	-0.954	0.000	-75.365	-19.995
325	1663.000	-0.963	-0.966	0.000	-75.414	-21.191
341	1663.000	-0.948	-0.987	0.000	-75.382	-23.272
357	1663.000	-0.968	-0.806	0.000	-75.349	-5.276
373	1663.000	-0.406	4.392	1.000	-75.682	14.895
389	1663.000	-0.918	-0.750	0.000	-77.450	2.466
405	1663.000	-0.691	-0.947	0.000	-77.830	-16.875
421	1663.000	-0.924	-0.746	0.000	-77.781	3.146
437	1663.000	-0.947	-0.910	0.000	-76.472	-14.548
453	1663.000	-0.996	-0.906	0.000	-78.447	-12.138
469	1663.000	-0.990	-0.822	0.000	-76.396	-5.769
485	1663.000	-0.952	-0.839	0.000	-75.349	-8.600
501	1663.000	-0.896	-0.596	0.000	-75.715	16.151
517	1663.000	-0.532	-0.549	0.000	-75.392	20.452
533	1663.000	-0.938	-0.534	0.000	-75.671	22.244
549	1663.000	-0.931	-0.846	0.000	-75.398	-9.236
565	1663.000	-0.944	-0.644	0.000	-76.119	11.747
581	1663.000	-0.778	-0.924	0.000	-75.349	-17.040
597	1663.000	-0.898	-0.630	0.000	-75.391	12.361
613	1663.000	-0.988	-0.626	0.000	-76.444	13.837
1253	1663.000	-0.267	-0.198	0.000	-23.601	3.753
1269	1663.000	-0.317	-0.061	0.000	-24.086	17.964
1285	1663.000	-0.306	-0.420	0.000	-24.088	-17.905
1301	1663.000	-0.246	-0.227	0.000	-23.966	1.276
1317	1663.000	-0.292	-0.411	0.000	-23.599	-17.549
1333	1663.000	-0.321	-0.048	0.000	-23.600	18.768
1349	1663.000	-0.304	-0.487	0.000	-23.794	-24.911
1365	1663.000	-0.315	-0.315	0.000	-23.879	-7.609
1381	1663.000	-0.329	-0.421	0.000	-23.567	-18.579
1397	1663.000	-0.328	-0.224	0.000	-24.065	1.691
1413	1663.000	-0.323	-0.146	0.000	-24.574	10.006
1429	1663.000	-0.311	-0.076	0.000	-23.746	16.178
1445	1663.000	-0.303	-0.472	0.000	-23.559	-23.627
1461	1663.000	-0.338	-0.356	0.000	-23.628	-12.020
1477	1663.000	-0.287	-0.249	0.000	-23.709	-1.188
1493	1663.000	-0.341	-0.190	0.000	-23.746	4.790
1509	1663.000	-0.321	-0.129	0.000	-23.650	10.780
1525	1663.000	-0.283	-0.105	0.000	-24.173	13.691
1541	1663.000	-0.274	-0.105	0.000	-23.634	13.141
1557	1663.000	-0.327	-0.405	0.000	-23.564	-16.927
1573	1663.000	-0.314	-0.149	0.000	-23.799	8.911
1589	1663.000	-0.315	-0.361	0.000	-24.112	-11.946
1605	1663.000	-0.297	-0.043	0.000	-23.566	19.309
1621	1663.000	-0.328	-0.350	0.000	-23.642	-11.405
1637	1663.000	-0.262	-0.084	0.000	-24.763	16.335
1653	1663.000	-0.306	-0.331	0.000	-23.715	-9.354
1669	1663.000	-0.311	-0.164	0.000	-23.785	7.396
1685	1663.000	-0.307	-0.226	0.000	-23.923	1.333
1701	1663.000	-0.203	-0.130	0.000	-23.740	10.746
1717	1663.000	-0.248	-0.000	0.000	-23.962	23.944
1733	1663.000	-0.270	-0.207	0.000	-23.693	2.978
1749	1663.000	-0.248	-0.287	0.000	-23.657	-5.027
1765	1663.000	-0.293	-0.377	0.000	-24.109	-13.582
1781	1663.000	-0.303	-0.118	0.000	-23.561	11.742
1797	1663.000	-0.290	-0.062	0.000	-23.945	17.762
1813	1663.000	-0.349	-0.381	0.000	-24.019	-14.039
1829	1663.000	-0.292	-0.245	0.000	-23.561	-0.901
1845	1663.000	-0.248	-0.002	0.000	-23.707	23.484
1861	1663.000	-0.308	-0.110	0.000	-23.972	12.926
1877	1663.000	-0.310	-0.479	0.000	-23.783	-24.156
2517	1663.000	-0.436	-0.422	0.000	-32.508	-9.696
2533	1663.000	-0.402	-0.085	0.000	-31.696	23.211
2549	1663.000	-0.357	-0.163	0.000	-32.050	15.783
2565	1663.000	-0.391	-0.452	0.000	-31.776	-13.391
2581	1663.000	-0.406	-0.425	0.000	-31.938	-10.605
2597	1663.000	-0.397	-0.407	0.000	-32.006	-8.735
2613	1663.000	-0.491	-0.458	0.000	-31.693	-14.079
2629	1663.000	-0.413	-0.319	0.000	-32.282	0.336
2645	1663.000	-0.366	-0.406	0.000	-32.082	-8.515
2661	1663.000	-0.395	-0.361	0.000	-31.723	-4.404
2677	1663.000	-0.439	-0.396	0.000	-31.969	-7.619
2693	1663.000	-0.406	-0.193	0.000	-31.808	12.555
2709	1663.000	-0.362	-0.544	0.000	-32.088	-22.270
2725	1663.000	-0.437	-0.438	0.000	-31.636	-12.214
2741	1663.000	-0.423	-0.216	0.000	-31.810	10.216
2757	1663.000	-0.347	-0.092	0.000	-32.062	22.852
2773	1663.000	-0.443	-0.145	0.000	-32.477	17.937
2789	1663.000	-0.380	-0.349	0.000	-31.733	-3.176
2805	1663.000	-0.429	-0.143	0.000	-31.550	17.232
2821	1663.000	-0.365	-0.167	0.000	-32.015	15.278
2837	1663.000	-0.429	-0.442	0.000	-31.790	-12.457
2853	1663.000	-0.394	-0.271	0.000	-31.552	4.453
2869	1663.000	-0.437	-0.546	0.000	-31.851	-22.716
2885	1663.000	-0.417	-0.406	0.000	-32.157	-8.396
2901	1663.000	-0.375	-0.426	0.000	-31.550	-11.063
2917	1663.000	-0.422	-0.467	0.000	-31.815	-14.890
2933	1663.000	-0.437	-0.456	0.000	-32.250	-13.370
2949	1663.000	-0.366	-0.470	0.000	-31.555	-15.486
2965	1663.000	-0.398	-0.369	0.000	-31.804	-5.096
2981	1663.000	-0.346	-0.092	0.000	-31.551	22.306
2997	1663.000	-0.354	-0.218	0.000	-31.555	9.726
3013	1663.000	-0.430	-0.274	0.000	-32.236	4.885
3029	1663.000	-0.361	-0.425	0.000	-31.879	-10.653
3045	1663.000	-0.368	-0.459	0.000	-31.794	-14.071
3061	1663.000	-0.373	-0.074	0.000	-32.189	24.831
3077	1663.000	-0.395	-0.367	0.000	-31.729	-4.991
3093	1663.000	-0.401	-0.342	0.000	-32.007	-2.165
3109	1663.000	-0.389	-0.410	0.000	-32.079	-8.948
3125	1663.000	-0.427	-0.463	0.000	-32.092	-14.181
3765	1663.000	-0.356	-0.380	0.000	-31.135	-6.904
3781	1663.000	-0.388	-0.154	0.000	-31.176	15.792
3797	1663.000	-0.376	-0.223	0.000	-31.261	9.004
3813	1663.000	-0.392	-0.427	0.000	-31.370	-11.359
3829	1663.000	-0.458	-0.480	0.000	-31.701	-16.330
3845	1663.000	-0.339	-0.248	0.000	-31.747	6.946
3861	1663.000	-0.371	-0.192	0.000	-31.447	12.267
3877	1663.000	-0.407	-0.249	0.000	-31.460	6.520
3893	1663.000	-0.427	-0.218	0.000	-31.667	9.901
3909	1663.000	-0.400	-0.328	0.000	-31.536	-1.284
3925	1663.000	-0.357	-0.167	0.000	-31.513	14.774
3941	1663.000	-0.374	-0.352	0.000	-31.986	-3.251
3957	1663.000	-0.388	-0.097	0.000	-31.418	21.763
3973	1663.000	-0.317	-0.164	0.000	-31.255	14.869
3989	1663.000	-0.359	-0.133	0.000	-32.038	18.751
4005	1663.000	-0.435	-0.440	0.000	-31.364	-12.643
4021	1663.000	-0.385	-0.312	0.000	-32.167	1.012
4037	1663.000	-0.402	-0.405	0.000	-31.542	-8.946
4053	1663.000	-0.356	-0.104	0.000	-31.306	20.863
4069	1663.000	-0.310	-0.346	0.000	-31.772	-2.854
4085	1663.000	-0.399	-0.393	0.000	-31.471	-7.878
4101	1663.000	-0.367	-0.267	0.000	-31.221	4.566
4117	1663.000	-0.430	-0.532	0.000	-32.020	-21.144
4133	1663.000	-0.407	-0.350	0.000	-31.325	-3.628
4149	1663.000	-0.385	-0.317	0.000	-31.981	0.267
4165	1663.000	-0.400	-0.509	0.000	-31.641	-19.217
4181	1663.000	-0.466	-0.485	0.000	-31.520	-16.981
4197	1663.000	-0.462	-0.386	0.000	-31.853	-6.741
4213	1663.000	-0.365	-0.359	0.000	-31.384	-4.538
4229	1663.000	-0.426	-0.345	0.000	-31.770	-2.759
4245	1663.000	-0.411	-0.181	0.000	-31.376	13.229
4261	1663.000	-0.364	-0.119	0.000	-31.277	19.328
4277	1663.000	-0.403	-0.343	0.000	-31.345	-2.998
4293	1663.000	-0.399	-0.279	0.000	-31.135	3.281
4309	1663.000	-0.384	-0.421	0.000	-31.551	-10.564
4325	1663.000	-0.413	-0.555	0.000	-31.466	-24.062
4341	1663.000	-0.407	-0.390	0.000	-31.175	-7.813
4357	1663.000	-0.365	-0.182	0.000	-31.485	13.313
4373	1663.000	-0.367	-0.077	0.000	-31.215	23.559
5013	1663.000	-0.289	-0.441	0.000	-22.477	-21.579
5029	1663.000	-0.232	-0.067	0.000	-22.475	15.781
5045	1663.000	-0.261	-0.352	0.000	-22.770	-12.462
5061	1663.000	-0.281	-0.271	0.000	-22.552	-4.516
5077	1663.000	-0.259	-0.074	0.000	-22.562	15.116
5093	1663.000	-0.254	-0.147	0.000	-22.661	8.000
5109	1663.000	-0.303	-0.370	0.000	-22.666	-14.373
5125	1663.000	-0.240	-0.434	0.000	-22.520	-20.835
5141	1663.000	-0.324	-0.475	0.000	-22.742	-24.720
5157	1663.000	-0.249	-0.369	0.000	-22.816	-14.101
5173	1663.000	-0.285	-0.283	0.000	-22.841	-5.499
5189	1663.000	-0.302	-0.432	0.000	-23.056	-20.149
5205	1663.000	-0.286	-0.314	0.000	-22.907	-8.499
5221	1663.000	-0.278	-0.327	0.000	-22.857	-9.829
5237	1663.000	-0.231	-0.452	0.000	-23.516	-21.731
5253	1663.000	-0.278	-0.420	0.000	-22.523	-19.461
5269	1663.000	-0.226	-0.054	0.000	-22.864	17.511
5285	1663.000	-0.288	-0.396	0.000	-22.910	-16.726
5301	1663.000	-0.315	-0.127	0.000	-22.929	10.230
5317	1663.000	-0.263	-0.023	0.000	-22.950	20.662
5333	1663.000	-0.266	-0.334	0.000	-22.470	-10.885
5349	1663.000	-0.331	-0.394	0.000	-23.074	-16.328
5365	1663.000	-0.278	-0.352	0.000	-22.563	-12.629
5381	1663.000	-0.276	-0.020	0.000	-22.893	20.940
5397	1663.000	-0.276	-0.253	0.000	-22.546	-2.762
5413	1663.000	-0.298	-0.206	0.000	-22.713	2.095
5429	1663.000	-0.337	-0.296	0.000	-23.382	-6.234
5445	1663.000	-0.245	-0.010	0.000	-22.473	21.492
5461	1663.000	-0.334	-0.449	0.000	-22.469	-22.418
5477	1663.000	-0.311	-0.445	0.000	-22.681	-21.780
5493	1663.000	-0.309	-0.455	0.000	-22.471	-23.074
5509	1663.000	-0.253	-0.098	0.000	-22.469	12.659
5525	1663.000	-0.349	-0.464	0.000	-22.849	-23.541
5541	1663.000	-0.274	-0.031	0.000	-22.698	19.561
5557	1663.000	-0.351	-0.454	0.000	-22.688	-22.718
5573	1663.000	-0.248	-0.114	0.000	-22.743	11.367
5589	1663.000	-0.290	-0.132	0.000	-22.555	9.311
5605	1663.000	-0.284	-0.243	0.000	-22.653	-1.690
5621	1663.000	-0.305	-0.305	0.000	-22.850	-7.615
6261	1663.000	-0.955	-0.986	0.000	-78.021	-20.598
6277	1663.000	-0.946	-0.799	0.000	-77.999	-1.900
6293	1663.000	-0.977	-0.784	0.000	-77.998	-0.434
6309	1663.000	-0.995	-0.726	0.000	-77.998	5.437
6325	1663.000	-0.984	-0.841	0.000	-77.998	-6.074
6341	1663.000	-1.018	-0.635	0.000	-77.999	14.537
6357	1663.000	-1.004	-0.894	0.000	-79.448	-9.977
6373	1663.000	-0.021	4.081	0.000	-78.331	-13.608
6389	1663.000	-1.009	-0.844	0.000	-78.327	-6.035
6405	1663.000	-1.047	-0.719	0.000	-79.856	7.943
6421	1663.000	-0.998	-0.660	0.000	-80.751	14.754
6437	1663.000	-0.811	-0.879	0.000	-79.394	-8.486
6453	1663.000	-0.976	-0.933	0.000	-78.045	-15.262
6469	1663.000	-0.976	-0.612	0.000	-80.262	19.108
6485	1663.000	-1.004	-0.707	0.000	-79.828	9.141
6501	1663.000	-1.016	-0.955	0.000	-78.705	-16.826
6517	1663.000	-0.841	-0.611	0.000	-78.747	17.639
6533	1663.000	-1.022	-0.819	0.000	-80.166	-1.688
6549	1663.000	-1.065	-0.971	0.000	-81.344	-15.767
6565	1663.000	-1.038	-1.016	0.000	-78.881	-22.738
6581	1663.000	-0.985	-0.660	0.000	-79.047	13.051
6597	1663.000	-0.513	-1.039	0.000	-80.710	-23.195
6613	1663.000	-1.016	-0.858	0.000	-78.881	-6.913
6629	1663.000	-1.042	-0.890	0.000	-79.477	-9.521
6645	1663.000	-0.999	-0.965	0.000	-78.075	-18.392
6661	1663.000	-0.950	-0.795	0.000	-78.735	-0.732
6677	1663.000	-1.016	-0.993	0.000	-79.899	-19.413
6693	1663.000	-0.840	-0.567	0.000	-78.013	21.348
6709	1663.000	-0.936	-0.622	0.000	-79.884	17.732
6725	1663.000	-1.001	-0.868	0.000	-79.021	-7.739
6741	1663.000	-0.965	-0.944	0.000	-77.999	-16.420
6757	1663.000	-1.054	-0.822	0.000	-79.008	-3.215
6773	1663.000	-0.983	-0.712	0.000	-77.998	6.773
6789	1663.000	-0.996	-0.937	0.000	-77.999	-15.656
6805	1663.000	-0.857	-0.593	0.000	-80.124	20.846
6821	1663.000	-0.943	-0.716	0.000	-78.018	6.389
6837	1663.000	-0.987	-0.801	0.000	-78.015	-2.069
6853	1663.000	-0.999	-0.860	0.000	-77.999	-8.030
6869	1663.000	-0.982	-0.940	0.000	-79.656	-14.355
7509	1663.000	-0.958	-0.807	0.000	-75.235	-5.505
7525	1663.000	-0.923	-0.559	0.000	-75.560	19.644
7541	1663.000	-0.958	-0.838	0.000	-75.235	-8.530
7557	1663.000	-1.021	-0.928	0.000	-75.920	-16.924
7573	1663.000	-0.970	-0.741	0.000	-75.835	1.739
7589	1663.000	-0.981	-0.662	0.000	-77.146	10.985
7605	1663.000	-0.904	-0.660	0.000	-75.254	9.292
7621	1663.000	-0.996	-0.678	0.000	-76.716	8.920
7637	1663.000	-0.966	-0.944	0.000	-77.318	-17.065
7653	1663.000	-0.902	-0.794	0.000	-75.287	-4.073
7669	1663.000	-0.642	-0.895	0.000	-76.716	-12.815
7685	1663.000	-0.910	-0.620	0.000	-75.235	13.201
7701	1663.000	-0.884	-0.619	0.000	-75.270	13.362
7717	1663.000	-0.591	-0.868	0.000	-76.209	-10.623
7733	1663.000	-0.924	-0.850	0.000	-75.235	-9.776
7749	1663.000	-0.954	-0.994	0.000	-75.954	-23.419
7765	1663.000	-0.975	-0.626	0.000	-77.627	15.060
7781	1663.000	-0.954	-0.973	0.000	-75.935	-21.356
7797	1663.000	-0.941	-0.520	0.000	-76.657	24.636
7813	1663.000	-0.910	-0.880	0.000	-75.235	-12.750
7829	1663.000	-0.681	-0.818	0.000	-77.106	-4.681
7845	1663.000	-0.990	-0.664	0.000	-78.245	11.887
7861	1663.000	-0.978	-0.750	0.000	-77.106	2.113
7877	1663.000	-0.915	-0.907	0.000	-75.235	-15.499
7893	1663.000	-1.017	-1.007	0.000	-76.523	-24.149
7909	1663.000	-0.916	-0.868	0.000	-76.651	-10.113
7925	1663.000	-0.906	-0.869	0.000	-77.126	-9.765
7941	1663.000	-0.921	-0.633	0.000	-75.250	11.908
7957	1663.000	-0.951	-0.944	0.000	-75.250	-19.193
7973	1663.000	-0.970	-0.829	0.000	-75.947	-6.964
7989	1663.000	-0.854	-0.930	0.000	-75.235	-17.729
8005	1663.000	-0.971	-0.881	0.000	-75.250	-12.837
8021	1663.000	-0.716	-0.832	0.000	-75.235	-7.956
8037	1663.000	-0.967	-0.544	0.000	-75.235	20.831
8053	1663.000	-0.845	-0.954	0.000	-75.277	-20.132
8069	1663.000	-0.935	-0.693	0.000	-75.835	6.567
8085	1663.000	-0.959	-0.920	0.000	-75.235	-16.795
8101	1663.000	0.028	4.284	0.000	-75.250	3.632
8117	1663.000	-0.978	-0.597	0.000	-76.874	17.171
8133	1663.000	-0.872	-0.759	0.000	-75.235	-0.633
8773	1663.000	-0.394	-0.474	0.000	-26.438	-20.942
8789	1663.000	-0.278	-0.015	0.000	-26.232	24.742
8805	1663.000	-0.327	-0.060	0.000	-26.226	20.197
8821	1663.000	-0.401	-0.395	0.000	-26.143	-13.320
8837	1663.000	-0.282	-0.104	0.000	-26.066	15.685
8853	1663.000	-0.297	-0.066	0.000	-26.064	19.510
8869	1663.000	-0.319	-0.374	0.000	-26.080	-11.347
8885	1663.000	-0.372	-0.350	0.000	-26.546	-8.415
8901	1663.000	-0.292	-0.051	0.000	-26.064	20.986
8917	1663.000	-0.341	-0.172	0.000	-26.221	9.022
8933	1663.000	-0.274	-0.178	0.000	-26.549	8.755
8949	1663.000	-0.360	-0.476	0.000	-26.704	-20.889
8965	1663.000	-0.287	-0.372	0.000	-26.378	-10.814
8981	1663.000	-0.345	-0.327	0.000	-26.482	-6.212
8997	1663.000	-0.309	-0.123	0.000	-27.388	15.062
9013	1663.000	-0.294	-0.162	0.000	-26.316	10.109
9029	1663.000	-0.341	-0.446	0.000	-26.312	-18.279
9045	1663.000	-0.354	-0.250	0.000	-26.320	1.337
9061	1663.000	-0.350	-0.276	0.000	-26.079	-1.487
9077	1663.000	-0.339	-0.236	0.000	-26.111	2.499
9093	1663.000	-0.356	-0.437	0.000	-26.325	-17.384
9109	1663.000	-0.259	-0.081	0.000	-26.071	17.965
9125	1663.000	-0.325	-0.118	0.000	-26.688	14.911
9141	1663.000	-0.404	-0.471	0.000	-26.175	-20.931
9157	1663.000	-0.363	-0.169	0.000	-26.106	9.196
9173	1663.000	-0.334	-0.129	0.000	-26.919	13.992
9189	1663.000	-0.358	-0.375	0.000	-26.065	-11.394
9205	1663.000	-0.328	-0.155	0.000	-26.100	10.591
9221	1663.000	-0.335	-0.122	0.000	-26.571	14.390
9237	1663.000	-0.334	-0.213	0.000	-26.066	4.782
9253	1663.000	-0.333	-0.132	0.000	-26.489	13.336
9269	1663.000	-0.415	-0.422	0.000	-26.589	-15.569
9285	1663.000	-0.299	-0.252	0.000	-26.199	0.989
9301	1663.000	-0.331	-0.456	0.000	-26.526	-19.113
9317	1663.000	-0.305	-0.153	0.000	-26.613	11.311
9333	1663.000	-0.355	-0.042	0.000	-26.586	22.338
9349	1663.000	-0.296	-0.165	0.000	-26.194	9.649
9365	1663.000	-0.334	-0.284	0.000	-26.385	-1.965
9381	1663.000	-0.361	-0.494	0.000	-26.396	-23.049
10021	1663.000	-0.417	-0.355	0.000	-31.227	-4.264
10037	1663.000	-0.400	-0.411	0.000	-31.656	-9.409
10053	1663.000	-0.411	-0.074	0.000	-31.336	23.917
10069	1663.000	-0.429	-0.108	0.000	-31.490	20.731
10085	1663.000	-0.364	-0.098	0.000	-31.610	21.784
10101	1663.000	-0.357	-0.125	0.000	-31.479	18.976
10117	1663.000	-0.376	-0.228	0.000	-31.546	8.763
10133	1663.000	-0.375	-0.238	0.000	-31.506	7.674
10149	1663.000	-0.425	-0.389	0.000	-31.375	-7.560
10165	1663.000	-0.383	-0.209	0.000	-31.678	10.778
10181	1663.000	-0.419	-0.227	0.000	-31.302	8.601
10197	1663.000	-0.344	-0.079	0.000	-31.689	23.804
10213	1663.000	-0.384	-0.319	0.000	-31.428	-0.464
10229	1663.000	-0.398	-0.407	0.000	-32.011	-8.697
10245	1663.000	-0.422	-0.244	0.000	-31.422	7.061
10261	1663.000	-0.408	-0.291	0.000	-31.225	2.163
10277	1663.000	-0.366	-0.115	0.000	-32.625	21.100
10293	1663.000	-0.353	-0.072	0.000	-31.534	24.307
10309	1663.000	-0.417	-0.159	0.000	-31.891	15.952
10325	1663.000	-0.346	-0.123	0.000	-32.095	19.831
10341	1663.000	-0.380	-0.128	0.000	-31.548	18.729
10357	1663.000	-0.412	-0.241	0.000	-32.333	8.217
10373	1663.000	-0.403	-0.454	0.000	-31.787	-13.621
10389	1663.000	-0.449	-0.403	0.000	-31.239	-9.106
10405	1663.000	-0.371	-0.171	0.000	-31.934	14.844
10421	1663.000	-0.439	-0.451	0.000	-31.683	-13.372
10437	1663.000	-0.423	-0.244	0.000	-31.603	7.195
10453	1663.000	-0.454	-0.271	0.000	-32.079	4.985
10469	1663.000	-0.384	-0.158	0.000	-32.130	16.336
10485	1663.000	-0.370	-0.266	0.000	-32.006	5.359
10501	1663.000	-0.340	-0.226	0.000	-31.331	8.734
10517	1663.000	-0.387	-0.193	0.000	-31.485	12.190
10533	1663.000	-0.357	-0.258	0.000	-31.395	5.616
10549	1663.000	-0.377	-0.311	0.000	-31.234	0.135
10565	1663.000	-0.387	-0.170	0.000	-31.225	14.189
10581	1663.000	-0.420	-0.213	0.000	-31.443	10.129
10597	1663.000	-0.328	-0.141	0.000	-31.498	17.377
10613	1663.000	-0.410	-0.110	0.000	-31.225	20.219
10629	1663.000	-0.383	-0.476	0.000	-31.524	-16.082
11269	1663.000	-0.360	-0.300	0.000	-31.209	1.217
11285	1663.000	-0.405	-0.503	0.000	-30.706	-19.557
11301	1663.000	-0.389	-0.239	0.000	-31.605	7.729
11317	1663.000	-0.372	-0.199	0.000	-31.099	11.158
11333	1663.000	-0.341	-0.186	0.000	-30.518	11.911
11349	1663.000	-0.388	-0.379	0.000	-31.073	-6.798
11365	1663.000	-0.397	-0.062	0.000	-30.739	24.568
11381	1663.000	-0.366	-0.090	0.000	-30.518	21.527
11397	1663.000	-0.346	-0.135	0.000	-31.020	17.519
11413	1663.000	-0.456	-0.203	0.000	-30.915	10.590
11429	1663.000	-0.381	-0.279	0.000	-31.033	3.179
11445	1663.000	-0.393	-0.248	0.000	-30.728	5.931
11461	1663.000	-0.415	-0.167	0.000	-30.771	14.052
11477	1663.000	-0.374	-0.407	0.000	-30.595	-10.125
11493	1663.000	-0.374	-0.156	0.000	-30.629	14.993
11509	1663.000	-0.460	-0.475	0.000	-30.797	-16.659
11525	1663.000	-0.369	-0.404	0.000	-30.958	-9.425
11541	1663.000	-0.346	-0.431	0.000	-30.898	-12.205
11557	1663.000	-0.392	-0.176	0.000	-30.603	13.038
11573	1663.000	-0.386	-0.540	0.000	-31.737	-22.278
11589	1663.000	-0.406	-0.538	0.000	-30.688	-23.097
11605	1663.000	-0.435	-0.526	0.000	-30.603	-22.034
11621	1663.000	-0.376	-0.360	0.000	-31.382	-4.586
11637	1663.000	-0.356	-0.137	0.000	-30.603	16.924
11653	1663.000	-0.357	-0.108	0.000	-31.016	20.262
11669	1663.000	-0.405	-0.434	0.000	-30.607	-12.833
11685	1663.000	-0.307	-0.178	0.000	-30.717	12.880
11701	1663.000	-0.362	-0.192	0.000	-31.085	11.909
11717	1663.000	-0.379	-0.188	0.000	-30.844	12.093
11733	1663.000	-0.403	-0.246	0.000	-30.575	5.985
11749	1663.000	-0.341	-0.160	0.000	-30.536	14.532
11765	1663.000	-0.407	-0.152	0.000	-30.794	15.602
11781	1663.000	-0.405	-0.407	0.000	-30.528	-10.165
11797	1663.000	-0.325	-0.239	0.000	-30.624	6.726
11813	1663.000	-0.385	-0.525	0.000	-30.893	-21.629
11829	1663.000	-0.405	-0.437	0.000	-31.021	-12.633
11845	1663.000	-0.431	-0.218	0.000	-31.151	9.347
11861	1663.000	-0.400	-0.407	0.000	-30.747	-9.985
11877	1663.000	-0.357	-0.124	0.000	-31.520	19.159
12517	1663.000	-0.246	-0.151	0.000	-24.504	9.386
12533	1663.000	-0.254	-0.014	0.000	-24.577	23.166
12549	1663.000	-0.314	-0.298	0.000	-24.914	-4.893
12565	1663.000	-0.323	-0.238	0.000	-24.874	1.118
12581	1663.000	-0.277	-0.342	0.000	-24.592	-9.576
12597	1663.000	-0.341	-0.463	0.000	-25.056	-21.270
12613	1663.000	-0.307	-0.232	0.000	-25.081	1.851
12629	1663.000	-0.306	-0.212	0.000	-24.750	3.543
12645	1663.000	-0.251	-0.104	0.000	-25.353	14.978
12661	1663.000	-0.257	-0.177	0.000	-24.644	6.947
12677	1663.000	-0.283	-0.422	0.000	-24.502	-17.688
12693	1663.000	-0.308	-0.369	0.000	-24.622	-12.256
12709	1663.000	-0.343	-0.431	0.000	-24.509	-18.622
12725	1663.000	-0.343	-0.047	0.000	-24.566	19.879
12741	1663.000	-0.278	-0.073	0.000	-24.499	17.233
12757	1663.000	-0.267	-0.161	0.000	-24.667	8.576
12773	1663.000	-0.307	-0.134	0.000	-24.503	11.078
12789	1663.000	-0.337	-0.489	0.000	-24.902	-24.021
12805	1663.000	-0.325	-0.455	0.000	-24.571	-20.933
12821	1663.000	-0.341	-0.491	0.000	-24.503	-24.632
12837	1663.000	-0.318	-0.453	0.000	-25.066	-20.203
12853	1663.000	-0.285	-0.262	0.000	-24.500	-1.683
12869	1663.000	-0.285	-0.016	0.000	-24.498	22.919
12885	1663.000	-0.318	-0.398	0.000	-24.501	-15.262
12901	1663.000	-0.312	-0.289	0.000	-24.548	-4.350
12917	1663.000	-0.290	-0.342	0.000	-24.593	-9.610
12933	1663.000	-0.282	-0.253	0.000	-24.571	-0.684
12949	1663.000	-0.324	-0.260	0.000	-24.932	-1.093
12965	1663.000	-0.390	-0.489	0.000	-25.362	-23.495
12981	1663.000	-0.279	-0.038	0.000	-24.601	20.761
12997	1663.000	-0.325	-0.415	0.000	-24.577	-16.879
13013	1663.000	-0.373	-0.381	0.000	-24.649	-13.440
13029	1663.000	-0.260	-0.100	0.000	-25.163	15.148
13045	1663.000	-0.351	-0.274	0.000	-25.023	-2.348
13061	1663.000	-0.283	0.001	0.000	-24.586	24.650
13077	1663.000	-0.331	-0.344	0.000	-25.417	-8.989
13093	1663.000	-0.332	-0.122	0.000	-25.023	12.839
13109	1663.000	-0.327	-0.367	0.000	-24.503	-12.217
13125	1663.000	-0.374	-0.218	0.000	-25.332	3.486
13765	1663.000	-0.996	-0.889	0.000	-77.283	-11.659
13781	1663.000	-0.963	-0.759	0.000	-77.296	1.425
13797	1663.000	-1.070	-0.900	0.000	-81.372	-8.648
13813	1663.000	-1.021	-0.974	0.000	-77.274	-20.112
13829	1663.000	-0.913	-0.892	0.000	-77.334	-11.841
13845	1663.000	-0.745	-1.029	0.000	-78.183	-24.698
13861	1663.000	-0.753	-0.903	0.000	-77.298	-12.986
13877	1663.000	-1.001	-0.859	0.000	-78.067	-7.820
13893	1663.000	-0.969	-0.833	0.000	-78.892	-4.437
13909	1663.000	-1.006	-0.989	0.000	-77.274	-21.621
13925	1663.000	-0.940	-0.683	0.000	-77.893	9.562
13941	1663.000	-0.958	-0.729	0.000	-77.274	4.407
13957	1663.000	-1.013	-0.936	0.000	-80.113	-13.513
13973	1663.000	-0.964	-0.969	0.000	-77.274	-19.672
13989	1663.000	-0.580	-0.693	0.000	-78.578	9.307
14005	1663.000	-0.966	-0.587	0.000	-79.720	21.044
14021	1663.000	-0.091	4.144	0.000	-78.266	-7.333
14037	1663.000	-1.003	-0.676	0.000	-78.578	10.978
14053	1663.000	-0.935	-1.029	0.000	-78.065	-24.792
14069	1663.000	-1.008	-0.777	0.000	-78.997	1.302
14085	1663.000	-0.902	-0.839	0.000	-78.081	-5.840
14101	1663.000	-0.934	-1.005	0.000	-77.326	-23.191
14117	1663.000	-0.998	-0.976	0.000	-77.991	-19.588
14133	1663.000	-0.980	-0.581	0.000	-78.684	20.567
14149	1663.000	-0.652	-0.842	0.000	-77.296	-6.861
14165	1663.000	-1.032	-0.780	0.000	-79.815	1.781
14181	1663.000	-0.932	-0.873	0.000	-77.306	-10.004
14197	1663.000	-0.970	-0.711	0.000	-78.054	6.973
14213	1663.000	-0.934	-0.669	0.000	-79.086	12.222
14229	1663.000	-0.981	-0.861	0.000	-77.274	-8.796
14245	1663.000	-0.957	-0.689	0.000	-78.105	9.238
14261	1663.000	-0.767	-0.807	0.000	-79.708	-1.018
14277	1663.000	-0.953	-0.952	0.000	-77.274	-17.957
14293	1663.000	-0.903	-0.611	0.000	-78.142	17.059
14309	1663.000	-0.981	-0.659	0.000	-77.606	11.660
14325	1663.000	-0.987	-0.844	0.000	-77.959	-6.432
14341	1663.000	-0.936	-0.928	0.000	-77.326	-15.486
14357	1663.000	-0.959	-0.997	0.000	-77.293	-22.443
14373	1663.000	-0.770	-1.032	0.000	-79.367	-23.876
14389	1663.000	-0.614	-0.696	0.000	-77.274	7.701
5	1664.000	-0.912	-0.496	0.000	-73.615	24.043
21	1664.000	-0.701	-0.921	0.000	-73.621	-18.434
37	1664.000	-0.891	-0.516	0.000	-73.615	22.001
53	1664.000	-0.912	-0.694	0.000	-74.242	4.880
69	1664.000	-0.923	-0.544	0.000	-74.211	19.855
85	1664.000	-0.975	-0.927	0.000	-74.632	-18.080
101	1664.000	-0.887	-0.662	0.000	-73.913	7.706
117	1664.000	-0.962	-0.710	0.000	-73.873	2.829
133	1664.000	-0.568	-0.864	0.000	-75.365	-11.031
149	1664.000	-0.958	-0.770	0.000	-75.308	-1.659
165	1664.000	-0.923	-0.854	0.000	-73.666	-11.696
181	1664.000	-0.852	-0.621	0.000	-73.632	11.521
197	1664.000	-0.857	-0.633	0.000	-74.243	10.910
213	1664.000	-0.853	-0.769	0.000	-73.648	-3.241
229	1664.000	-0.936	-0.730	0.000	-73.615	0.663
245	1664.000	-0.888	-0.585	0.000	-75.556	17.026
261	1664.000	-0.871	-0.648	0.000	-73.615	8.791
277	1664.000	-0.836	-0.555	0.000	-73.652	18.179
293	1664.000	-0.843	-0.736	0.000	-73.644	0.050
309	1664.000	-0.921	-0.831	0.000	-73.629	-9.488
325	1664.000	-0.946	-0.872	0.000	-73.673	-13.497
341	1664.000	-0.912	-0.592	0.000	-73.644	14.454
357	1664.000	-0.934	-0.661	0.000	-73.615	7.549
373	1664.000	-0.466	-0.664	0.000	-73.915	7.503
389	1664.000	-0.921	-0.876	0.000	-75.515	-12.104
405	1664.000	-0.704	-0.823	0.000	-75.859	-6.450
421	1664.000	-0.899	-0.597	0.000	-75.815	16.115
437	1664.000	-0.909	-0.688	0.000	-74.630	5.825
453	1664.000	-0.947	-0.849	0.000	-76.417	-8.486
469	1664.000	-0.968	-0.947	0.000	-74.561	-20.125
485	1664.000	-0.886	-0.450	0.050	-73.615	3.622
501	1664.000	-0.889	-0.947	0.000	-73.945	-20.790
517	1664.000	-0.597	-0.942	0.000	-78.034	-16.178
533	1664.000	-0.885	-0.641	0.000	-73.906	9.773
549	1664.000	-0.895	-0.535	0.000	-73.658	20.157
565	1664.000	-0.909	-0.756	0.000	-74.310	-1.241
581	1664.000	-0.774	-0.967	0.000	-73.615	-23.104
597	1664.000	-0.862	-0.762	0.000	-73.652	-2.532
613	1664.000	-0.948	-0.678	0.000	-74.605	6.810
1253	1664.000	-0.233	0.020	0.000	-22.636	24.645
1269	1664.000	-0.284	-0.266	0.000	-23.074	-3.557
1285	1664.000	-0.249	0.005	0.000	-23.076	23.606
1301	1664.000	-0.240	-0.293	0.000	-22.966	-6.357
1317	1664.000	-0.270	-0.011	0.010	-22.633	16.455
1333	1664.000	-0.319	-0.340	0.000	-22.635	-11.393
1349	1664.000	-0.286	-0.268	0.000	-22.810	-3.944
1365	1664.000	-0.305	-0.286	0.000	-22.887	-5.760
1381	1664.000	-0.309	-0.299	0.000	-22.605	-7.316
1397	1664.000	-0.291	-0.195	0.000	-23.055	3.577
1413	1664.000	-0.281	-0.048	0.000	-23.516	18.743
1429	1664.000	-0.288	0.006	0.000	-22.767	23.381
1445	1664.000	-0.273	-0.138	0.000	-22.597	8.824
1461	1664.000	-0.341	-0.472	0.000	-22.660	-24.565
1477	1664.000	-0.266	0.011	0.000	-22.733	23.816
1493	1664.000	-0.327	-0.169	0.000	-22.767	5.895
1509	1664.000	-0.275	-0.044	0.000	-22.680	18.271
1525	1664.000	-0.275	-0.261	0.000	-23.153	-2.922
1541	1664.000	-0.266	-0.092	0.000	-22.665	13.436
1557	1664.000	-0.300	0.020	0.000	-22.602	24.603
1573	1664.000	-0.339	-0.464	0.000	-22.815	-23.554
1589	1664.000	-0.288	-0.321	0.000	-23.098	-8.985
1605	1664.000	-0.246	-0.031	0.000	-22.604	19.462
1621	1664.000	-0.310	-0.089	0.000	-22.673	13.812
1637	1664.000	-0.223	0.281	0.056	-23.687	23.785
1653	1664.000	-0.253	-0.008	0.000	-22.739	21.976
1669	1664.000	-0.290	-0.394	0.000	-22.802	-16.557
1685	1664.000	-0.316	-0.450	0.000	-22.927	-22.087
1701	1664.000	-0.213	-0.316	0.000	-22.761	-8.873
1717	1664.000	-0.233	-0.077	0.000	-22.962	15.246
1733	1664.000	-0.274	-0.234	0.000	-22.719	-0.667
1749	1664.000	-0.246	-0.390	0.000	-22.686	-16.348
1765	1664.000	-0.268	-0.191	0.000	-23.095	4.042
1781	1664.000	-0.273	-0.170	0.000	-22.599	5.613
1797	1664.000	-0.276	-0.343	0.000	-22.946	-11.349
1813	1664.000	-0.321	-0.105	0.000	-23.014	12.516
1829	1664.000	-0.239	0.023	0.000	-22.600	24.949
1845	1664.000	-0.235	-0.015	0.000	-22.731	21.240
1861	1664.000	-0.327	-0.358	0.000	-22.971	-12.877
1877	1664.000	-0.312	-0.407	0.000	-22.800	-17.875
2517	1664.000	-0.435	-0.484	0.000	-31.129	-17.314
2533	1664.000	-0.397	-0.250	0.000	-30.395	5.409
2549	1664.000	-0.366	-0.388	0.000	-30.715	-8.063
2565	1664.000	-0.321	0.096	0.074	-30.466	2.965
2581	1664.000	-0.388	-0.140	0.000	-30.613	16.610
2597	1664.000	-0.393	-0.411	0.000	-30.674	-10.408
2613	1664.000	-0.485	-0.398	0.000	-30.391	-9.422
2629	1664.000	-0.382	-0.288	0.000	-30.924	2.152
2645	1664.000	-0.330	-0.258	0.000	-30.744	4.960
2661	1664.000	-0.399	-0.325	0.000	-30.418	-2.080
2677	1664.000	-0.411	-0.323	0.000	-30.642	-1.669
2693	1664.000	-0.414	-0.396	0.000	-30.495	-9.086
2709	1664.000	-0.354	-0.201	0.000	-30.749	10.658
2725	1664.000	-0.420	-0.531	0.000	-30.340	-22.768
2741	1664.000	-0.442	-0.510	0.000	-30.498	-20.496
2757	1664.000	-0.353	-0.309	0.000	-30.725	-0.203
2773	1664.000	-0.419	-0.443	0.000	-31.101	-13.172
2789	1664.000	-0.327	-0.102	0.000	-30.428	20.274
2805	1664.000	-0.401	-0.085	0.000	-30.263	21.791
2821	1664.000	-0.368	-0.432	0.000	-30.683	-12.488
2837	1664.000	-0.396	-0.195	0.000	-30.480	10.969
2853	1664.000	-0.354	-0.260	0.000	-30.264	4.272
2869	1664.000	-0.416	-0.361	0.000	-30.535	-5.525
2885	1664.000	-0.423	-0.493	0.000	-30.811	-18.467
2901	1664.000	-0.365	-0.504	0.000	-30.263	-20.174
2917	1664.000	-0.397	-0.440	0.000	-30.502	-13.511
2933	1664.000	-0.404	-0.286	0.000	-30.896	2.333
2949	1664.000	-0.342	-0.389	0.000	-30.267	-8.615
2965	1664.000	-0.378	-0.354	0.000	-30.492	-4.876
2981	1664.000	-0.328	-0.134	0.000	-30.263	16.901
2997	1664.000	-0.378	-0.471	0.000	-30.267	-16.861
3013	1664.000	-0.397	-0.079	0.000	-30.883	23.028
3029	1664.000	-0.369	-0.463	0.000	-30.560	-15.766
3045	1664.000	-0.365	-0.500	0.000	-30.483	-19.558
3061	1664.000	-0.350	-0.290	0.000	-30.841	1.867
3077	1664.000	-0.385	-0.422	0.000	-30.424	-11.730
3093	1664.000	-0.353	-0.119	0.000	-30.676	18.791
3109	1664.000	-0.387	-0.229	0.000	-30.741	7.805
3125	1664.000	-0.427	-0.342	0.000	-30.753	-3.461
3765	1664.000	-0.385	-0.548	0.000	-29.864	-24.918
3781	1664.000	-0.378	-0.263	0.000	-29.901	3.632
3797	1664.000	-0.355	-0.309	0.000	-29.978	-0.905
3813	1664.000	-0.358	-0.188	0.000	-30.077	11.287
3829	1664.000	-0.424	-0.082	0.000	-30.376	22.171
3845	1664.000	-0.343	-0.355	0.000	-30.418	-5.035
3861	1664.000	-0.374	-0.280	0.000	-30.146	2.099
3877	1664.000	-0.354	-0.166	0.000	-30.158	13.583
3893	1664.000	-0.420	-0.323	0.000	-30.346	-1.904
3909	1664.000	-0.396	-0.356	0.000	-30.227	-5.396
3925	1664.000	-0.327	-0.088	0.000	-30.206	21.413
3941	1664.000	-0.359	-0.395	0.000	-30.634	-8.821
3957	1664.000	-0.386	-0.483	0.000	-30.120	-18.217
3973	1664.000	-0.328	-0.336	0.000	-29.973	-3.590
3989	1664.000	-0.348	-0.371	0.000	-30.682	-6.420
4005	1664.000	-0.408	-0.332	0.000	-30.071	-3.133
4021	1664.000	-0.381	-0.223	0.000	-30.798	8.503
4037	1664.000	-0.404	-0.515	0.000	-30.233	-21.266
4053	1664.000	-0.367	-0.515	0.000	-30.019	-21.433
4069	1664.000	-0.305	-0.274	0.000	-30.441	3.088
4085	1664.000	-0.359	-0.283	0.000	-30.169	1.842
4101	1664.000	-0.351	-0.435	0.000	-29.942	-13.548
4117	1664.000	-0.444	-0.496	0.000	-30.665	-18.977
4133	1664.000	-0.419	-0.467	0.000	-30.036	-16.624
4149	1664.000	-0.335	-0.134	0.000	-30.630	17.258
4165	1664.000	-0.379	-0.238	0.000	-30.322	6.540
4181	1664.000	-0.461	-0.479	0.000	-30.213	-17.655
4197	1664.000	-0.437	-0.365	0.000	-30.514	-6.019
4213	1664.000	-0.389	-0.516	0.000	-30.090	-21.464
4229	1664.000	-0.408	-0.158	0.000	-30.439	14.595
4245	1664.000	-0.407	-0.421	0.000	-30.082	-12.059
4261	1664.000	-0.354	-0.086	0.000	-29.993	21.350
4277	1664.000	-0.391	-0.480	0.000	-30.054	-17.919
4293	1664.000	-0.381	-0.497	0.000	-29.864	-19.791
4309	1664.000	-0.342	-0.155	0.000	-30.240	14.731
4325	1664.000	-0.429	-0.512	0.000	-30.164	-21.070
4341	1664.000	-0.379	-0.239	0.000	-29.901	5.980
4357	1664.000	-0.376	-0.318	0.000	-30.181	-1.632
4373	1664.000	-0.336	-0.201	0.000	-29.937	9.846
5013	1664.000	-0.278	-0.032	0.000	-21.559	18.385
5029	1664.000	-0.263	-0.351	0.000	-21.557	-13.498
5045	1664.000	-0.268	-0.204	0.000	-21.824	1.380
5061	1664.000	-0.256	-0.107	0.000	-21.627	10.943
5077	1664.000	-0.249	-0.039	0.000	-21.636	17.712
5093	1664.000	-0.270	-0.415	0.000	-21.726	-19.822
5109	1664.000	-0.268	-0.159	0.000	-21.730	5.827
5125	1664.000	-0.259	-0.282	0.000	-21.598	-6.611
5141	1664.000	-0.325	-0.441	0.000	-21.799	-22.288
5157	1664.000	-0.220	-0.121	0.000	-21.866	9.806
5173	1664.000	-0.293	-0.358	0.000	-21.889	-13.915
5189	1664.000	-0.255	0.015	0.000	-22.083	23.631
5205	1664.000	-0.296	-0.408	0.000	-21.949	-18.879
5221	1664.000	-0.270	-0.381	0.000	-21.903	-16.160
5237	1664.000	-0.215	-0.114	0.000	-22.499	11.119
5253	1664.000	-0.266	-0.318	0.000	-21.600	-10.208
5269	1664.000	-0.222	-0.305	0.000	-21.909	-8.632
5285	1664.000	-0.270	-0.288	0.000	-21.951	-6.878
5301	1664.000	-0.273	-0.074	0.000	-21.968	14.554
5317	1664.000	-0.280	-0.439	0.000	-21.987	-21.918
5333	1664.000	-0.291	-0.393	0.000	-21.553	-17.764
5349	1664.000	-0.304	0.062	0.060	-22.099	-1.773
5365	1664.000	-0.255	-0.297	0.000	-21.637	-8.104
5381	1664.000	-0.252	-0.277	0.000	-21.936	-5.728
5397	1664.000	-0.246	0.006	0.000	-21.621	22.186
5413	1664.000	-0.279	0.005	0.000	-21.773	22.236
5429	1664.000	-0.317	-0.292	0.000	-22.378	-6.829
5445	1664.000	-0.242	-0.120	0.000	-21.556	9.581
5461	1664.000	-0.351	-0.433	0.000	-21.552	-21.739
5477	1664.000	-0.287	-0.194	0.000	-21.744	2.368
5493	1664.000	-0.261	0.058	0.077	-21.554	-11.184
5509	1664.000	-0.262	-0.263	0.000	-21.552	-4.787
5525	1664.000	-0.342	-0.438	0.000	-21.896	-21.931
5541	1664.000	-0.262	0.026	0.000	-21.759	24.386
5557	1664.000	-0.320	-0.229	0.000	-21.751	-1.158
5573	1664.000	-0.260	-0.280	0.000	-21.800	-6.193
5589	1664.000	-0.254	-0.009	0.009	-21.630	16.209
5605	1664.000	-0.288	-0.163	0.000	-21.719	5.374
5621	1664.000	-0.284	-0.104	0.000	-21.897	11.468
6261	1664.000	-0.919	-0.605	0.000	-76.176	15.710
6277	1664.000	-0.881	-0.606	0.000	-76.156	15.515
6293	1664.000	-0.940	-0.580	0.000	-76.155	18.148
6309	1664.000	-0.942	-0.633	0.000	-76.155	12.868
6325	1664.000	-0.917	-0.572	0.000	-76.155	18.993
6341	1664.000	-0.984	-0.814	0.000	-76.156	-5.276
6357	1664.000	-0.944	-0.592	0.000	-77.467	18.281
6373	1664.000	0.726	4.157	0.000	-76.456	-7.863
6389	1664.000	-0.949	-0.596	0.000	-76.453	16.886
6405	1664.000	-0.993	-0.661	0.000	-77.836	11.717
6421	1664.000	-0.940	-0.609	0.000	-78.646	17.697
6437	1664.000	-0.826	-0.872	0.000	-77.418	-9.826
6453	1664.000	-0.907	-0.579	0.000	-76.198	18.256
6469	1664.000	-0.923	-0.727	0.000	-78.203	5.513
6485	1664.000	-0.963	-0.580	0.000	-77.811	19.834
6501	1664.000	-0.960	-0.765	0.000	-76.794	0.269
6517	1664.000	-0.829	-0.921	0.000	-76.833	-15.313
6533	1664.000	-0.963	-0.609	0.000	-78.117	17.197
6549	1664.000	-1.012	-0.589	0.000	-79.182	20.274
6565	1664.000	-1.003	-0.711	0.000	-76.954	5.845
6581	1664.000	-0.939	-0.696	0.000	-77.104	7.526
6597	1664.000	-0.536	-0.635	0.000	-78.609	15.155
6613	1664.000	-0.957	-0.771	0.000	-76.954	-0.168
6629	1664.000	-0.965	-0.654	0.000	-77.493	12.094
6645	1664.000	-0.950	-0.815	0.000	-76.225	-5.279
6661	1664.000	-0.922	-0.697	0.000	-76.822	7.133
6677	1664.000	-0.974	-0.774	0.000	-77.875	0.521
6693	1664.000	-0.828	-0.987	0.000	-76.169	-22.491
6709	1664.000	-0.931	-0.878	0.000	-77.862	-9.919
6725	1664.000	-0.960	-0.918	0.000	-77.081	-14.723
6741	1664.000	-0.886	-0.283	0.091	-76.156	2.409
6757	1664.000	-0.987	-0.738	0.000	-77.069	3.238
6773	1664.000	-0.940	-0.948	0.000	-76.155	-18.653
6789	1664.000	-0.970	-0.889	0.000	-78.238	-10.689
6805	1664.000	-0.845	-0.780	0.000	-78.078	0.108
6821	1664.000	-0.938	-0.952	0.000	-76.173	-19.064
6837	1664.000	-0.949	-0.668	0.000	-76.171	9.392
6853	1664.000	-0.926	-0.549	0.000	-76.156	21.246
6869	1664.000	-0.985	-1.015	0.000	-77.655	-23.851
7509	1664.000	-0.935	-0.862	0.000	-72.164	-14.077
7525	1664.000	-0.886	-0.865	0.000	-72.459	-14.000
7541	1664.000	-0.950	-0.859	0.000	-72.164	-13.740
7557	1664.000	-0.950	-0.584	0.000	-72.784	14.343
7573	1664.000	-0.943	-0.885	0.000	-72.707	-15.793
7589	1664.000	-0.941	-0.813	0.000	-73.894	-7.405
7605	1664.000	-0.852	-0.483	0.000	-72.182	23.850
7621	1664.000	-0.955	-0.963	0.000	-73.504	-22.800
7637	1664.000	-0.919	-0.585	0.000	-74.050	15.515
7653	1664.000	-0.871	-0.831	0.000	-72.212	-10.931
7669	1664.000	-0.645	-0.718	0.000	-73.504	1.736
7685	1664.000	-0.896	-0.872	0.000	-72.164	-14.995
7701	1664.000	-0.862	-0.584	0.000	-72.197	13.840
7717	1664.000	-0.638	-0.714	0.000	-73.046	1.604
7733	1664.000	-0.872	-0.731	0.000	-72.164	-0.976
7749	1664.000	-0.908	-0.641	0.000	-72.815	8.755
7765	1664.000	-0.938	-0.885	0.000	-74.329	-14.178
7781	1664.000	-0.903	-0.558	0.000	-72.798	16.998
7797	1664.000	-0.886	-0.513	0.000	-73.452	22.151
7813	1664.000	-0.914	-0.908	0.000	-72.164	-18.677
7829	1664.000	-0.698	-0.855	0.000	-73.857	-11.660
7845	1664.000	-0.957	-0.663	0.000	-74.888	8.609
7861	1664.000	-0.980	-0.980	0.000	-73.857	-24.165
7877	1664.000	-0.911	-0.840	0.000	-72.164	-11.833
7893	1664.000	-0.992	-0.803	0.000	-73.330	-6.994
7909	1664.000	-0.888	-0.565	0.000	-73.446	16.957
7925	1664.000	-0.860	-0.740	0.000	-73.876	-0.119
7941	1664.000	-0.895	-0.682	0.000	-72.178	3.936
7957	1664.000	-0.889	-0.674	0.000	-72.178	4.812
7973	1664.000	-0.937	-0.762	0.000	-72.809	-3.357
7989	1664.000	-0.820	-0.824	0.000	-72.164	-10.232
8005	1664.000	-0.959	-0.952	0.000	-72.178	-23.011
8021	1664.000	-0.739	-0.848	0.000	-72.164	-12.684
8037	1664.000	-0.515	-0.839	0.000	-72.164	-11.744
8053	1664.000	-0.838	-0.862	0.000	-72.202	-14.022
8069	1664.000	-0.893	-0.747	0.000	-72.707	-1.965
8085	1664.000	-0.906	-0.692	0.000	-72.164	2.975
8101	1664.000	0.794	4.227	0.000	-72.178	-5.142
8117	1664.000	-0.945	-0.710	0.000	-73.647	2.631
8133	1664.000	-0.837	-0.557	0.000	-72.164	16.468
8773	1664.000	-0.348	-0.083	0.000	-25.339	17.089
8789	1664.000	-0.261	-0.063	0.000	-25.152	18.834
8805	1664.000	-0.316	-0.240	0.000	-25.146	1.176
8821	1664.000	-0.394	-0.248	0.000	-25.072	0.263
8837	1664.000	-0.257	-0.034	0.000	-25.002	21.641
8853	1664.000	-0.311	-0.394	0.000	-25.000	-14.358
8869	1664.000	-0.280	-0.038	0.000	-25.015	21.217
8885	1664.000	-0.328	-0.080	0.000	-25.436	17.427
8901	1664.000	-0.274	-0.186	0.000	-25.000	6.376
8917	1664.000	-0.324	-0.342	0.000	-25.142	-9.033
8933	1664.000	-0.261	-0.196	0.000	-25.439	5.854
8949	1664.000	-0.348	-0.214	0.000	-25.579	4.142
8965	1664.000	-0.292	-0.355	0.000	-25.285	-10.255
8981	1664.000	-0.332	-0.295	0.000	-25.379	-4.083
8997	1664.000	-0.316	-0.279	0.000	-26.199	-1.737
9013	1664.000	-0.302	-0.267	0.000	-25.228	-1.424
9029	1664.000	-0.301	-0.023	0.000	-25.224	22.946
9045	1664.000	-0.306	-0.027	0.000	-25.232	22.564
9061	1664.000	-0.325	-0.260	0.000	-25.013	-0.942
9077	1664.000	-0.330	-0.416	0.000	-25.043	-16.526
9093	1664.000	-0.356	-0.470	0.000	-25.236	-21.770
9109	1664.000	-0.230	-0.123	0.000	-25.006	12.743
9125	1664.000	-0.331	-0.465	0.000	-25.565	-20.934
9141	1664.000	-0.376	-0.329	0.000	-25.101	-7.821
9157	1664.000	-0.347	-0.192	0.000	-25.038	5.789
9173	1664.000	-0.329	-0.401	0.000	-25.774	-14.370
9189	1664.000	-0.345	-0.470	0.000	-25.001	-21.984
9205	1664.000	-0.322	-0.162	0.000	-25.033	8.824
9221	1664.000	-0.318	-0.064	0.000	-25.459	19.109
9237	1664.000	-0.315	-0.045	0.000	-25.002	20.479
9253	1664.000	-0.293	-0.191	0.000	-25.385	6.271
9269	1664.000	-0.399	-0.485	0.000	-25.476	-23.028
9285	1664.000	-0.264	-0.085	0.000	-25.122	16.615
9301	1664.000	-0.313	-0.067	0.000	-25.419	18.698
9317	1664.000	-0.317	-0.416	0.000	-25.497	-16.090
9333	1664.000	-0.346	-0.396	0.000	-25.473	-14.168
9349	1664.000	-0.278	-0.039	0.000	-25.118	21.170
9365	1664.000	-0.298	-0.240	0.000	-25.291	1.263
9381	1664.000	-0.380	-0.477	0.000	-25.301	-22.357
10021	1664.000	-0.415	-0.399	0.000	-29.952	-9.968
10037	1664.000	-0.389	-0.425	0.000	-30.341	-12.156
10053	1664.000	-0.394	-0.377	0.000	-30.052	-7.622
10069	1664.000	-0.435	-0.492	0.000	-30.191	-18.979
10085	1664.000	-0.358	-0.170	0.000	-30.299	13.292
10101	1664.000	-0.360	-0.520	0.000	-30.181	-21.858
10117	1664.000	-0.343	-0.083	0.000	-30.241	21.983
10133	1664.000	-0.357	-0.077	0.000	-30.205	22.458
10149	1664.000	-0.431	-0.379	0.000	-30.087	-7.780
10165	1664.000	-0.338	-0.144	0.000	-30.361	15.921
10181	1664.000	-0.377	-0.203	0.000	-30.020	9.749
10197	1664.000	-0.337	-0.070	0.000	-30.370	23.360
10213	1664.000	-0.395	-0.347	0.000	-30.134	-4.573
10229	1664.000	-0.397	-0.485	0.000	-30.662	-17.864
10245	1664.000	-0.423	-0.336	0.000	-30.129	-3.480
10261	1664.000	-0.417	-0.454	0.000	-29.951	-15.448
10277	1664.000	-0.350	-0.290	0.000	-31.218	2.184
10293	1664.000	-0.339	-0.310	0.000	-30.230	-0.780
10309	1664.000	-0.402	-0.508	0.000	-30.553	-20.269
10325	1664.000	-0.337	-0.360	0.000	-30.738	-5.232
10341	1664.000	-0.334	-0.144	0.000	-30.243	15.881
10357	1664.000	-0.373	-0.248	0.000	-30.953	6.197
10373	1664.000	-0.372	-0.226	0.000	-30.459	7.824
10389	1664.000	-0.428	-0.222	0.000	-29.964	7.791
10405	1664.000	-0.373	-0.436	0.000	-30.593	-12.977
10421	1664.000	-0.403	-0.400	0.000	-30.365	-9.669
10437	1664.000	-0.396	-0.423	0.000	-30.293	-12.029
10453	1664.000	-0.432	-0.546	0.000	-30.723	-23.876
10469	1664.000	-0.372	-0.515	0.000	-30.770	-20.683
10485	1664.000	-0.363	-0.146	0.000	-30.657	16.088
10501	1664.000	-0.338	-0.320	0.000	-30.047	-1.990
10517	1664.000	-0.380	-0.234	0.000	-30.186	6.819
10533	1664.000	-0.348	-0.342	0.000	-30.104	-4.113
10549	1664.000	-0.341	-0.281	0.000	-29.959	1.842
10565	1664.000	-0.379	-0.456	0.000	-29.951	-15.691
10581	1664.000	-0.398	-0.178	0.000	-30.148	12.326
10597	1664.000	-0.328	-0.337	0.000	-30.198	-3.540
10613	1664.000	-0.394	-0.220	0.000	-29.951	7.981
10629	1664.000	-0.364	-0.436	0.000	-30.221	-13.347
11269	1664.000	-0.351	-0.418	0.000	-29.898	-11.920
11285	1664.000	-0.369	-0.339	0.000	-29.443	-4.436
11301	1664.000	-0.405	-0.490	0.000	-30.256	-18.726
11317	1664.000	-0.353	-0.310	0.000	-29.798	-1.188
11333	1664.000	-0.345	-0.429	0.000	-29.273	-13.670
11349	1664.000	-0.380	-0.376	0.000	-29.775	-7.815
11365	1664.000	-0.365	-0.128	0.000	-29.473	16.701
11381	1664.000	-0.319	-0.117	0.000	-29.273	17.588
11397	1664.000	-0.346	-0.406	0.000	-29.726	-10.876
11413	1664.000	-0.439	-0.364	0.000	-29.632	-6.776
11429	1664.000	-0.358	-0.181	0.000	-29.738	11.671
11445	1664.000	-0.369	-0.196	0.000	-29.462	9.848
11461	1664.000	-0.407	-0.344	0.000	-29.502	-4.862
11477	1664.000	-0.388	-0.485	0.000	-29.343	-19.154
11493	1664.000	-0.341	-0.228	0.000	-29.373	6.567
11509	1664.000	-0.446	-0.355	0.000	-29.525	-5.959
11525	1664.000	-0.361	-0.448	0.000	-29.671	-15.098
11541	1664.000	-0.321	-0.165	0.000	-29.616	13.078
11557	1664.000	-0.408	-0.471	0.000	-29.349	-17.704
11573	1664.000	-0.369	-0.269	0.000	-30.376	3.478
11589	1664.000	-0.385	-0.196	0.000	-29.426	9.811
11605	1664.000	-0.409	-0.198	0.000	-29.349	9.502
11621	1664.000	-0.397	-0.450	0.000	-30.054	-14.899
11637	1664.000	-0.381	-0.464	0.000	-29.350	-17.079
11653	1664.000	-0.323	-0.215	0.000	-29.723	8.231
11669	1664.000	-0.376	-0.256	0.000	-29.353	3.723
11685	1664.000	-0.317	-0.419	0.000	-29.453	-12.455
11701	1664.000	-0.353	-0.249	0.000	-29.786	4.925
11717	1664.000	-0.346	-0.141	0.000	-29.568	15.430
11733	1664.000	-0.380	-0.228	0.000	-29.324	6.486
11749	1664.000	-0.308	-0.146	0.000	-29.289	14.689
11765	1664.000	-0.386	-0.228	0.000	-29.522	6.764
11781	1664.000	-0.390	-0.371	0.000	-29.281	-7.820
11797	1664.000	-0.327	-0.306	0.000	-29.368	-1.199
11813	1664.000	-0.350	-0.243	0.000	-29.611	5.327
11829	1664.000	-0.389	-0.447	0.000	-29.727	-14.939
11845	1664.000	-0.425	-0.495	0.000	-29.845	-19.613
11861	1664.000	-0.398	-0.349	0.000	-29.480	-5.464
11877	1664.000	-0.386	-0.546	0.000	-30.179	-24.464
12517	1664.000	-0.236	-0.272	0.000	-23.504	-3.655
12533	1664.000	-0.280	-0.346	0.000	-23.570	-10.990
12549	1664.000	-0.274	0.009	0.000	-23.875	24.815
12565	1664.000	-0.327	-0.319	0.000	-23.838	-8.031
12581	1664.000	-0.294	-0.345	0.000	-23.583	-10.917
12597	1664.000	-0.350	-0.394	0.000	-24.003	-15.442
12613	1664.000	-0.288	-0.308	0.000	-24.026	-6.807
12629	1664.000	-0.297	-0.076	0.000	-23.726	16.174
12645	1664.000	-0.258	-0.365	0.000	-24.272	-12.247
12661	1664.000	-0.254	-0.368	0.000	-23.631	-13.194
12677	1664.000	-0.272	-0.122	0.000	-23.501	11.301
12693	1664.000	-0.309	-0.256	0.000	-23.611	-1.952
12709	1664.000	-0.329	-0.221	0.000	-23.508	1.454
12725	1664.000	-0.318	-0.049	0.000	-23.560	18.656
12741	1664.000	-0.273	-0.271	0.000	-23.499	-3.633
12757	1664.000	-0.257	-0.387	0.000	-23.651	-15.059
12773	1664.000	-0.279	0.002	0.000	-23.502	23.733
12789	1664.000	-0.316	-0.036	0.000	-23.864	20.259
12805	1664.000	-0.320	-0.313	0.000	-23.564	-7.776
12821	1664.000	-0.279	0.015	0.000	-23.502	24.999
12837	1664.000	-0.333	-0.412	0.000	-24.012	-17.226
12853	1664.000	-0.297	-0.322	0.000	-23.500	-8.668
12869	1664.000	-0.274	-0.397	0.000	-23.498	-16.168
12885	1664.000	-0.289	-0.139	0.000	-23.501	9.633
12901	1664.000	-0.273	-0.054	0.000	-23.543	18.104
12917	1664.000	-0.297	-0.436	0.000	-23.584	-20.003
12933	1664.000	-0.253	-0.038	0.000	-23.565	19.727
12949	1664.000	-0.296	-0.165	0.000	-23.891	7.401
12965	1664.000	-0.377	-0.261	0.000	-24.280	-1.825
12981	1664.000	-0.287	-0.328	0.000	-23.592	-9.230
12997	1664.000	-0.283	-0.004	0.000	-23.569	23.127
13013	1664.000	-0.339	-0.306	0.000	-23.635	-6.942
13029	1664.000	-0.250	-0.393	0.000	-24.100	-15.186
13045	1664.000	-0.321	-0.277	0.000	-23.973	-3.753
13061	1664.000	-0.306	-0.362	0.000	-23.578	-12.613
13077	1664.000	-0.341	-0.362	0.000	-24.330	-11.891
13093	1664.000	-0.345	-0.408	0.000	-23.973	-16.820
13109	1664.000	-0.287	-0.198	0.000	-23.503	3.673
13125	1664.000	-0.393	-0.469	0.000	-24.253	-22.674
13765	1664.000	-0.960	-0.843	0.000	-74.128	-10.151
13781	1664.000	-0.913	-0.570	0.000	-74.141	17.181
13797	1664.000	-1.024	-0.687	0.000	-77.828	9.118
13813	1664.000	-0.972	-0.596	0.000	-74.120	14.491
13829	1664.000	-0.895	-0.673	0.000	-74.175	6.847
13845	1664.000	-0.776	-0.836	0.000	-74.943	-8.632
13861	1664.000	-0.753	-0.813	0.000	-74.142	-7.158
13877	1664.000	-0.965	-0.941	0.000	-74.838	-19.296
13893	1664.000	-0.945	-0.741	0.000	-75.584	1.451
13909	1664.000	-0.972	-0.806	0.000	-74.120	-6.517
13925	1664.000	-0.902	-0.569	0.000	-74.681	17.796
13941	1664.000	-0.899	-0.720	0.000	-74.120	2.103
13957	1664.000	-0.956	-0.769	0.000	-76.689	-0.185
13973	1664.000	-0.897	-0.656	0.000	-74.120	8.495
13989	1664.000	-0.613	-0.642	0.000	-75.301	11.131
14005	1664.000	-0.929	-0.520	0.000	-76.334	24.374
14021	1664.000	0.685	4.127	0.000	-75.018	-12.284
14037	1664.000	-0.978	-0.760	0.000	-75.301	-0.748
14053	1664.000	-0.877	-0.600	0.000	-74.837	14.811
14069	1664.000	-0.941	-0.684	0.000	-75.680	7.283
14085	1664.000	-0.879	-0.677	0.000	-74.850	7.149
14101	1664.000	-0.909	-0.910	0.000	-74.168	-16.870
14117	1664.000	-0.949	-0.769	0.000	-74.769	-2.092
14133	1664.000	-0.971	-0.966	0.000	-75.397	-21.177
14149	1664.000	-0.699	-0.861	0.000	-74.141	-11.995
14165	1664.000	-1.011	-0.883	0.000	-76.419	-11.832
14181	1664.000	-0.906	-0.829	0.000	-74.149	-8.711
14197	1664.000	-0.925	-0.616	0.000	-74.826	13.205
14213	1664.000	-0.928	-0.998	0.000	-75.760	-24.061
14229	1664.000	-0.926	-0.814	0.000	-74.120	-7.285
14245	1664.000	-0.903	-0.662	0.000	-74.873	8.664
14261	1664.000	-0.759	-0.861	0.000	-76.323	-9.753
14277	1664.000	-0.934	-0.757	0.000	-74.120	-1.569
14293	1664.000	-0.435	-0.709	0.000	-74.905	3.983
14309	1664.000	-0.936	-0.685	0.000	-74.420	5.905
14325	1664.000	-0.934	-0.539	0.000	-74.740	20.823
14341	1664.000	-0.894	-0.827	0.000	-74.167	-8.566
14357	1664.000	-0.926	-0.625	0.000	-74.138	11.670
14373	1664.000	-0.798	-1.004	0.000	-76.014	-24.426
14389	1664.000	-0.610	-0.516	0.000	-74.120	22.494
5	1665.000	-0.964	-1.297	0.000	-131.965	2.219
21	1665.000	-0.733	-1.042	0.048	-121.017	-7.256
37	1665.000	-0.929	-0.979	0.000	-121.011	23.065
53	1665.000	-0.954	-1.350	0.000	-136.596	1.629
69	1665.000	-0.956	-1.205	0.000	-121.551	1.060
85	1665.000	-0.997	-1.222	0.000	-125.995	3.768
101	1665.000	-0.915	-1.203	0.000	-125.344	5.008
117	1665.000	-0.991	-1.216	0.000	-129.793	8.199
133	1665.000	-0.652	-1.225	0.000	-133.549	11.034
149	1665.000	-1.007	-1.294	0.000	-133.497	4.068
165	1665.000	-0.905	-0.946	0.036	-129.606	17.177
181	1665.000	-0.914	-1.212	0.000	-121.027	-0.142
197	1665.000	-0.889	-1.169	0.000	-129.705	12.787
213	1665.000	-0.893	-1.136	0.033	-121.041	-9.138
229	1665.000	-0.993	-1.421	0.000	-121.011	-21.056
245	1665.000	-0.934	-1.366	0.015	-122.768	-21.335
261	1665.000	-0.881	-1.055	0.023	-128.148	10.993
277	1665.000	-0.872	-1.134	0.000	-121.046	7.637
293	1665.000	-0.900	-1.091	0.000	-129.586	20.466
309	1665.000	-1.010	-1.593	0.000	-137.184	-22.138
325	1665.000	-0.967	-1.005	0.000	-121.064	20.557
341	1665.000	-0.845	-0.616	0.076	-121.038	21.524
357	1665.000	-0.905	-0.909	0.089	-129.137	-6.234
373	1665.000	-0.600	-1.367	0.000	-125.346	-11.379
389	1665.000	-0.964	-1.506	0.000	-126.793	-23.854
405	1665.000	-0.814	-1.371	0.000	-138.059	0.990
421	1665.000	-0.931	-1.018	0.000	-123.002	21.227
437	1665.000	-0.933	-1.135	0.037	-132.884	1.041
453	1665.000	-0.999	-1.272	0.000	-127.610	0.437
469	1665.000	-0.951	-0.984	0.053	-121.868	-2.822
485	1665.000	-0.807	-0.640	0.116	-121.011	-0.938
501	1665.000	-0.924	-1.049	0.000	-121.311	16.391
517	1665.000	-0.710	-1.526	0.000	-133.558	-19.052
533	1665.000	-0.908	-1.049	0.000	-121.275	16.353
549	1665.000	-0.925	-1.033	0.000	-125.114	21.836
565	1665.000	-0.946	-1.193	0.000	-126.847	7.581
581	1665.000	-0.853	-1.211	0.000	-121.011	-0.076
597	1665.000	-0.902	-0.981	0.000	-121.046	22.996
613	1665.000	-0.959	-1.333	0.034	-127.113	-23.217
1253	1665.000	-0.187	-0.205	0.052	-21.710	-24.520
1269	1665.000	-0.122	0.589	0.177	-22.107	-7.394
1285	1665.000	-0.194	0.237	0.055	-22.109	18.214
1301	1665.000	-0.234	0.002	0.000	-22.009	22.161
1317	1665.000	-0.157	0.310	0.155	-21.708	-24.609
1333	1665.000	-0.317	-0.393	0.000	-21.709	-17.545
1349	1665.000	-0.263	-0.284	0.000	-21.867	-6.562
1365	1665.000	-0.267	-0.014	0.000	-21.937	20.548
1381	1665.000	-0.310	-0.445	0.000	-21.682	-22.812
1397	1665.000	-0.276	-0.172	0.017	-22.089	-3.716
1413	1665.000	-0.295	-0.363	0.000	-22.506	-13.791
1429	1665.000	-0.275	-0.129	0.000	-21.828	8.941
1445	1665.000	-0.151	0.337	0.091	-21.675	10.059
1461	1665.000	-0.339	-0.361	0.002	-21.732	-15.347
1477	1665.000	-0.218	-0.023	0.008	-21.798	15.530
1493	1665.000	-0.151	0.715	0.156	-21.828	15.242
1509	1665.000	-0.279	-0.274	0.000	-21.750	-5.616
1525	1665.000	-0.281	-0.264	0.021	-22.178	-14.507
1541	1665.000	-0.265	-0.450	0.000	-21.736	-23.258
1557	1665.000	-0.240	0.032	0.000	-21.679	24.855
1573	1665.000	-0.264	-0.074	0.045	-21.872	-7.923
1589	1665.000	-0.212	0.221	0.072	-22.128	8.116
1605	1665.000	-0.204	-0.148	0.058	-21.681	-21.919
1621	1665.000	-0.255	0.047	0.071	-21.744	-8.896
1637	1665.000	-0.178	0.115	0.056	-22.661	6.139
1653	1665.000	-0.209	0.011	0.050	-21.803	-2.067
1669	1665.000	-0.271	-0.332	0.000	-21.860	-11.369
1685	1665.000	-0.335	-0.438	0.000	-21.974	-21.872
1701	1665.000	-0.213	-0.224	0.000	-21.823	-0.577
1717	1665.000	-0.256	-0.322	0.000	-22.005	-10.182
1733	1665.000	-0.249	-0.179	0.000	-21.785	3.899
1749	1665.000	-0.180	0.099	0.100	-21.756	-18.512
1765	1665.000	-0.261	-0.329	0.012	-22.126	-16.804
1781	1665.000	-0.167	0.127	0.115	-21.677	-22.892
1797	1665.000	-0.285	-0.440	0.000	-21.991	-21.973
1813	1665.000	-0.283	-0.207	0.000	-22.052	1.314
1829	1665.000	-0.227	-0.346	0.000	-21.677	-12.878
1845	1665.000	-0.209	-0.009	0.000	-21.796	20.927
1861	1665.000	-0.260	0.056	0.069	-22.013	-7.112
1877	1665.000	-0.255	0.091	0.021	-21.858	20.627
2517	1665.000	-0.391	-0.291	0.044	-29.811	-21.072
2533	1665.000	-0.404	-0.367	0.000	-29.147	-7.553
2549	1665.000	-0.346	-0.090	0.000	-29.437	20.401
2565	1665.000	-0.218	0.213	0.074	-29.212	13.430
2581	1665.000	-0.404	-0.490	0.000	-29.345	-19.703
2597	1665.000	-0.333	0.030	0.027	-29.400	18.737
2613	1665.000	-0.434	-0.311	0.038	-29.144	-20.827
2629	1665.000	-0.368	-0.195	0.000	-29.626	10.102
2645	1665.000	-0.286	-0.151	0.034	-29.463	-2.849
2661	1665.000	-0.322	0.093	0.082	-29.168	-2.556
2677	1665.000	-0.383	-0.284	0.019	-29.370	-8.500
2693	1665.000	-0.399	-0.386	0.015	-29.238	-16.878
2709	1665.000	-0.304	-0.078	0.034	-29.468	4.766
2725	1665.000	-0.379	-0.173	0.042	-29.097	-9.290
2741	1665.000	-0.383	-0.013	0.029	-29.240	13.470
2757	1665.000	-0.277	0.190	0.082	-29.446	7.455
2773	1665.000	-0.359	-0.112	0.046	-29.786	-4.186
2789	1665.000	-0.278	-0.236	0.038	-29.177	-13.196
2805	1665.000	-0.354	-0.090	0.000	-29.027	20.015
2821	1665.000	-0.317	-0.176	0.051	-29.408	-13.706
2837	1665.000	-0.374	-0.221	0.000	-29.224	7.166
2853	1665.000	-0.268	0.073	0.082	-29.028	-4.659
2869	1665.000	-0.342	-0.126	0.069	-29.274	-17.989
2885	1665.000	-0.383	-0.312	0.039	-29.524	-21.082
2901	1665.000	-0.363	-0.290	0.000	-29.027	0.058
2917	1665.000	-0.314	0.266	0.064	-29.244	23.876
2933	1665.000	-0.389	-0.229	0.017	-29.600	-1.809
2949	1665.000	-0.303	-0.228	0.045	-29.031	-16.361
2965	1665.000	-0.250	0.359	0.107	-29.235	11.620
2981	1665.000	-0.295	0.003	0.020	-29.028	19.153
2997	1665.000	-0.345	-0.064	0.000	-29.031	22.619
3013	1665.000	-0.268	0.454	0.101	-29.589	24.661
3029	1665.000	-0.285	-0.005	0.105	-29.297	-23.738
3045	1665.000	-0.277	0.219	0.061	-29.227	20.724
3061	1665.000	-0.357	-0.373	0.000	-29.550	-7.721
3077	1665.000	-0.377	-0.443	0.000	-29.174	-15.106
3093	1665.000	-0.323	-0.047	0.000	-29.401	24.685
3109	1665.000	-0.352	-0.205	0.041	-29.460	-11.338
3125	1665.000	-0.391	-0.314	0.000	-29.471	-1.968
3765	1665.000	-0.365	-0.180	0.000	-28.645	10.626
3781	1665.000	-0.249	0.249	0.126	-28.679	-9.262
3797	1665.000	-0.323	-0.176	0.000	-28.749	11.158
3813	1665.000	-0.359	-0.468	0.000	-28.838	-17.945
3829	1665.000	-0.310	0.179	0.117	-29.109	-11.255
3845	1665.000	-0.322	-0.078	0.000	-29.147	21.378
3861	1665.000	-0.311	-0.176	0.071	-28.901	-24.123
3877	1665.000	-0.355	-0.512	0.000	-28.911	-22.317
3893	1665.000	-0.323	0.180	0.090	-29.081	2.272
3909	1665.000	-0.350	0.056	0.030	-28.974	19.730
3925	1665.000	-0.303	-0.234	0.000	-28.955	5.550
3941	1665.000	-0.256	0.169	0.137	-29.342	-22.313
3957	1665.000	-0.379	-0.459	0.000	-28.877	-17.072
3973	1665.000	-0.226	0.329	0.117	-28.744	3.191
3989	1665.000	-0.328	-0.298	0.000	-29.385	-0.441
4005	1665.000	-0.325	0.200	0.081	-28.833	8.246
4021	1665.000	-0.376	-0.308	0.000	-29.490	-1.293
4037	1665.000	-0.303	0.324	0.080	-28.979	21.398
4053	1665.000	-0.358	-0.290	0.000	-28.786	-0.169
4069	1665.000	-0.304	-0.274	0.000	-29.167	1.796
4085	1665.000	-0.327	-0.237	0.000	-28.921	5.270
4101	1665.000	-0.169	0.675	0.185	-28.716	3.683
4117	1665.000	-0.422	-0.483	0.000	-29.370	-18.966
4133	1665.000	-0.304	0.337	0.077	-28.801	23.765
4149	1665.000	-0.260	-0.076	0.081	-29.338	-18.537
4165	1665.000	-0.396	-0.427	0.000	-29.060	-13.648
4181	1665.000	-0.348	0.111	0.068	-28.961	6.262
4197	1665.000	-0.390	-0.051	0.037	-29.234	5.479
4213	1665.000	-0.362	-0.258	0.046	-28.850	-20.073
4229	1665.000	-0.299	0.030	0.091	-29.165	-13.197
4245	1665.000	-0.225	0.534	0.143	-28.843	10.883
4261	1665.000	-0.191	0.398	0.159	-28.762	-10.906
4277	1665.000	-0.343	-0.169	0.000	-28.818	11.917
4293	1665.000	-0.297	0.067	0.048	-28.645	11.512
4309	1665.000	-0.301	-0.097	0.029	-28.986	4.586
4325	1665.000	-0.426	-0.454	0.000	-28.917	-16.465
4341	1665.000	-0.330	-0.041	0.060	-28.678	-5.368
4357	1665.000	-0.217	0.421	0.155	-28.932	-6.287
4373	1665.000	-0.336	-0.431	0.000	-28.711	-14.364
5013	1665.000	-0.223	0.202	0.053	-20.679	14.427
5029	1665.000	-0.223	-0.018	0.054	-20.677	-7.905
5045	1665.000	-0.248	-0.127	0.012	-20.919	2.024
5061	1665.000	-0.259	-0.306	0.007	-20.741	-13.554
5077	1665.000	-0.063	0.653	0.188	-20.748	-7.902
5093	1665.000	-0.082	0.750	0.198	-20.830	-3.194
5109	1665.000	-0.239	-0.076	0.000	-20.834	13.196
5125	1665.000	-0.283	-0.395	0.000	-20.714	-18.753
5141	1665.000	-0.275	-0.148	0.034	-20.896	-11.033
5157	1665.000	-0.196	-0.151	0.028	-20.956	-7.883
5173	1665.000	-0.078	1.341	0.260	-20.977	24.976
5189	1665.000	-0.236	-0.259	0.000	-21.153	-4.704
5205	1665.000	-0.237	0.050	0.069	-21.031	-8.388
5221	1665.000	-0.199	0.218	0.061	-20.990	12.246
5237	1665.000	-0.164	0.111	0.024	-21.530	20.418
5253	1665.000	-0.245	-0.140	0.000	-20.716	6.730
5269	1665.000	-0.127	0.262	0.085	-20.996	4.746
5285	1665.000	-0.232	-0.124	0.000	-21.034	8.632
5301	1665.000	-0.218	0.038	0.000	-21.049	24.857
5317	1665.000	-0.306	-0.414	0.000	-21.066	-20.318
5333	1665.000	-0.278	-0.203	0.000	-20.674	0.417
5349	1665.000	-0.174	0.383	0.100	-21.168	9.427
5365	1665.000	-0.195	0.028	0.032	-20.749	7.766
5381	1665.000	-0.249	-0.428	0.000	-21.020	-21.768
5397	1665.000	-0.162	0.211	0.081	-20.735	1.505
5413	1665.000	-0.265	-0.161	0.000	-20.872	4.811
5429	1665.000	-0.296	-0.123	0.065	-21.420	-23.618
5445	1665.000	-0.234	-0.177	0.000	-20.676	2.996
5461	1665.000	-0.286	0.023	0.000	-20.672	22.976
5477	1665.000	-0.134	0.765	0.167	-20.846	13.869
5493	1665.000	-0.179	-0.012	0.083	-20.674	-21.995
5509	1665.000	-0.219	-0.025	0.000	-20.672	18.178
5525	1665.000	-0.250	0.140	0.041	-20.984	14.625
5541	1665.000	-0.229	-0.155	0.047	-20.860	-18.249
5557	1665.000	-0.267	-0.083	0.000	-20.852	12.538
5573	1665.000	-0.288	-0.449	0.000	-20.897	-23.953
5589	1665.000	-0.207	-0.035	0.041	-20.743	-3.391
5605	1665.000	-0.151	0.446	0.178	-20.823	-23.768
5621	1665.000	-0.233	0.140	0.050	-20.985	9.841
6261	1665.000	-0.472	3.881	1.000	-126.217	14.309
6277	1665.000	-0.932	-1.410	0.000	-135.467	-5.578
6293	1665.000	-0.921	-1.033	0.081	-122.136	-21.494
6309	1665.000	-0.940	-1.185	0.049	-126.198	-16.816
6325	1665.000	-0.899	-1.162	0.089	-136.677	-23.845
6341	1665.000	-1.004	-1.403	0.000	-122.136	-18.171
6357	1665.000	-0.987	-1.185	0.000	-123.323	4.850
6373	1665.000	1.318	3.925	0.046	-144.993	14.402
6389	1665.000	-0.980	-1.419	0.000	-126.467	-15.456
6405	1665.000	-0.999	-0.999	0.030	-123.657	8.628
6421	1665.000	-1.021	-1.455	0.000	-134.869	-10.603
6437	1665.000	-0.876	-1.136	0.000	-125.209	11.610
6453	1665.000	-0.887	-0.867	0.052	-127.380	14.517
6469	1665.000	-0.967	-1.342	0.004	-123.989	-12.441
6485	1665.000	-0.990	-1.340	0.000	-123.634	-10.378
6501	1665.000	-1.005	-1.450	0.000	-127.920	-17.084
6517	1665.000	-0.892	-1.457	0.000	-131.297	-14.373
6533	1665.000	-0.979	-1.090	0.000	-123.911	14.877
6549	1665.000	-1.051	-1.202	0.000	-127.543	7.367
6565	1665.000	-0.955	-0.796	0.112	-122.858	-12.733
6581	1665.000	-0.951	-1.025	0.021	-122.994	9.838
6597	1665.000	-0.639	-1.102	0.000	-127.024	16.821
6613	1665.000	-0.949	-1.035	0.000	-122.859	19.326
6629	1665.000	-1.018	-1.345	0.000	-123.346	-11.151
6645	1665.000	-0.975	-1.220	0.000	-122.199	0.169
6661	1665.000	-0.955	-1.279	0.000	-122.739	-5.136
6677	1665.000	-1.030	-1.406	0.000	-123.692	-16.926
6693	1665.000	-0.890	-1.323	0.000	-122.148	-10.196
6709	1665.000	-0.986	-1.346	0.000	-127.743	-6.905
6725	1665.000	-0.981	-0.983	0.000	-122.973	24.698
6741	1665.000	-0.848	-0.932	0.091	-122.136	-16.497
6757	1665.000	-0.989	-1.164	0.000	-133.916	17.491
6773	1665.000	-1.005	-1.382	0.000	-122.136	-16.081
6789	1665.000	-1.024	-1.521	0.000	-128.083	-24.065
6805	1665.000	-0.930	-1.482	0.000	-134.830	-13.323
6821	1665.000	-0.984	-1.259	0.000	-128.145	2.238
6837	1665.000	-0.994	-1.399	0.000	-130.698	-9.202
6853	1665.000	-0.978	-1.283	0.000	-150.907	22.623
6869	1665.000	-1.029	-1.252	0.000	-123.493	-1.723
7509	1665.000	-0.966	-1.218	0.052	-128.168	-19.616
7525	1665.000	-0.957	-1.479	0.000	-129.155	-18.706
7541	1665.000	-1.001	-1.292	0.000	-128.169	-1.048
7557	1665.000	-0.982	-1.174	0.000	-131.135	13.765
7573	1665.000	-0.983	-1.437	0.000	-133.866	-9.786
7589	1665.000	-1.008	-1.530	0.000	-129.733	-23.224
7605	1665.000	-0.876	-1.212	0.000	-119.636	-1.554
7621	1665.000	-0.999	-1.367	0.000	-120.833	-15.864
7637	1665.000	-0.944	-1.011	0.000	-121.326	20.215
7653	1665.000	-0.840	-0.729	0.060	-119.663	16.498
7669	1665.000	-0.759	-1.333	0.000	-120.833	-12.435
7685	1665.000	-0.906	-0.963	0.018	-119.620	14.130
7701	1665.000	-0.924	-1.396	0.000	-119.649	-19.907
7717	1665.000	-0.679	-0.977	0.097	-128.543	-17.763
7733	1665.000	-0.841	-0.686	0.099	-132.231	14.074
7749	1665.000	-0.949	-1.357	0.014	-120.209	-22.354
7765	1665.000	-0.962	-1.348	0.045	-143.487	-13.812
7781	1665.000	-0.951	-1.456	0.000	-146.164	0.526
7797	1665.000	-0.920	-1.112	0.000	-122.716	11.504
7813	1665.000	-0.971	-1.259	0.000	-123.683	-2.195
7829	1665.000	-0.757	-1.198	0.000	-136.169	16.365
7845	1665.000	-0.955	-1.006	0.000	-124.016	23.418
7861	1665.000	-1.047	-1.543	0.000	-132.106	-22.232
7877	1665.000	-0.859	-0.860	0.126	-130.032	-19.213
7893	1665.000	-0.985	-0.919	0.023	-120.675	17.113
7909	1665.000	-0.903	-1.183	0.000	-120.780	2.488
7925	1665.000	-0.926	-1.313	0.000	-131.581	0.291
7941	1665.000	-0.953	-1.377	0.000	-119.633	-18.056
7957	1665.000	-0.957	-1.446	0.000	-119.633	-24.970
7973	1665.000	-0.912	-0.969	0.039	-124.266	7.724
7989	1665.000	-0.855	-0.969	0.000	-119.620	22.767
8005	1665.000	-0.991	-1.493	0.000	-124.839	-24.429
8021	1665.000	-0.792	-1.176	0.056	-130.574	-14.883
8037	1665.000	-0.618	-1.028	0.000	-119.620	16.835
8053	1665.000	-0.914	-1.294	0.000	-126.791	-2.615
8069	1665.000	-0.906	-1.169	0.000	-120.112	3.199
8085	1665.000	-0.935	-1.229	0.000	-119.620	-3.264
8101	1665.000	1.367	3.805	0.000	-133.669	14.126
8117	1665.000	-0.970	-1.319	0.000	-120.962	-10.908
8133	1665.000	-0.884	-1.234	0.000	-128.889	5.474
8773	1665.000	-0.247	0.110	0.107	-24.286	-18.453
8789	1665.000	-0.232	-0.132	0.000	-24.117	10.912
8805	1665.000	-0.303	-0.151	0.000	-24.112	8.979
8821	1665.000	-0.297	0.191	0.104	-24.045	-8.940
8837	1665.000	-0.287	-0.471	0.000	-23.982	-23.144
8853	1665.000	-0.266	-0.148	0.047	-23.980	-14.207
8869	1665.000	-0.198	0.350	0.081	-23.993	18.657
8885	1665.000	-0.314	-0.402	0.002	-24.375	-16.567
8901	1665.000	-0.263	-0.221	0.000	-23.980	1.893
8917	1665.000	-0.320	-0.275	0.000	-24.108	-3.355
8933	1665.000	-0.206	0.051	0.027	-24.377	16.032
8949	1665.000	-0.277	0.033	0.035	-24.504	10.231
8965	1665.000	-0.094	0.716	0.219	-24.237	-13.872
8981	1665.000	-0.156	0.725	0.197	-24.322	-1.566
8997	1665.000	-0.223	0.164	0.079	-25.064	1.819
9013	1665.000	-0.294	-0.265	0.035	-24.186	-19.667
9029	1665.000	-0.252	-0.056	0.024	-24.183	6.651
9045	1665.000	-0.176	0.632	0.125	-24.190	24.674
9061	1665.000	-0.257	0.196	0.053	-23.992	17.199
9077	1665.000	-0.267	0.019	0.069	-24.018	-8.551
9093	1665.000	-0.299	0.077	0.021	-24.194	21.553
9109	1665.000	0.074	1.387	0.347	-23.986	-10.902
9125	1665.000	-0.185	0.581	0.132	-24.491	16.584
9141	1665.000	-0.324	-0.042	0.007	-24.071	16.211
9157	1665.000	-0.129	0.865	0.183	-24.014	19.137
9173	1665.000	-0.138	0.729	0.243	-24.680	-23.682
9189	1665.000	-0.262	-0.038	0.073	-23.981	-16.588
9205	1665.000	-0.303	-0.342	0.000	-24.010	-10.188
9221	1665.000	-0.333	-0.319	0.000	-24.395	-7.500
9237	1665.000	-0.332	-0.425	0.000	-23.982	-18.490
9253	1665.000	-0.249	0.004	0.000	-24.328	24.679
9269	1665.000	-0.374	-0.219	0.000	-24.410	2.494
9285	1665.000	-0.185	0.283	0.069	-24.090	18.146
9301	1665.000	-0.283	-0.086	0.055	-24.359	-11.676
9317	1665.000	-0.296	-0.036	0.000	-24.429	20.791
9333	1665.000	-0.307	-0.128	0.000	-24.408	11.628
9349	1665.000	-0.088	0.733	0.171	-24.087	11.675
9365	1665.000	-0.257	-0.108	0.000	-24.243	13.453
9381	1665.000	-0.298	-0.049	0.048	-24.252	-4.553
10021	1665.000	-0.314	0.142	0.055	-28.730	15.273
10037	1665.000	-0.363	-0.290	0.000	-29.081	0.123
10053	1665.000	-0.324	0.152	0.039	-28.820	24.378
10069	1665.000	-0.371	-0.092	0.028	-28.946	5.473
10085	1665.000	-0.357	-0.327	0.024	-29.043	-15.592
10101	1665.000	-0.282	-0.037	0.053	-28.937	-1.287
10117	1665.000	-0.252	0.095	0.096	-28.991	-9.724
10133	1665.000	-0.365	-0.364	0.000	-28.959	-7.456
10149	1665.000	-0.386	-0.207	0.000	-28.852	8.192
10165	1665.000	-0.294	-0.042	0.000	-29.099	24.920
10181	1665.000	-0.332	-0.191	0.033	-28.791	-7.010
10197	1665.000	-0.323	-0.383	0.000	-29.108	-9.201
10213	1665.000	-0.323	-0.129	0.071	-28.894	-19.708
10229	1665.000	-0.409	-0.491	0.000	-29.372	-19.719
10245	1665.000	-0.383	-0.303	0.000	-28.890	-1.455
10261	1665.000	-0.140	1.062	0.261	-28.728	4.618
10277	1665.000	-0.333	-0.243	0.048	-29.875	-18.618
10293	1665.000	-0.322	-0.125	0.000	-28.981	16.496
10309	1665.000	-0.275	0.145	0.124	-29.274	-17.950
10325	1665.000	-0.323	-0.113	0.000	-29.440	18.160
10341	1665.000	-0.290	-0.206	0.051	-28.993	-17.023
10357	1665.000	-0.311	-0.153	0.051	-29.635	-11.262
10373	1665.000	-0.337	-0.073	0.000	-29.188	21.864
10389	1665.000	-0.425	-0.355	0.000	-28.740	-6.804
10405	1665.000	-0.313	0.114	0.040	-29.309	20.800
10421	1665.000	-0.387	-0.483	0.000	-29.103	-19.221
10437	1665.000	-0.287	0.061	0.086	-29.038	-7.760
10453	1665.000	-0.422	-0.408	0.000	-29.427	-11.334
10469	1665.000	-0.305	-0.075	0.037	-29.470	3.660
10485	1665.000	-0.276	0.324	0.085	-29.368	19.408
10501	1665.000	-0.363	-0.536	0.000	-28.816	-24.814
10517	1665.000	-0.334	-0.182	0.000	-28.941	10.723
10533	1665.000	-0.299	-0.144	0.076	-28.868	-23.366
10549	1665.000	-0.353	-0.435	0.000	-28.736	-14.726
10565	1665.000	-0.384	-0.337	0.000	-28.728	-4.985
10581	1665.000	-0.386	-0.268	0.000	-28.907	2.086
10597	1665.000	-0.312	-0.050	0.000	-28.952	23.907
10613	1665.000	-0.280	0.245	0.096	-28.728	5.475
10629	1665.000	-0.263	0.356	0.081	-28.973	23.999
11269	1665.000	-0.304	-0.145	0.040	-28.644	-6.015
11285	1665.000	-0.382	-0.443	0.000	-28.232	-16.087
11301	1665.000	-0.403	-0.472	0.000	-28.968	-18.241
11317	1665.000	-0.313	-0.138	0.067	-28.554	-18.678
11333	1665.000	-0.266	0.105	0.063	-28.078	7.065
11349	1665.000	-0.317	-0.034	0.021	-28.533	14.664
11365	1665.000	-0.255	0.323	0.124	-28.259	-1.531
11381	1665.000	-0.288	-0.136	0.000	-28.078	14.504
11397	1665.000	-0.241	0.196	0.103	-28.489	-3.180
11413	1665.000	-0.371	-0.132	0.030	-28.403	-0.006
11429	1665.000	-0.235	0.307	0.093	-28.499	12.887
11445	1665.000	-0.286	0.168	0.064	-28.250	13.032
11461	1665.000	-0.375	-0.392	0.000	-28.285	-10.934
11477	1665.000	-0.200	0.615	0.189	-28.141	-4.792
11493	1665.000	-0.301	-0.124	0.000	-28.169	15.794
11509	1665.000	-0.345	0.175	0.064	-28.306	13.871
11525	1665.000	-0.199	0.374	0.181	-28.439	-24.783
11541	1665.000	-0.324	-0.345	0.000	-28.389	-6.127
11557	1665.000	-0.371	-0.054	0.031	-28.148	7.164
11573	1665.000	-0.272	0.115	0.070	-29.076	5.684
11589	1665.000	-0.267	0.241	0.084	-28.217	10.138
11605	1665.000	-0.375	-0.270	0.000	-28.148	1.111
11621	1665.000	-0.364	-0.305	0.024	-28.785	-13.852
11637	1665.000	-0.366	-0.221	0.000	-28.148	6.011
11653	1665.000	-0.221	0.212	0.086	-28.486	6.514
11669	1665.000	-0.331	-0.139	0.000	-28.151	14.256
11685	1665.000	-0.195	0.210	0.133	-28.241	-17.451
11701	1665.000	-0.312	-0.121	0.042	-28.542	-4.305
11717	1665.000	-0.227	0.142	0.119	-28.345	-17.197
11733	1665.000	-0.309	-0.097	0.074	-28.125	-18.559
11749	1665.000	-0.329	-0.393	0.000	-28.093	-11.251
11765	1665.000	-0.356	-0.215	0.031	-28.304	-8.960
11781	1665.000	-0.333	-0.040	0.000	-28.086	24.111
11797	1665.000	-0.340	-0.303	0.000	-28.164	-2.182
11813	1665.000	-0.336	-0.441	0.000	-28.385	-15.765
11829	1665.000	-0.367	-0.189	0.031	-28.490	-5.838
11845	1665.000	-0.362	-0.189	0.066	-28.596	-23.248
11861	1665.000	-0.373	-0.297	0.000	-28.266	-1.472
11877	1665.000	-0.358	-0.339	0.000	-28.898	-4.956
12517	1665.000	-0.245	-0.318	0.000	-22.545	-9.209
12533	1665.000	-0.235	-0.005	0.000	-22.604	22.102
12549	1665.000	-0.195	0.086	0.056	-22.880	3.307
12565	1665.000	-0.265	0.178	0.036	-22.847	22.537
12581	1665.000	-0.266	-0.259	0.000	-22.616	-3.285
12597	1665.000	-0.235	0.297	0.082	-22.996	11.468
12613	1665.000	-0.182	0.480	0.094	-23.017	24.075
12629	1665.000	-0.212	0.095	0.084	-22.745	-9.824
12645	1665.000	-0.254	-0.204	0.000	-23.239	2.869
12661	1665.000	-0.219	-0.150	0.053	-22.659	-18.612
12677	1665.000	-0.263	-0.013	0.000	-22.542	21.223
12693	1665.000	-0.223	0.213	0.077	-22.641	5.645
12709	1665.000	-0.332	-0.279	0.000	-22.548	-5.320
12725	1665.000	-0.284	-0.110	0.000	-22.595	11.604
12741	1665.000	-0.253	-0.365	0.018	-22.540	-22.946
12757	1665.000	-0.119	0.442	0.157	-22.678	-11.513
12773	1665.000	-0.304	-0.420	0.000	-22.543	-19.481
12789	1665.000	-0.280	-0.070	0.000	-22.870	15.894
12805	1665.000	0.007	1.429	0.360	-22.599	-14.705
12821	1665.000	-0.235	0.008	0.000	-22.543	23.359
12837	1665.000	-0.329	-0.464	0.000	-23.004	-23.418
12853	1665.000	-0.252	0.051	0.023	-22.541	16.206
12869	1665.000	-0.245	-0.142	0.000	-22.539	8.309
12885	1665.000	-0.287	-0.221	0.000	-22.542	0.415
12901	1665.000	-0.269	-0.088	0.000	-22.580	13.744
12917	1665.000	-0.315	-0.345	0.000	-22.617	-11.923
12933	1665.000	-0.275	-0.390	0.000	-22.599	-16.390
12949	1665.000	-0.284	-0.064	0.012	-22.895	10.623
12965	1665.000	-0.297	0.132	0.027	-23.247	23.220
12981	1665.000	-0.289	-0.306	0.000	-22.624	-7.973
12997	1665.000	-0.011	1.224	0.247	-22.604	21.337
13013	1665.000	-0.309	0.003	0.000	-22.663	23.007
13029	1665.000	-0.185	0.036	0.046	-23.083	3.515
13045	1665.000	-0.312	-0.267	0.000	-22.969	-3.724
13061	1665.000	-0.251	0.054	0.019	-22.611	18.734
13077	1665.000	-0.310	-0.136	0.000	-23.292	9.650
13093	1665.000	-0.310	-0.130	0.010	-22.969	4.974
13109	1665.000	-0.107	0.862	0.177	-22.543	20.114
13125	1665.000	-0.346	0.016	0.013	-23.222	18.440
13765	1665.000	-0.963	-0.951	0.024	-121.504	14.446
13781	1665.000	-0.910	-1.197	0.058	-130.783	-18.009
13797	1665.000	-1.049	-1.459	0.000	-124.852	-21.046
13813	1665.000	-1.011	-1.227	0.000	-121.496	-1.170
13829	1665.000	-0.957	-1.374	0.000	-135.300	-2.071
13845	1665.000	-0.817	-1.011	0.000	-122.241	21.169
13861	1665.000	-0.747	-0.949	0.093	-121.516	-19.844
13877	1665.000	-0.989	-1.359	0.000	-130.694	-5.203
13893	1665.000	-0.959	-1.064	0.000	-122.821	16.389
13909	1665.000	-0.970	-1.110	0.042	-121.496	-10.433
13925	1665.000	-0.964	-1.346	0.000	-126.066	-8.582
13941	1665.000	-0.848	-0.706	0.081	-121.496	10.423
13957	1665.000	-0.914	-0.856	0.086	-123.821	-4.800
13973	1665.000	-0.940	-1.299	0.000	-123.427	-6.453
13989	1665.000	-0.740	-1.469	0.000	-122.564	-24.329
14005	1665.000	-1.027	-1.569	0.000	-145.407	-11.541
14021	1665.000	1.288	3.705	0.060	-136.345	-23.179
14037	1665.000	-1.035	-1.429	0.000	-122.564	-20.338
14053	1665.000	-0.915	-1.062	0.000	-130.270	24.062
14069	1665.000	-0.888	-0.653	0.081	-128.901	23.101
14085	1665.000	-0.925	-1.041	0.000	-122.157	18.104
14101	1665.000	-0.941	-1.335	0.000	-134.150	0.615
14117	1665.000	-1.011	-1.398	0.000	-127.290	-12.532
14133	1665.000	-0.912	-0.837	0.079	-122.651	-0.676
14149	1665.000	-0.797	-1.516	0.000	-132.469	-19.170
14165	1665.000	-0.947	-0.746	0.088	-137.331	18.732
14181	1665.000	-0.941	-1.022	0.000	-121.523	19.309
14197	1665.000	-0.887	-0.671	0.090	-122.135	9.841
14213	1665.000	-0.534	-1.162	0.032	-137.996	5.939
14229	1665.000	-0.967	-1.177	0.000	-121.496	3.779
14245	1665.000	-0.928	-1.126	0.000	-122.177	9.621
14261	1665.000	-0.843	-1.453	0.000	-132.037	-13.239
14277	1665.000	-0.975	-1.272	0.000	-121.496	-5.733
14293	1665.000	-0.576	-1.362	0.000	-126.269	-9.957
14309	1665.000	-0.930	-1.041	0.039	-126.974	3.409
14325	1665.000	-0.973	-1.348	0.000	-127.263	-7.545
14341	1665.000	-0.897	-0.977	0.000	-121.539	23.883
14357	1665.000	-0.914	-1.081	0.054	-126.718	-8.365
14373	1665.000	-0.864	-1.396	0.000	-128.416	-11.150
14389	1665.000	-0.699	-1.173	0.000	-121.496	4.222
