# NEST version: 3.6.0-post0.dev0
# RecordingBackendASCII version: 2
sender	time_ms	V_m	I_tot	I_exc	I_inh	I_noise
13	1662.000	-0.952	-0.933	0.000	-79.976	-13.283
29	1662.000	-1.022	-0.991	0.000	-79.322	-19.800
45	1662.000	-1.063	-1.009	0.000	-79.284	-21.608
61	1662.000	-1.002	-0.711	0.000	-78.595	7.539
77	1662.000	-0.981	-0.773	0.000	-78.555	1.276
93	1662.000	-1.031	-0.980	0.000	-78.555	-19.406
109	1662.000	-1.022	-0.711	0.000	-80.684	9.604
125	1662.000	-0.951	-0.882	0.000	-79.322	-8.855
141	1662.000	-0.960	-0.661	0.000	-78.580	12.442
157	1662.000	-0.982	-0.983	0.000	-79.380	-18.915
173	1662.000	-0.969	-0.750	0.000	-80.623	5.661
189	1662.000	-0.998	-0.884	0.000	-78.621	-9.822
205	1662.000	-1.050	-1.006	0.000	-78.555	-22.021
221	1662.000	-1.057	-0.702	0.000	-79.841	9.638
237	1662.000	-0.979	-0.811	0.000	-78.564	-2.528
253	1662.000	-0.991	-0.751	0.000	-78.562	3.512
269	1662.000	-0.949	-0.700	0.000	-80.311	10.342
285	1662.000	-1.004	-0.793	0.000	-78.555	-0.717
301	1662.000	-1.017	-0.991	0.000	-78.647	-20.432
317	1662.000	-0.904	-0.584	0.000	-78.614	20.186
333	1662.000	-0.973	-0.991	0.000	-78.944	-20.173
349	1662.000	-0.929	-0.576	0.000	-78.589	21.009
365	1662.000	-0.960	-0.566	0.000	-79.424	22.783
381	1662.000	-0.964	-0.783	0.000	-79.552	1.211
397	1662.000	-0.699	-1.025	0.000	-80.180	-22.344
413	1662.000	-0.760	-0.588	0.000	-80.876	22.104
429	1662.000	-1.046	-0.944	0.000	-82.397	-12.020
445	1662.000	-1.069	-0.978	0.000	-80.200	-17.572
461	1662.000	-0.942	-0.778	0.000	-78.555	0.709
477	1662.000	-1.008	-0.825	0.000	-80.209	-2.289
493	1662.000	-0.954	-0.570	0.000	-79.374	22.412
509	1662.000	-0.986	-0.816	0.000	-78.577	-2.977
525	1662.000	-0.948	-0.970	0.000	-78.577	-18.426
541	1662.000	-1.020	-0.695	0.000	-78.581	9.052
557	1662.000	-0.957	-0.726	0.000	-78.895	6.298
573	1662.000	-0.988	-0.874	0.000	-78.624	-8.806
589	1662.000	-1.051	-0.897	0.000	-79.951	-9.752
605	1662.000	-0.618	-0.558	0.000	-78.555	22.768
621	1662.000	-0.986	-0.793	0.000	-78.573	-0.695
1261	1662.000	-0.322	-0.475	0.000	-25.146	-22.363
1277	1662.000	-0.314	-0.203	0.000	-24.848	4.589
1293	1662.000	-0.351	-0.290	0.000	-25.023	-3.987
1309	1662.000	-0.277	-0.093	0.000	-24.717	15.446
1325	1662.000	-0.300	-0.014	0.000	-24.974	23.533
1341	1662.000	-0.287	-0.172	0.000	-24.565	7.352
1357	1662.000	-0.310	-0.087	0.000	-24.572	15.890
1373	1662.000	-0.291	-0.204	0.000	-25.009	4.591
1389	1662.000	-0.314	-0.432	0.000	-25.533	-17.703
1405	1662.000	-0.332	-0.136	0.000	-24.642	11.028
1421	1662.000	-0.309	-0.273	0.000	-24.727	-2.566
1437	1662.000	-0.354	-0.221	0.000	-25.074	3.014
1453	1662.000	-0.284	-0.456	0.000	-24.770	-20.865
1469	1662.000	-0.273	-0.450	0.000	-24.638	-20.334
1485	1662.000	-0.280	-0.174	0.000	-24.660	7.243
1501	1662.000	-0.275	-0.296	0.000	-24.892	-4.672
1517	1662.000	-0.303	-0.206	0.000	-24.770	4.126
1533	1662.000	-0.285	-0.008	0.000	-24.568	23.719
1549	1662.000	-0.376	-0.365	0.000	-25.244	-11.293
1565	1662.000	-0.296	-0.412	0.000	-24.605	-16.554
1581	1662.000	-0.290	-0.259	0.000	-24.567	-1.293
1597	1662.000	-0.292	-0.031	0.000	-24.655	21.563
1613	1662.000	-0.324	-0.131	0.000	-26.030	12.967
1629	1662.000	-0.283	-0.320	0.000	-24.736	-7.224
1645	1662.000	-0.239	-0.033	0.000	-24.696	21.381
1661	1662.000	-0.357	-0.384	0.000	-25.142	-13.243
1677	1662.000	-0.320	-0.353	0.000	-24.779	-10.537
1693	1662.000	-0.278	-0.061	0.000	-24.769	18.660
1709	1662.000	-0.345	-0.385	0.000	-24.919	-13.539
1725	1662.000	-0.360	-0.394	0.000	-24.829	-14.548
1741	1662.000	-0.307	-0.163	0.000	-25.082	8.816
1757	1662.000	-0.308	-0.339	0.000	-24.561	-9.372
1773	1662.000	-0.279	-0.172	0.000	-24.854	7.624
1789	1662.000	-0.348	-0.174	0.000	-25.164	7.803
1805	1662.000	-0.251	-0.008	0.000	-24.563	23.725
1821	1662.000	-0.325	-0.307	0.000	-24.771	-5.954
1837	1662.000	-0.323	-0.214	0.000	-24.818	3.391
1853	1662.000	-0.297	-0.242	0.000	-24.563	0.324
1869	1662.000	-0.298	-0.086	0.000	-25.178	16.579
2509	1662.000	-0.442	-0.492	0.000	-33.288	-15.884
2525	1662.000	-0.418	-0.450	0.000	-33.747	-11.245
2541	1662.000	-0.385	-0.151	0.000	-33.647	18.503
2557	1662.000	-0.451	-0.360	0.000	-32.968	-3.059
2573	1662.000	-0.407	-0.535	0.000	-33.496	-19.970
2589	1662.000	-0.372	-0.194	0.000	-33.091	13.697
2605	1662.000	-0.423	-0.234	0.000	-33.699	10.261
2621	1662.000	-0.424	-0.343	0.000	-33.332	-0.919
2637	1662.000	-0.421	-0.414	0.000	-33.003	-8.440
2653	1662.000	-0.403	-0.473	0.000	-33.635	-13.644
2669	1662.000	-0.431	-0.393	0.000	-33.514	-5.745
2685	1662.000	-0.402	-0.114	0.000	-33.192	21.743
2701	1662.000	-0.424	-0.370	0.000	-33.067	-3.902
2717	1662.000	-0.384	-0.218	0.000	-33.108	11.282
2733	1662.000	-0.463	-0.404	0.000	-33.780	-6.592
2749	1662.000	-0.444	-0.191	0.000	-33.652	14.581
2765	1662.000	-0.402	-0.385	0.000	-33.078	-5.385
2781	1662.000	-0.458	-0.470	0.000	-33.051	-13.958
2797	1662.000	-0.389	-0.279	0.000	-33.560	5.684
2813	1662.000	-0.330	-0.273	0.000	-32.982	5.721
2829	1662.000	-0.407	-0.124	0.000	-32.896	20.459
2845	1662.000	-0.447	-0.569	0.000	-33.548	-23.396
2861	1662.000	-0.416	-0.105	0.000	-33.231	22.750
2877	1662.000	-0.337	-0.107	0.000	-32.893	22.176
2893	1662.000	-0.429	-0.345	0.000	-33.066	-1.414
2909	1662.000	-0.384	-0.113	0.000	-33.770	22.511
2925	1662.000	-0.368	-0.456	0.000	-32.895	-12.716
2941	1662.000	-0.443	-0.419	0.000	-33.189	-8.726
2957	1662.000	-0.401	-0.307	0.000	-33.070	2.394
2973	1662.000	-0.406	-0.277	0.000	-32.900	5.164
2989	1662.000	-0.435	-0.508	0.000	-33.527	-17.284
3005	1662.000	-0.375	-0.367	0.000	-33.075	-3.615
3021	1662.000	-0.394	-0.236	0.000	-33.081	9.434
3037	1662.000	-0.408	-0.215	0.000	-33.527	11.986
3053	1662.000	-0.405	-0.271	0.000	-33.194	6.078
3069	1662.000	-0.403	-0.344	0.000	-33.198	-1.249
3085	1662.000	-0.454	-0.215	0.000	-33.719	12.186
3101	1662.000	-0.372	-0.418	0.000	-33.172	-8.604
3117	1662.000	-0.392	-0.179	0.000	-33.863	15.936
3757	1662.000	-0.415	-0.535	0.000	-32.786	-20.693
3773	1662.000	-0.414	-0.459	0.000	-32.593	-13.280
3789	1662.000	-0.474	-0.559	0.000	-32.553	-23.321
3805	1662.000	-0.427	-0.522	0.000	-32.699	-19.462
3821	1662.000	-0.369	-0.438	0.000	-32.660	-11.098
3837	1662.000	-0.462	-0.462	0.000	-32.660	-13.495
3853	1662.000	-0.424	-0.360	0.000	-33.169	-2.841
3869	1662.000	-0.425	-0.583	0.000	-33.286	-24.965
3885	1662.000	-0.437	-0.516	0.000	-32.928	-18.702
3901	1662.000	-0.394	-0.334	0.000	-32.658	-0.773
3917	1662.000	-0.430	-0.427	0.000	-33.134	-9.568
3933	1662.000	-0.378	-0.093	0.000	-32.682	23.358
3949	1662.000	-0.466	-0.530	0.000	-32.791	-20.215
3965	1662.000	-0.487	-0.461	0.000	-33.583	-12.487
3981	1662.000	-0.397	-0.200	0.000	-32.862	12.866
3997	1662.000	-0.438	-0.503	0.000	-32.986	-17.345
4013	1662.000	-0.432	-0.358	0.000	-33.231	-2.581
4029	1662.000	-0.365	-0.179	0.000	-32.661	14.725
4045	1662.000	-0.416	-0.447	0.000	-33.578	-11.096
4061	1662.000	-0.424	-0.266	0.000	-32.906	6.265
4077	1662.000	-0.429	-0.140	0.000	-32.566	18.599
4093	1662.000	-0.441	-0.362	0.000	-33.309	-2.928
4109	1662.000	-0.409	-0.489	0.000	-32.689	-16.212
4125	1662.000	-0.416	-0.243	0.000	-32.953	8.669
4141	1662.000	-0.467	-0.548	0.000	-33.060	-21.730
4157	1662.000	-0.432	-0.549	0.000	-32.677	-22.193
4173	1662.000	-0.427	-0.123	0.000	-33.400	21.114
4189	1662.000	-0.392	-0.403	0.000	-33.033	-7.253
4205	1662.000	-0.443	-0.448	0.000	-33.196	-11.566
4221	1662.000	-0.356	-0.083	0.000	-33.071	24.782
4237	1662.000	-0.452	-0.337	0.000	-32.465	-1.226
4253	1662.000	-0.408	-0.432	0.000	-32.914	-10.259
4269	1662.000	-0.436	-0.506	0.000	-32.558	-18.025
4285	1662.000	-0.392	-0.258	0.000	-32.734	6.892
4301	1662.000	-0.345	-0.121	0.000	-32.700	20.609
4317	1662.000	-0.435	-0.199	0.000	-32.506	12.557
4333	1662.000	-0.474	-0.491	0.000	-32.968	-16.120
4349	1662.000	-0.415	-0.215	0.000	-32.549	11.007
4365	1662.000	-0.420	-0.170	0.000	-32.504	15.455
5021	1662.000	-0.364	-0.211	0.000	-23.854	2.775
5037	1662.000	-0.312	-0.212	0.000	-23.432	2.247
5053	1662.000	-0.284	-0.119	0.000	-23.439	11.534
5069	1662.000	-0.295	-0.104	0.000	-23.661	13.240
5085	1662.000	-0.297	-0.404	0.000	-23.558	-16.838
5101	1662.000	-0.270	-0.214	0.000	-23.524	2.099
5117	1662.000	-0.297	-0.421	0.000	-23.665	-18.403
5133	1662.000	-0.300	-0.249	0.000	-23.646	-1.279
5149	1662.000	-0.242	-0.040	0.000	-23.667	19.650
5165	1662.000	-0.283	-0.159	0.000	-23.977	8.031
5181	1662.000	-0.274	-0.026	0.000	-24.049	21.479
5197	1662.000	-0.301	-0.376	0.000	-23.812	-13.809
5213	1662.000	-0.220	-0.094	0.000	-24.367	14.925
5229	1662.000	-0.277	-0.078	0.000	-23.611	15.828
5245	1662.000	-0.356	-0.312	0.000	-23.873	-7.365
5261	1662.000	-0.345	-0.025	0.000	-24.472	21.923
5277	1662.000	-0.272	-0.023	0.000	-23.629	21.338
5293	1662.000	-0.246	0.009	0.000	-23.840	24.741
5309	1662.000	-0.306	-0.343	0.000	-23.476	-10.840
5325	1662.000	-0.270	-0.346	0.000	-24.227	-10.340
5341	1662.000	-0.351	-0.350	0.000	-23.576	-11.466
5357	1662.000	-0.288	-0.168	0.000	-23.619	6.866
5373	1662.000	-0.295	-0.239	0.000	-23.827	-0.104
5389	1662.000	-0.328	-0.259	0.000	-23.694	-2.196
5405	1662.000	-0.290	-0.204	0.000	-24.266	3.824
5421	1662.000	-0.275	-0.228	0.000	-23.512	0.696
5437	1662.000	-0.276	-0.130	0.000	-23.527	10.523
5453	1662.000	-0.309	-0.438	0.000	-23.917	-19.874
5469	1662.000	-0.351	-0.387	0.000	-23.431	-15.277
5485	1662.000	-0.278	-0.153	0.000	-23.425	8.119
5501	1662.000	-0.360	-0.284	0.000	-23.746	-4.687
5517	1662.000	-0.260	-0.340	0.000	-23.519	-10.458
5533	1662.000	-0.316	-0.133	0.000	-23.516	10.212
5549	1662.000	-0.239	-0.054	0.000	-23.783	18.348
5565	1662.000	-0.308	-0.421	0.000	-23.678	-18.456
5581	1662.000	-0.329	-0.167	0.000	-23.708	7.053
5597	1662.000	-0.256	-0.077	0.000	-23.703	15.969
5613	1662.000	-0.276	-0.143	0.000	-23.432	9.088
5629	1662.000	-0.277	-0.288	0.000	-23.427	-5.403
6269	1662.000	-1.039	-1.017	0.000	-82.194	-19.475
6285	1662.000	-0.976	-0.576	0.000	-81.318	23.715
6301	1662.000	-1.056	-0.927	0.000	-81.317	-11.363
6317	1662.000	-1.005	-0.869	0.000	-81.684	-5.242
6333	1662.000	-0.993	-0.854	0.000	-81.678	-3.735
6349	1662.000	-1.019	-0.795	0.000	-81.317	1.828
6365	1662.000	-1.027	-1.050	0.000	-81.317	-23.685
6381	1662.000	-1.007	-0.901	0.000	-83.370	-6.691
6397	1662.000	-1.067	-0.788	0.000	-82.942	4.113
6413	1662.000	-0.976	-0.775	0.000	-81.666	4.199
6429	1662.000	-1.068	-0.700	0.000	-82.097	12.087
6445	1662.000	-0.909	-0.989	0.000	-83.739	-15.211
6461	1662.000	-1.031	-0.790	0.000	-83.878	4.862
6477	1662.000	-0.985	-0.991	0.000	-81.369	-17.753
6493	1662.000	-0.672	-0.843	0.000	-83.826	-0.518
6509	1662.000	-1.010	-0.883	0.000	-82.619	-5.707
6525	1662.000	-0.994	-0.610	0.000	-83.370	22.335
6541	1662.000	-1.009	-0.672	0.000	-81.338	14.164
6557	1662.000	-0.719	-0.855	0.000	-83.703	-1.835
6573	1662.000	-1.046	-0.748	0.000	-85.609	10.843
6589	1662.000	-1.085	-0.956	0.000	-82.919	-12.634
6605	1662.000	-0.984	-0.729	0.000	-82.330	9.415
6621	1662.000	-1.061	-0.927	0.000	-82.162	-10.560
6637	1662.000	-0.999	-0.749	0.000	-81.352	6.483
6653	1662.000	-1.040	-0.812	0.000	-83.098	1.925
6669	1662.000	-0.990	-0.928	0.000	-81.377	-11.376
6685	1662.000	-1.085	-1.064	0.000	-83.404	-23.023
6701	1662.000	-1.068	-1.038	0.000	-83.398	-20.397
6717	1662.000	-1.019	-0.731	0.000	-81.317	8.215
6733	1662.000	-1.055	-0.885	0.000	-82.100	-6.437
6749	1662.000	-1.000	-0.852	0.000	-81.316	-3.836
6765	1662.000	-1.009	-0.911	0.000	-81.318	-9.764
6781	1662.000	-1.021	-0.670	0.000	-83.666	16.658
6797	1662.000	-1.056	-1.012	0.000	-81.686	-19.494
6813	1662.000	-0.970	-0.803	0.000	-81.317	0.967
6829	1662.000	-0.976	-0.837	0.000	-82.552	-1.176
6845	1662.000	-0.824	-0.639	0.000	-82.455	18.599
6861	1662.000	-1.028	-0.944	0.000	-81.337	-13.099
6877	1662.000	-0.966	-0.942	0.000	-81.317	-12.871
7517	1662.000	-0.557	3.968	1.000	-79.296	-23.860
7533	1662.000	-0.902	-0.537	0.000	-78.436	24.777
7549	1662.000	-1.003	-0.905	0.000	-79.099	-11.405
7565	1662.000	-1.016	-0.855	0.000	-79.228	-6.250
7581	1662.000	-0.505	4.425	1.000	-79.193	21.644
7597	1662.000	-0.605	-0.790	0.000	-78.813	-0.222
7613	1662.000	-0.821	-0.730	0.000	-81.462	8.412
7629	1662.000	-0.948	-0.624	0.000	-78.493	16.076
7645	1662.000	-0.992	-0.955	0.000	-81.123	-14.401
7661	1662.000	-0.945	-0.864	0.000	-79.364	-7.016
7677	1662.000	-1.015	-0.791	0.000	-78.481	-0.654
7693	1662.000	-1.002	-0.862	0.000	-78.849	-7.344
7709	1662.000	-0.992	-0.642	0.000	-78.436	14.247
7725	1662.000	-0.952	-0.649	0.000	-79.245	14.300
7741	1662.000	-1.018	-0.635	0.000	-81.101	17.640
7757	1662.000	-0.911	-0.650	0.000	-78.436	13.454
7773	1662.000	-0.942	-0.567	0.000	-78.436	21.715
7789	1662.000	-0.999	-0.613	0.000	-79.433	18.093
7805	1662.000	-1.046	-0.887	0.000	-80.504	-8.163
7821	1662.000	-0.771	-0.901	0.000	-81.187	-8.921
7837	1662.000	-1.001	-0.969	0.000	-79.203	-17.666
7853	1662.000	-1.016	-0.805	0.000	-79.203	-1.305
7869	1662.000	-1.049	-0.667	0.000	-81.397	14.686
7885	1662.000	-1.004	-0.667	0.000	-81.280	14.583
7901	1662.000	-1.020	-0.800	0.000	-79.208	-0.791
7917	1662.000	-0.973	-0.933	0.000	-78.436	-14.850
7933	1662.000	-0.955	-0.562	0.000	-78.817	22.607
7949	1662.000	-1.054	-0.819	0.000	-80.533	-1.361
7965	1662.000	-0.983	-0.625	0.000	-78.453	15.941
7981	1662.000	-0.929	-0.563	0.000	-78.436	22.125
7997	1662.000	-0.949	-0.669	0.000	-78.436	11.558
8013	1662.000	-0.961	-0.970	0.000	-78.436	-18.568
8029	1662.000	-0.981	-0.829	0.000	-78.490	-4.368
8045	1662.000	-0.971	-0.787	0.000	-78.436	-0.221
8061	1662.000	-0.981	-0.775	0.000	-78.444	0.950
8077	1662.000	-1.041	-0.927	0.000	-78.470	-14.262
8093	1662.000	-0.998	-0.648	0.000	-80.202	15.423
8109	1662.000	-0.980	-0.938	0.000	-78.436	-15.385
8125	1662.000	-1.019	-0.833	0.000	-79.193	-4.139
8765	1662.000	-0.377	-0.320	0.000	-27.425	-4.545
8781	1662.000	-0.338	-0.237	0.000	-27.511	3.767
8797	1662.000	-0.372	-0.365	0.000	-27.456	-9.006
8813	1662.000	-0.338	-0.450	0.000	-27.185	-17.799
8829	1662.000	-0.309	-0.039	0.000	-27.213	23.305
8845	1662.000	-0.368	-0.093	0.000	-27.225	17.931
8861	1662.000	-0.446	-0.399	0.000	-27.456	-12.430
8877	1662.000	-0.363	-0.151	0.000	-27.173	12.102
8893	1662.000	-0.374	-0.350	0.000	-27.266	-7.716
8909	1662.000	-0.348	-0.053	0.000	-27.776	22.442
8925	1662.000	-0.371	-0.180	0.000	-27.276	9.322
8941	1662.000	-0.322	-0.057	0.000	-27.470	21.798
8957	1662.000	-0.298	-0.245	0.000	-27.602	3.064
8973	1662.000	-0.399	-0.245	0.000	-28.557	4.023
8989	1662.000	-0.394	-0.189	0.000	-27.557	8.618
9005	1662.000	-0.360	-0.499	0.000	-27.624	-22.292
9021	1662.000	-0.424	-0.482	0.000	-28.136	-20.081
9037	1662.000	-0.289	-0.114	0.000	-27.232	15.787
9053	1662.000	-0.283	-0.248	0.000	-27.287	2.487
9069	1662.000	-0.286	-0.358	0.000	-27.384	-8.370
9085	1662.000	-0.279	-0.136	0.000	-27.185	13.551
9101	1662.000	-0.349	-0.058	0.000	-27.471	21.673
9117	1662.000	-0.283	-0.335	0.000	-27.491	-5.969
9133	1662.000	-0.269	-0.022	0.000	-27.181	24.973
9149	1662.000	-0.380	-0.038	0.000	-28.090	24.255
9165	1662.000	-0.357	-0.467	0.000	-27.179	-19.473
9181	1662.000	-0.282	-0.304	0.000	-27.175	-3.193
9197	1662.000	-0.342	-0.369	0.000	-27.829	-9.056
9213	1662.000	-0.411	-0.384	0.000	-27.173	-11.263
9229	1662.000	-0.354	-0.059	0.000	-27.354	21.484
9245	1662.000	-0.295	-0.348	0.000	-27.741	-7.082
9261	1662.000	-0.307	-0.037	0.000	-27.304	23.588
9277	1662.000	-0.377	-0.427	0.000	-27.822	-14.871
9293	1662.000	-0.309	-0.072	0.000	-27.793	20.612
9309	1662.000	-0.391	-0.488	0.000	-27.565	-21.258
9325	1662.000	-0.389	-0.409	0.000	-27.347	-13.597
9341	1662.000	-0.307	-0.102	0.000	-27.724	17.530
9357	1662.000	-0.334	-0.126	0.000	-27.708	15.119
9373	1662.000	-0.356	-0.137	0.000	-27.501	13.803
10013	1662.000	-0.370	-0.273	0.000	-32.715	5.437
10029	1662.000	-0.415	-0.122	0.000	-32.747	20.537
10045	1662.000	-0.376	-0.144	0.000	-32.703	18.263
10061	1662.000	-0.366	-0.236	0.000	-32.979	9.334
10077	1662.000	-0.425	-0.419	0.000	-32.560	-9.301
10093	1662.000	-0.388	-0.124	0.000	-32.982	20.571
10109	1662.000	-0.406	-0.207	0.000	-32.857	12.167
10125	1662.000	-0.459	-0.386	0.000	-32.911	-5.651
10141	1662.000	-0.386	-0.310	0.000	-32.909	1.932
10157	1662.000	-0.437	-0.500	0.000	-32.783	-17.215
10173	1662.000	-0.419	-0.402	0.000	-32.865	-7.337
10189	1662.000	-0.379	-0.375	0.000	-33.035	-4.498
10205	1662.000	-0.421	-0.373	0.000	-32.801	-4.528
10221	1662.000	-0.424	-0.324	0.000	-32.936	0.500
10237	1662.000	-0.378	-0.461	0.000	-32.594	-13.480
10253	1662.000	-0.440	-0.421	0.000	-33.899	-8.243
10269	1662.000	-0.437	-0.466	0.000	-32.634	-13.954
10285	1662.000	-0.427	-0.554	0.000	-32.713	-22.654
10301	1662.000	-0.453	-0.329	0.000	-33.912	1.032
10317	1662.000	-0.464	-0.573	0.000	-33.053	-24.277
10333	1662.000	-0.482	-0.522	0.000	-33.805	-18.374
10349	1662.000	-0.403	-0.251	0.000	-33.224	8.167
10365	1662.000	-0.413	-0.569	0.000	-32.581	-24.275
10381	1662.000	-0.449	-0.581	0.000	-33.509	-24.586
10397	1662.000	-0.393	-0.367	0.000	-33.067	-3.656
10413	1662.000	-0.487	-0.468	0.000	-32.727	-14.098
10429	1662.000	-0.455	-0.460	0.000	-33.595	-12.441
10445	1662.000	-0.474	-0.320	0.000	-33.437	1.457
10461	1662.000	-0.396	-0.491	0.000	-33.188	-15.879
10477	1662.000	-0.388	-0.346	0.000	-32.937	-1.643
10493	1662.000	-0.405	-0.121	0.000	-33.284	21.211
10509	1662.000	-0.350	-0.401	0.000	-33.193	-6.951
10525	1662.000	-0.418	-0.521	0.000	-32.556	-19.531
10541	1662.000	-0.453	-0.563	0.000	-32.674	-23.620
10557	1662.000	-0.378	-0.368	0.000	-32.757	-4.078
10573	1662.000	-0.362	-0.090	0.000	-32.818	23.833
10589	1662.000	-0.403	-0.225	0.000	-32.667	10.130
10605	1662.000	-0.501	-0.536	0.000	-32.922	-20.677
10621	1662.000	-0.425	-0.418	0.000	-32.559	-9.260
11277	1662.000	-0.396	-0.108	0.000	-33.259	22.444
11293	1662.000	-0.404	-0.170	0.000	-32.698	15.721
11309	1662.000	-0.380	-0.455	0.000	-31.817	-13.660
11325	1662.000	-0.376	-0.407	0.000	-32.339	-8.338
11341	1662.000	-0.370	-0.221	0.000	-32.194	10.070
11357	1662.000	-0.431	-0.282	0.000	-31.817	3.628
11373	1662.000	-0.378	-0.365	0.000	-32.630	-3.892
11389	1662.000	-0.436	-0.532	0.000	-32.161	-21.078
11405	1662.000	-0.393	-0.375	0.000	-31.857	-5.689
11421	1662.000	-0.474	-0.430	0.000	-32.045	-10.941
11437	1662.000	-0.430	-0.322	0.000	-32.157	-0.042
11453	1662.000	-0.333	-0.106	0.000	-32.385	21.752
11469	1662.000	-0.352	-0.149	0.000	-32.052	17.202
11485	1662.000	-0.443	-0.372	0.000	-32.072	-5.110
11501	1662.000	-0.379	-0.392	0.000	-32.068	-7.168
11517	1662.000	-0.391	-0.377	0.000	-32.095	-5.570
11533	1662.000	-0.410	-0.201	0.000	-32.048	11.995
11549	1662.000	-0.367	-0.147	0.000	-32.754	18.062
11565	1662.000	-0.400	-0.269	0.000	-32.152	5.260
11581	1662.000	-0.432	-0.173	0.000	-31.831	14.492
11597	1662.000	-0.423	-0.345	0.000	-33.284	-1.236
11613	1662.000	-0.356	-0.101	0.000	-31.827	21.711
11629	1662.000	-0.413	-0.485	0.000	-32.066	-16.389
11645	1662.000	-0.398	-0.504	0.000	-32.064	-18.347
11661	1662.000	-0.407	-0.424	0.000	-32.043	-10.331
11677	1662.000	-0.450	-0.516	0.000	-32.573	-19.008
11693	1662.000	-0.412	-0.212	0.000	-32.011	10.792
11709	1662.000	-0.405	-0.361	0.000	-31.908	-4.233
11725	1662.000	-0.432	-0.442	0.000	-32.084	-12.164
11741	1662.000	-0.435	-0.113	0.000	-32.176	20.890
11757	1662.000	-0.407	-0.151	0.000	-31.883	16.809
11773	1662.000	-0.377	-0.426	0.000	-31.837	-10.807
11789	1662.000	-0.401	-0.200	0.000	-32.195	12.151
11805	1662.000	-0.378	-0.072	0.000	-32.017	24.815
11821	1662.000	-0.401	-0.557	0.000	-32.256	-23.472
11837	1662.000	-0.440	-0.485	0.000	-32.051	-16.425
11853	1662.000	-0.368	-0.292	0.000	-32.654	3.500
11869	1662.000	-0.375	-0.259	0.000	-32.343	6.396
11885	1662.000	-0.326	-0.167	0.000	-31.981	15.315
12525	1662.000	-0.297	-0.430	0.000	-26.372	-16.633
12541	1662.000	-0.346	-0.266	0.000	-25.742	-0.832
12557	1662.000	-0.305	-0.152	0.000	-25.626	10.403
12573	1662.000	-0.285	-0.349	0.000	-25.806	-9.130
12589	1662.000	-0.343	-0.407	0.000	-26.086	-14.581
12605	1662.000	-0.307	-0.212	0.000	-25.710	4.467
12621	1662.000	-0.322	-0.113	0.000	-26.464	15.147
12637	1662.000	-0.282	-0.039	0.000	-26.015	22.091
12653	1662.000	-0.352	-0.408	0.000	-25.717	-15.053
12669	1662.000	-0.230	-0.079	0.000	-26.167	18.218
12685	1662.000	-0.316	-0.255	0.000	-25.543	0.067
12701	1662.000	-0.365	-0.374	0.000	-25.543	-11.891
12717	1662.000	-0.329	-0.109	0.000	-25.549	14.643
12733	1662.000	-0.290	-0.033	0.000	-25.560	22.238
12749	1662.000	-0.314	-0.436	0.000	-25.540	-18.099
12765	1662.000	-0.349	-0.352	0.000	-25.542	-9.654
12781	1662.000	-0.310	-0.312	0.000	-25.718	-5.462
12797	1662.000	-0.353	-0.389	0.000	-25.549	-13.317
12813	1662.000	-0.406	-0.500	0.000	-26.200	-23.754
12829	1662.000	-0.300	-0.042	0.000	-25.702	21.523
12845	1662.000	-0.301	-0.444	0.000	-25.540	-18.883
12861	1662.000	-0.310	-0.324	0.000	-25.703	-6.697
12877	1662.000	-0.279	-0.212	0.000	-25.549	4.307
12893	1662.000	-0.277	-0.198	0.000	-25.542	5.732
12909	1662.000	-0.311	-0.431	0.000	-25.541	-17.600
12925	1662.000	-0.311	-0.053	0.000	-25.736	20.458
12941	1662.000	-0.328	-0.191	0.000	-26.229	7.164
12957	1662.000	-0.313	-0.463	0.000	-25.540	-20.722
12973	1662.000	-0.311	-0.232	0.000	-25.953	2.793
12989	1662.000	-0.410	-0.374	0.000	-26.061	-11.293
13005	1662.000	-0.307	-0.176	0.000	-26.044	8.484
13021	1662.000	-0.321	-0.440	0.000	-25.679	-18.283
13037	1662.000	-0.322	-0.136	0.000	-25.553	11.924
13053	1662.000	-0.325	-0.066	0.000	-26.502	19.894
13069	1662.000	-0.339	-0.279	0.000	-26.292	-1.594
13085	1662.000	-0.282	-0.234	0.000	-25.632	2.270
13101	1662.000	-0.384	-0.422	0.000	-26.642	-15.589
13117	1662.000	-0.273	-0.070	0.000	-25.754	18.715
13133	1662.000	-0.333	-0.152	0.000	-25.651	10.474
13773	1662.000	-1.050	-0.753	0.000	-84.118	8.855
13789	1662.000	-1.016	-0.724	0.000	-80.561	8.135
13805	1662.000	-1.044	-0.848	0.000	-80.598	-4.190
13821	1662.000	-1.040	-0.867	0.000	-82.834	-3.883
13837	1662.000	-0.987	-0.851	0.000	-80.580	-4.505
13853	1662.000	-1.070	-1.051	0.000	-81.422	-23.641
13869	1662.000	-0.971	-0.734	0.000	-82.350	8.944
13885	1662.000	-0.918	-0.631	0.000	-80.561	17.485
13901	1662.000	-1.030	-0.653	0.000	-81.296	15.952
13917	1662.000	-1.023	-0.868	0.000	-81.225	-5.553
13933	1662.000	-1.017	-0.746	0.000	-81.318	6.741
13949	1662.000	-0.996	-0.600	0.000	-80.561	20.529
13965	1662.000	-1.014	-0.572	0.000	-80.561	23.336
13981	1662.000	-1.063	-0.919	0.000	-84.403	-7.471
13997	1662.000	-0.934	-0.682	0.000	-80.561	12.324
14013	1662.000	-1.088	-0.845	0.000	-82.929	-1.572
14029	1662.000	-0.982	-0.694	0.000	-81.974	12.551
14045	1662.000	-1.015	-0.848	0.000	-82.384	-2.436
14061	1662.000	-1.017	-0.772	0.000	-80.583	3.374
14077	1662.000	-0.969	-0.608	0.000	-80.597	19.832
14093	1662.000	-1.064	-0.968	0.000	-81.378	-15.461
14109	1662.000	-1.019	-0.882	0.000	-82.665	-5.554
14125	1662.000	-0.968	-0.586	0.000	-80.597	21.949
14141	1662.000	-1.087	-1.048	0.000	-82.625	-22.180
14157	1662.000	-0.979	-0.849	0.000	-80.620	-4.244
14173	1662.000	-1.005	-1.024	0.000	-80.578	-21.835
14189	1662.000	-0.894	-0.719	0.000	-82.514	10.606
14205	1662.000	-0.996	-0.923	0.000	-80.569	-11.733
14221	1662.000	-1.048	-0.799	0.000	-81.448	1.532
14237	1662.000	-1.107	-0.916	0.000	-83.205	-8.355
14253	1662.000	-0.986	-0.565	0.000	-80.561	24.015
14269	1662.000	-1.027	-0.698	0.000	-82.056	12.235
14285	1662.000	-1.005	-0.872	0.000	-82.186	-5.004
14301	1662.000	-0.906	-0.644	0.000	-80.561	16.161
14317	1662.000	-0.999	-0.774	0.000	-80.657	3.219
14333	1662.000	-0.981	-0.708	0.000	-80.561	9.763
14349	1662.000	-1.002	-0.642	0.000	-81.678	17.460
14365	1662.000	-0.994	-0.912	0.000	-80.583	-10.570
14381	1662.000	-0.783	-0.779	0.000	-80.597	2.719
13	1663.000	-0.927	-0.833	0.000	-76.635	-6.619
29	1663.000	-0.958	-0.709	0.000	-76.043	5.191
45	1663.000	-0.974	-0.534	0.000	-76.009	22.613
61	1663.000	-0.963	-0.747	0.000	-75.385	0.666
77	1663.000	-0.930	-0.519	0.000	-75.349	23.417
93	1663.000	-0.997	-0.953	0.000	-75.349	-19.913
109	1663.000	-0.988	-0.904	0.000	-77.275	-13.139
125	1663.000	-0.932	-0.724	0.000	-76.043	3.634
141	1663.000	0.003	4.489	0.000	-75.371	24.292
157	1663.000	-0.947	-0.901	0.000	-76.096	-14.024
173	1663.000	-0.939	-0.799	0.000	-77.221	-2.716
189	1663.000	-0.981	-0.906	0.000	-75.409	-15.146
205	1663.000	-0.987	-0.540	0.000	-75.349	21.387
221	1663.000	-0.994	-0.534	0.000	-76.512	23.129
237	1663.000	-0.933	-0.614	0.000	-75.358	13.933
253	1663.000	-0.987	-0.939	0.000	-75.356	-18.533
269	1663.000	-0.941	-1.017	0.000	-76.938	-24.809
285	1663.000	-0.950	-0.562	0.000	-75.349	19.196
301	1663.000	-0.971	-0.585	0.000	-75.432	16.965
317	1663.000	-0.847	-0.551	0.000	-75.403	20.264
333	1663.000	-0.913	-0.529	0.000	-75.702	22.846
349	1663.000	-0.876	-0.510	0.000	-75.380	24.335
365	1663.000	-0.919	-0.872	0.000	-76.136	-11.113
381	1663.000	-0.936	-0.972	0.000	-76.251	-20.939
397	1663.000	-0.707	-0.909	0.000	-76.820	-14.051
413	1663.000	-0.781	-0.980	0.000	-77.450	-20.567
429	1663.000	-0.999	-0.960	0.000	-78.825	-17.160
445	1663.000	-0.999	-0.797	0.000	-76.837	-2.830
461	1663.000	-0.898	-0.806	0.000	-75.349	-5.259
477	1663.000	-0.981	-0.854	0.000	-76.846	-8.561
493	1663.000	-0.932	-0.721	0.000	-76.090	4.035
509	1663.000	-0.942	-0.625	0.000	-75.369	12.831
525	1663.000	-0.885	-0.666	0.000	-75.369	8.742
541	1663.000	-0.969	-0.617	0.000	-75.372	13.680
557	1663.000	-0.898	-0.584	0.000	-75.656	17.207
573	1663.000	-0.941	-0.694	0.000	-75.411	5.965
589	1663.000	-1.024	-0.884	0.000	-76.612	-11.758
605	1663.000	-0.641	-0.689	0.000	-75.349	6.483
621	1663.000	-0.937	-0.603	0.000	-75.365	15.073
1261	1663.000	-0.308	-0.452	0.000	-24.088	-21.140
1277	1663.000	-0.309	-0.136	0.000	-23.818	10.268
1293	1663.000	-0.294	-0.013	0.000	-23.977	22.700
1309	1663.000	-0.237	-0.103	0.000	-23.700	13.421
1325	1663.000	-0.295	-0.304	0.000	-23.933	-6.488
1341	1663.000	-0.306	-0.338	0.000	-23.563	-10.220
1357	1663.000	-0.318	-0.284	0.000	-23.568	-4.842
1373	1663.000	-0.304	-0.449	0.000	-23.964	-20.981
1389	1663.000	-0.312	-0.370	0.000	-24.438	-12.590
1405	1663.000	-0.286	-0.033	0.000	-23.632	20.348
1421	1663.000	-0.290	-0.051	0.000	-23.709	18.648
1437	1663.000	-0.356	-0.352	0.000	-24.023	-11.178
1453	1663.000	-0.278	-0.407	0.000	-23.748	-16.908
1469	1663.000	-0.282	-0.189	0.000	-23.628	4.716
1485	1663.000	-0.262	-0.248	0.000	-23.648	-1.179
1501	1663.000	-0.266	-0.240	0.000	-23.858	-0.100
1517	1663.000	-0.289	-0.027	0.000	-23.748	21.001
1533	1663.000	-0.287	-0.346	0.000	-23.565	-11.055
1549	1663.000	-0.352	-0.061	0.000	-24.177	18.061
1565	1663.000	-0.282	-0.094	0.000	-23.599	14.206
1581	1663.000	-0.289	-0.448	0.000	-23.564	-21.260
1597	1663.000	-0.262	-0.093	0.000	-23.644	14.386
1613	1663.000	-0.299	-0.253	0.000	-24.888	-0.394
1629	1663.000	-0.282	-0.331	0.000	-23.717	-9.361
1645	1663.000	-0.219	-0.135	0.000	-23.681	10.167
1661	1663.000	-0.324	-0.206	0.000	-24.084	3.521
1677	1663.000	-0.331	-0.294	0.000	-23.756	-5.694
1693	1663.000	-0.264	-0.056	0.000	-23.746	18.122
1709	1663.000	-0.323	-0.315	0.000	-23.883	-7.582
1725	1663.000	-0.323	0.006	0.000	-23.801	24.443
1741	1663.000	-0.314	-0.478	0.000	-24.030	-23.727
1757	1663.000	-0.259	-0.000	0.000	-23.559	23.510
1773	1663.000	-0.235	-0.032	0.000	-23.824	20.607
1789	1663.000	-0.319	-0.198	0.000	-24.104	4.270
1805	1663.000	-0.285	-0.436	0.000	-23.561	-20.015
1821	1663.000	-0.309	-0.161	0.000	-23.749	7.625
1837	1663.000	-0.309	-0.413	0.000	-23.791	-17.526
1853	1663.000	-0.270	-0.072	0.000	-23.561	16.333
1869	1663.000	-0.304	-0.462	0.000	-24.117	-22.074
2509	1663.000	-0.425	-0.504	0.000	-31.907	-18.494
2525	1663.000	-0.366	-0.107	0.000	-32.323	21.639
2541	1663.000	-0.345	-0.157	0.000	-32.232	16.494
2557	1663.000	-0.413	-0.092	0.000	-31.618	22.417
2573	1663.000	-0.416	-0.492	0.000	-32.096	-17.143
2589	1663.000	-0.396	-0.491	0.000	-31.729	-17.370
2605	1663.000	-0.398	-0.245	0.000	-32.280	7.759
2621	1663.000	-0.407	-0.217	0.000	-31.948	10.219
2637	1663.000	-0.399	-0.478	0.000	-31.650	-16.125
2653	1663.000	-0.361	-0.141	0.000	-32.222	18.081
2669	1663.000	-0.415	-0.136	0.000	-32.112	18.500
2685	1663.000	-0.398	-0.311	0.000	-31.821	0.735
2701	1663.000	-0.405	-0.106	0.000	-31.707	21.105
2717	1663.000	-0.396	-0.454	0.000	-31.745	-13.607
2733	1663.000	-0.436	-0.276	0.000	-32.353	4.716
2749	1663.000	-0.437	-0.507	0.000	-32.237	-18.431
2765	1663.000	-0.420	-0.553	0.000	-31.717	-23.625
2781	1663.000	-0.420	-0.342	0.000	-31.694	-2.498
2797	1663.000	-0.361	-0.302	0.000	-32.154	1.944
2813	1663.000	-0.321	-0.192	0.000	-31.631	12.440
2829	1663.000	-0.428	-0.481	0.000	-31.553	-16.528
2845	1663.000	-0.395	-0.223	0.000	-32.143	9.838
2861	1663.000	-0.406	-0.551	0.000	-31.856	-23.246
2877	1663.000	-0.339	-0.190	0.000	-31.550	12.590
2893	1663.000	-0.406	-0.167	0.000	-31.707	14.995
2909	1663.000	-0.370	-0.203	0.000	-32.344	12.090
2925	1663.000	-0.374	-0.379	0.000	-31.552	-6.367
2941	1663.000	-0.459	-0.488	0.000	-31.818	-16.983
2957	1663.000	-0.409	-0.337	0.000	-31.711	-2.038
2973	1663.000	-0.399	-0.205	0.000	-31.556	11.008
2989	1663.000	-0.415	-0.219	0.000	-32.124	10.270
3005	1663.000	-0.375	-0.543	0.000	-31.715	-22.619
3021	1663.000	-0.362	-0.099	0.000	-31.720	21.862
3037	1663.000	-0.408	-0.359	0.000	-32.124	-3.780
3053	1663.000	-0.368	-0.132	0.000	-31.822	18.577
3069	1663.000	-0.389	-0.236	0.000	-31.827	8.265
3085	1663.000	-0.440	-0.240	0.000	-32.298	8.297
3101	1663.000	-0.371	-0.408	0.000	-31.803	-9.031
3117	1663.000	-0.361	-0.138	0.000	-32.428	18.619
3757	1663.000	-0.392	-0.224	0.000	-31.430	9.014
3773	1663.000	-0.412	-0.267	0.000	-31.255	4.520
3789	1663.000	-0.449	-0.225	0.000	-31.220	8.759
3805	1663.000	-0.444	-0.551	0.000	-31.351	-23.790
3821	1663.000	-0.377	-0.544	0.000	-31.316	-23.059
3837	1663.000	-0.433	-0.279	0.000	-31.316	3.380
3853	1663.000	-0.413	-0.555	0.000	-31.776	-23.764
3869	1663.000	-0.414	-0.395	0.000	-31.883	-7.630
3885	1663.000	-0.409	-0.463	0.000	-31.558	-14.750
3901	1663.000	-0.392	-0.383	0.000	-31.314	-7.000
3917	1663.000	-0.405	-0.373	0.000	-31.745	-5.579
3933	1663.000	-0.367	-0.469	0.000	-31.336	-15.595
3949	1663.000	-0.430	-0.308	0.000	-31.435	0.652
3965	1663.000	-0.490	-0.477	0.000	-32.151	-15.500
3981	1663.000	-0.400	-0.281	0.000	-31.499	3.437
3997	1663.000	-0.408	-0.116	0.000	-31.611	19.965
4013	1663.000	-0.420	-0.526	0.000	-31.833	-20.760
4029	1663.000	-0.350	-0.412	0.000	-31.317	-9.930
4045	1663.000	-0.385	-0.370	0.000	-32.147	-4.882
4061	1663.000	-0.390	-0.207	0.000	-31.539	10.796
4077	1663.000	-0.407	-0.117	0.000	-31.231	19.528
4093	1663.000	-0.394	-0.257	0.000	-31.904	6.176
4109	1663.000	-0.402	-0.386	0.000	-31.343	-7.209
4125	1663.000	-0.406	-0.369	0.000	-31.582	-5.314
4141	1663.000	-0.451	-0.485	0.000	-31.678	-16.848
4157	1663.000	-0.429	-0.467	0.000	-31.332	-15.390
4173	1663.000	-0.404	-0.184	0.000	-31.985	13.602
4189	1663.000	-0.415	-0.475	0.000	-31.654	-15.834
4205	1663.000	-0.390	-0.092	0.000	-31.801	22.606
4221	1663.000	-0.319	-0.108	0.000	-31.688	20.861
4237	1663.000	-0.407	-0.159	0.000	-31.140	15.260
4253	1663.000	-0.409	-0.302	0.000	-31.546	1.385
4269	1663.000	-0.393	-0.292	0.000	-31.224	2.069
4285	1663.000	-0.400	-0.372	0.000	-31.384	-5.851
4301	1663.000	-0.341	-0.190	0.000	-31.352	12.331
4317	1663.000	-0.456	-0.557	0.000	-31.177	-24.539
4333	1663.000	-0.428	-0.284	0.000	-31.595	3.147
4349	1663.000	-0.408	-0.526	0.000	-31.215	-21.352
4365	1663.000	-0.436	-0.531	0.000	-31.175	-21.931
5021	1663.000	-0.366	-0.310	0.000	-22.857	-8.189
5037	1663.000	-0.278	0.011	0.000	-22.475	23.548
5053	1663.000	-0.263	0.014	0.000	-22.482	23.876
5069	1663.000	-0.281	-0.379	0.000	-22.683	-15.255
5085	1663.000	-0.299	-0.280	0.000	-22.589	-5.375
5101	1663.000	-0.268	-0.181	0.000	-22.559	4.460
5117	1663.000	-0.297	-0.281	0.000	-22.686	-5.409
5133	1663.000	-0.315	-0.476	0.000	-22.669	-24.973
5149	1663.000	-0.203	-0.054	0.000	-22.688	17.264
5165	1663.000	-0.251	-0.116	0.000	-22.968	11.334
5181	1663.000	-0.261	-0.027	0.000	-23.034	20.375
5197	1663.000	-0.303	-0.287	0.000	-22.819	-5.859
5213	1663.000	-0.197	-0.167	0.000	-23.321	6.606
5229	1663.000	-0.238	-0.023	0.000	-22.637	20.346
5245	1663.000	-0.306	-0.047	0.000	-22.874	18.139
5261	1663.000	-0.347	-0.292	0.000	-23.416	-5.761
5277	1663.000	-0.283	-0.277	0.000	-22.653	-5.036
5293	1663.000	-0.221	-0.209	0.000	-22.845	1.991
5309	1663.000	-0.279	-0.302	0.000	-22.516	-7.699
5325	1663.000	-0.263	-0.066	0.000	-23.194	16.640
5341	1663.000	-0.357	-0.312	0.000	-22.605	-8.619
5357	1663.000	-0.284	-0.202	0.000	-22.644	2.418
5373	1663.000	-0.305	-0.230	0.000	-22.833	-0.193
5389	1663.000	-0.293	0.017	0.000	-22.713	24.400
5405	1663.000	-0.311	-0.364	0.000	-23.230	-13.165
5421	1663.000	-0.249	0.018	0.000	-22.548	24.378
5437	1663.000	-0.254	-0.306	0.000	-22.561	-8.016
5453	1663.000	-0.323	-0.361	0.000	-22.914	-13.213
5469	1663.000	-0.333	-0.375	0.000	-22.475	-14.985
5485	1663.000	-0.285	-0.437	0.000	-22.469	-21.257
5501	1663.000	-0.355	-0.372	0.000	-22.760	-14.476
5517	1663.000	-0.253	-0.418	0.000	-22.554	-19.277
5533	1663.000	-0.328	-0.413	0.000	-22.551	-18.796
5549	1663.000	-0.244	-0.391	0.000	-22.793	-16.258
5565	1663.000	-0.298	-0.308	0.000	-22.698	-8.123
5581	1663.000	-0.342	-0.330	0.000	-22.725	-10.246
5597	1663.000	-0.232	-0.051	0.000	-22.720	17.616
5613	1663.000	-0.250	-0.126	0.000	-22.475	9.901
5629	1663.000	-0.266	-0.224	0.000	-22.471	0.037
6269	1663.000	-0.999	-0.651	0.000	-78.792	13.705
6285	1663.000	-0.959	-1.020	0.000	-77.999	-23.966
6301	1663.000	-1.042	-1.013	0.000	-77.998	-23.278
6317	1663.000	-1.003	-0.968	0.000	-78.331	-18.460
6333	1663.000	-0.919	-0.568	0.000	-78.325	21.500
6349	1663.000	-0.082	4.106	0.000	-77.998	-11.421
6365	1663.000	-1.009	-0.938	0.000	-77.999	-15.839
6381	1663.000	-0.977	-0.823	0.000	-79.856	-2.407
6397	1663.000	-1.028	-0.850	0.000	-79.469	-5.531
6413	1663.000	-0.943	-0.591	0.000	-78.314	19.225
6429	1663.000	-1.030	-0.739	0.000	-78.704	4.836
6445	1663.000	-0.871	-0.601	0.000	-80.190	20.092
6461	1663.000	-0.988	-0.819	0.000	-80.315	-1.606
6477	1663.000	-0.919	-0.691	0.000	-78.045	8.896
6493	1663.000	-0.689	-0.563	0.000	-80.269	23.924
6509	1663.000	-0.982	-0.781	0.000	-79.176	1.034
6525	1663.000	-0.977	-0.792	0.000	-79.856	0.688
6541	1663.000	-0.991	-0.851	0.000	-78.017	-7.126
6557	1663.000	-0.758	-0.902	0.000	-80.158	-10.088
6573	1663.000	-0.999	-0.661	0.000	-81.882	15.759
6589	1663.000	-1.050	-0.865	0.000	-79.448	-7.068
6605	1663.000	-0.964	-0.838	0.000	-78.915	-4.868
6621	1663.000	-0.997	-0.822	0.000	-78.763	-3.480
6637	1663.000	-0.953	-0.886	0.000	-78.030	-10.588
6653	1663.000	-0.985	-0.782	0.000	-79.610	1.415
6669	1663.000	-0.995	-0.987	0.000	-78.053	-20.672
6685	1663.000	-1.030	-0.728	0.000	-79.887	7.104
6701	1663.000	-1.033	-0.992	0.000	-79.882	-19.368
6717	1663.000	-0.963	-0.735	0.000	-77.998	4.534
6733	1663.000	-1.026	-0.819	0.000	-78.707	-3.229
6749	1663.000	-0.958	-0.645	0.000	-77.998	13.450
6765	1663.000	-0.971	-0.796	0.000	-78.000	-1.595
6781	1663.000	-1.014	-1.023	0.000	-80.124	-22.127
6797	1663.000	-0.993	-0.548	0.000	-78.332	23.504
6813	1663.000	-0.964	-1.011	0.000	-77.998	-23.112
6829	1663.000	-0.928	-0.823	0.000	-79.116	-3.145
6845	1663.000	-0.838	-1.031	0.000	-79.028	-24.060
6861	1663.000	-1.025	-0.990	0.000	-78.016	-20.939
6877	1663.000	-0.900	-0.542	0.000	-77.999	23.776
7517	1663.000	-0.580	-0.626	0.000	-76.014	13.454
7533	1663.000	-0.867	-0.771	0.000	-75.235	-1.841
7549	1663.000	-0.948	-0.758	0.000	-75.835	0.033
7565	1663.000	-0.089	4.205	0.000	-75.952	-3.564
7581	1663.000	-0.577	-0.895	0.000	-75.920	-13.596
7597	1663.000	-0.633	-0.686	0.000	-75.576	7.011
7613	1663.000	-0.824	-0.811	0.000	-77.973	-3.114
7629	1663.000	-0.901	-0.575	0.000	-75.287	17.742
7645	1663.000	-0.937	-0.582	0.000	-77.666	19.491
7661	1663.000	-0.878	-0.601	0.000	-76.075	15.966
7677	1663.000	-0.958	-0.532	0.000	-75.276	22.110
7693	1663.000	-0.940	-0.775	0.000	-75.608	-1.858
7709	1663.000	-0.977	-0.841	0.000	-75.235	-8.827
7725	1663.000	-0.904	-0.580	0.000	-75.967	17.969
7741	1663.000	-0.980	-0.682	0.000	-77.646	9.415
7757	1663.000	-0.904	-0.869	0.000	-75.235	-11.656
7773	1663.000	-0.873	-0.506	0.000	-75.235	24.656
7789	1663.000	-0.970	-0.682	0.000	-76.137	7.971
7805	1663.000	-1.001	-1.001	0.000	-77.106	-22.948
7821	1663.000	-0.743	-0.676	0.000	-77.724	10.076
7837	1663.000	-0.959	-0.988	0.000	-75.929	-22.873
7853	1663.000	-1.007	-0.935	0.000	-75.929	-17.545
7869	1663.000	-0.999	-0.546	0.000	-77.914	23.342
7885	1663.000	-0.961	-0.559	0.000	-77.809	21.949
7901	1663.000	-0.945	-0.584	0.000	-75.933	17.530
7917	1663.000	-0.926	-0.541	0.000	-75.235	21.122
7933	1663.000	-0.944	-0.939	0.000	-75.580	-18.273
7949	1663.000	-1.014	-0.680	0.000	-77.132	9.125
7965	1663.000	-0.917	-0.643	0.000	-75.250	10.954
7981	1663.000	-0.927	-0.960	0.000	-75.235	-20.742
7997	1663.000	-0.925	-0.867	0.000	-75.235	-11.448
8013	1663.000	-0.939	-0.784	0.000	-75.235	-3.147
8029	1663.000	-0.951	-0.651	0.000	-75.284	10.222
8045	1663.000	-0.924	-0.848	0.000	-75.235	-9.603
8061	1663.000	-0.924	-0.641	0.000	-75.242	11.180
8077	1663.000	-0.982	-0.814	0.000	-75.266	-6.135
8093	1663.000	-0.985	-0.875	0.000	-76.833	-10.629
8109	1663.000	-0.945	-0.845	0.000	-75.235	-9.274
8125	1663.000	-1.001	-0.894	0.000	-75.920	-13.440
8765	1663.000	-0.377	-0.372	0.000	-26.292	-10.892
8781	1663.000	-0.308	-0.277	0.000	-26.370	-1.340
8797	1663.000	-0.357	-0.268	0.000	-26.320	-0.462
8813	1663.000	-0.321	-0.375	0.000	-26.075	-11.417
8829	1663.000	-0.292	-0.039	0.000	-26.100	22.187
8845	1663.000	-0.325	-0.097	0.000	-26.111	16.401
8861	1663.000	-0.445	-0.484	0.000	-26.320	-22.096
8877	1663.000	-0.379	-0.467	0.000	-26.064	-20.616
8893	1663.000	-0.374	-0.376	0.000	-26.148	-11.455
8909	1663.000	-0.334	-0.248	0.000	-26.610	1.805
8925	1663.000	-0.349	-0.042	0.000	-26.158	21.990
8941	1663.000	-0.309	-0.073	0.000	-26.333	19.062
8957	1663.000	-0.315	-0.325	0.000	-26.453	-6.001
8973	1663.000	-0.417	-0.469	0.000	-27.316	-19.605
8989	1663.000	-0.373	-0.232	0.000	-26.412	3.240
9005	1663.000	-0.351	-0.480	0.000	-26.472	-21.487
9021	1663.000	-0.376	-0.211	0.000	-26.935	5.840
9037	1663.000	-0.279	-0.330	0.000	-26.118	-6.892
9053	1663.000	-0.263	-0.286	0.000	-26.168	-2.475
9069	1663.000	-0.258	-0.085	0.000	-26.255	17.787
9085	1663.000	-0.308	-0.410	0.000	-26.075	-14.960
9101	1663.000	-0.315	-0.279	0.000	-26.334	-1.531
9117	1663.000	-0.276	-0.040	0.000	-26.352	22.367
9133	1663.000	-0.232	-0.018	0.000	-26.071	24.276
9149	1663.000	-0.383	-0.342	0.000	-26.894	-7.323
9165	1663.000	-0.363	-0.396	0.000	-26.069	-13.481
9181	1663.000	-0.284	-0.281	0.000	-26.066	-2.030
9197	1663.000	-0.310	-0.213	0.000	-26.657	5.315
9213	1663.000	-0.378	-0.383	0.000	-26.064	-12.226
9229	1663.000	-0.331	-0.324	0.000	-26.228	-6.188
9245	1663.000	-0.292	-0.455	0.000	-26.578	-18.920
9261	1663.000	-0.283	-0.111	0.000	-26.182	15.048
9277	1663.000	-0.365	-0.164	0.000	-26.652	10.235
9293	1663.000	-0.296	-0.287	0.000	-26.625	-2.094
9309	1663.000	-0.335	-0.072	0.000	-26.419	19.264
9325	1663.000	-0.353	-0.065	0.000	-26.222	19.699
9341	1663.000	-0.313	-0.241	0.000	-26.562	2.500
9357	1663.000	-0.333	-0.177	0.000	-26.548	8.871
9373	1663.000	-0.301	-0.050	0.000	-26.361	21.397
10013	1663.000	-0.381	-0.310	0.000	-31.371	0.407
10029	1663.000	-0.386	-0.152	0.000	-31.400	16.243
10045	1663.000	-0.364	-0.188	0.000	-31.360	12.609
10061	1663.000	-0.394	-0.558	0.000	-31.610	-24.157
10077	1663.000	-0.396	-0.331	0.000	-31.231	-1.845
10093	1663.000	-0.372	-0.265	0.000	-31.613	5.153
10109	1663.000	-0.401	-0.561	0.000	-31.500	-24.596
10125	1663.000	-0.418	-0.163	0.000	-31.549	15.204
10141	1663.000	-0.404	-0.439	0.000	-31.546	-12.362
10157	1663.000	-0.387	-0.095	0.000	-31.432	21.959
10173	1663.000	-0.396	-0.416	0.000	-31.507	-10.091
10189	1663.000	-0.355	-0.261	0.000	-31.661	5.572
10205	1663.000	-0.366	-0.148	0.000	-31.449	16.687
10221	1663.000	-0.418	-0.560	0.000	-31.571	-24.385
10237	1663.000	-0.342	-0.257	0.000	-31.262	5.543
10253	1663.000	-0.396	-0.088	0.000	-32.442	23.667
10269	1663.000	-0.420	-0.205	0.000	-31.298	10.845
10285	1663.000	-0.435	-0.522	0.000	-31.370	-20.815
10301	1663.000	-0.410	-0.124	0.000	-32.454	20.034
10317	1663.000	-0.467	-0.467	0.000	-31.677	-15.014
10333	1663.000	-0.440	-0.132	0.000	-32.357	19.124
10349	1663.000	-0.404	-0.482	0.000	-31.832	-16.400
10365	1663.000	-0.399	-0.218	0.000	-31.250	9.453
10381	1663.000	-0.450	-0.552	0.000	-32.090	-23.139
10397	1663.000	-0.359	-0.300	0.000	-31.689	1.725
10413	1663.000	-0.480	-0.462	0.000	-31.382	-14.798
10429	1663.000	-0.420	-0.197	0.000	-32.167	12.495
10445	1663.000	-0.450	-0.281	0.000	-32.025	3.964
10461	1663.000	-0.371	-0.182	0.000	-31.799	13.621
10477	1663.000	-0.400	-0.560	0.000	-31.572	-24.446
10493	1663.000	-0.407	-0.387	0.000	-31.886	-6.790
10509	1663.000	-0.371	-0.465	0.000	-31.804	-14.711
10525	1663.000	-0.369	-0.175	0.000	-31.228	13.770
10541	1663.000	-0.407	-0.069	0.000	-31.334	24.436
10557	1663.000	-0.340	-0.238	0.000	-31.409	7.616
10573	1663.000	-0.384	-0.554	0.000	-31.465	-23.972
10589	1663.000	-0.397	-0.367	0.000	-31.328	-5.346
10605	1663.000	-0.472	-0.313	0.000	-31.558	0.299
10621	1663.000	-0.391	-0.168	0.000	-31.230	14.454
11277	1663.000	-0.365	-0.210	0.000	-31.823	10.806
11293	1663.000	-0.422	-0.544	0.000	-31.316	-23.080
11309	1663.000	-0.364	-0.184	0.000	-30.518	12.106
11325	1663.000	-0.341	-0.205	0.000	-30.991	10.493
11341	1663.000	-0.373	-0.446	0.000	-30.860	-13.732
11357	1663.000	-0.407	-0.281	0.000	-30.518	2.458
11373	1663.000	-0.378	-0.496	0.000	-31.254	-18.370
11389	1663.000	-0.408	-0.130	0.000	-30.830	17.853
11405	1663.000	-0.417	-0.525	0.000	-30.555	-21.955
11421	1663.000	-0.444	-0.329	0.000	-30.725	-2.189
11437	1663.000	-0.391	-0.116	0.000	-30.826	19.230
11453	1663.000	-0.353	-0.414	0.000	-31.033	-10.385
11469	1663.000	-0.361	-0.344	0.000	-30.731	-3.709
11485	1663.000	-0.447	-0.522	0.000	-30.749	-21.427
11501	1663.000	-0.378	-0.469	0.000	-30.746	-16.188
11517	1663.000	-0.366	-0.133	0.000	-30.770	17.480
11533	1663.000	-0.379	-0.236	0.000	-30.727	7.122
11549	1663.000	-0.360	-0.186	0.000	-31.366	12.750
11565	1663.000	-0.379	-0.418	0.000	-30.822	-11.011
11581	1663.000	-0.436	-0.360	0.000	-30.531	-5.443
11597	1663.000	-0.388	-0.166	0.000	-31.846	15.288
11613	1663.000	-0.356	-0.197	0.000	-30.528	10.852
11629	1663.000	-0.400	-0.495	0.000	-30.744	-18.801
11645	1663.000	-0.407	-0.475	0.000	-30.742	-16.741
11661	1663.000	-0.410	-0.337	0.000	-30.723	-3.016
11677	1663.000	-0.399	-0.152	0.000	-31.202	15.960
11693	1663.000	-0.427	-0.556	0.000	-30.694	-24.862
11709	1663.000	-0.415	-0.374	0.000	-30.601	-6.825
11725	1663.000	-0.380	-0.211	0.000	-30.760	9.676
11741	1663.000	-0.432	-0.558	0.000	-30.843	-24.967
11757	1663.000	-0.366	-0.216	0.000	-30.578	8.964
11773	1663.000	-0.348	-0.191	0.000	-30.536	11.397
11789	1663.000	-0.391	-0.321	0.000	-30.860	-1.278
11805	1663.000	-0.371	-0.309	0.000	-30.699	-0.203
11821	1663.000	-0.354	-0.204	0.000	-30.916	10.506
11837	1663.000	-0.401	-0.162	0.000	-30.730	14.567
11853	1663.000	-0.388	-0.474	0.000	-31.275	-16.090
11869	1663.000	-0.368	-0.211	0.000	-30.994	9.847
11885	1663.000	-0.328	-0.504	0.000	-30.667	-19.715
12525	1663.000	-0.283	-0.340	0.000	-25.251	-8.711
12541	1663.000	-0.324	-0.009	0.000	-24.681	23.766
12557	1663.000	-0.314	-0.387	0.000	-24.576	-14.103
12573	1663.000	-0.253	-0.124	0.000	-24.738	12.340
12589	1663.000	-0.343	-0.346	0.000	-24.991	-9.640
12605	1663.000	-0.292	-0.046	0.000	-24.652	20.004
12621	1663.000	-0.309	-0.134	0.000	-25.334	11.964
12637	1663.000	-0.301	-0.349	0.000	-24.927	-9.998
12653	1663.000	-0.314	-0.128	0.000	-24.658	11.872
12669	1663.000	-0.252	-0.312	0.000	-25.065	-6.179
12685	1663.000	-0.279	-0.070	0.000	-24.500	17.510
12701	1663.000	-0.327	-0.256	0.000	-24.500	-1.116
12717	1663.000	-0.329	-0.240	0.000	-24.506	0.507
12733	1663.000	-0.299	-0.323	0.000	-24.516	-7.813
12749	1663.000	-0.309	-0.331	0.000	-24.498	-8.633
12765	1663.000	-0.340	-0.275	0.000	-24.500	-2.987
12781	1663.000	-0.286	-0.330	0.000	-24.658	-8.370
12797	1663.000	-0.333	-0.016	0.000	-24.506	22.859
12813	1663.000	-0.355	-0.175	0.000	-25.095	7.640
12829	1663.000	-0.270	-0.163	0.000	-24.644	8.332
12845	1663.000	-0.276	-0.275	0.000	-24.498	-2.962
12861	1663.000	-0.310	-0.339	0.000	-24.645	-9.220
12877	1663.000	-0.247	-0.059	0.000	-24.506	18.602
12893	1663.000	-0.287	-0.360	0.000	-24.500	-11.471
12909	1663.000	-0.300	-0.304	0.000	-24.499	-5.942
12925	1663.000	-0.307	-0.273	0.000	-24.675	-2.665
12941	1663.000	-0.304	-0.252	0.000	-25.121	-0.033
12957	1663.000	-0.294	-0.003	0.000	-24.498	24.181
12973	1663.000	-0.269	-0.055	0.000	-24.872	19.346
12989	1663.000	-0.406	-0.361	0.000	-24.969	-11.138
13005	1663.000	-0.286	-0.270	0.000	-24.954	-2.054
13021	1663.000	-0.313	-0.184	0.000	-24.624	6.223
13037	1663.000	-0.288	-0.005	0.000	-24.510	23.985
13053	1663.000	-0.324	-0.149	0.000	-25.368	10.470
13069	1663.000	-0.308	-0.247	0.000	-25.178	0.470
13085	1663.000	-0.247	-0.016	0.000	-24.581	22.954
13101	1663.000	-0.377	-0.353	0.000	-25.495	-9.827
13117	1663.000	-0.269	-0.267	0.000	-24.691	-1.961
13133	1663.000	-0.338	-0.284	0.000	-24.598	-3.752
13773	1663.000	-1.044	-1.048	0.000	-80.492	-24.290
13789	1663.000	-0.981	-0.868	0.000	-77.274	-9.494
13805	1663.000	-0.995	-0.957	0.000	-77.306	-18.373
13821	1663.000	-1.024	-0.966	0.000	-79.330	-17.292
13837	1663.000	-0.951	-0.902	0.000	-77.291	-12.926
13853	1663.000	-0.093	4.362	0.000	-78.052	14.240
13869	1663.000	-0.945	-0.637	0.000	-78.892	15.220
13885	1663.000	-0.903	-0.950	0.000	-77.274	-17.725
13901	1663.000	-0.976	-0.901	0.000	-77.938	-12.127
13917	1663.000	-0.982	-0.681	0.000	-77.874	9.724
13933	1663.000	-0.970	-0.936	0.000	-77.959	-15.631
13949	1663.000	-0.938	-0.678	0.000	-77.274	9.492
13965	1663.000	-0.994	-0.868	0.000	-77.274	-9.482
13981	1663.000	-1.038	-0.945	0.000	-80.750	-13.764
13997	1663.000	-0.930	-0.885	0.000	-77.274	-11.215
14013	1663.000	-1.050	-0.815	0.000	-79.416	-2.048
14029	1663.000	-0.928	-0.767	0.000	-78.552	1.869
14045	1663.000	-1.001	-1.021	0.000	-78.923	-23.144
14061	1663.000	-0.999	-0.876	0.000	-77.294	-10.347
14077	1663.000	-0.944	-0.916	0.000	-77.306	-14.257
14093	1663.000	-0.997	-0.650	0.000	-78.012	13.053
14109	1663.000	-0.953	-0.621	0.000	-79.177	17.042
14125	1663.000	-0.920	-0.668	0.000	-77.306	10.506
14141	1663.000	-1.008	-0.665	0.000	-79.141	12.631
14157	1663.000	-0.910	-0.647	0.000	-77.326	12.589
14173	1663.000	-0.947	-0.577	0.000	-77.289	19.590
14189	1663.000	-0.898	-0.931	0.000	-79.041	-14.083
14205	1663.000	-0.966	-0.702	0.000	-77.281	7.059
14221	1663.000	-0.993	-0.708	0.000	-78.076	7.295
14237	1663.000	-1.058	-0.671	0.000	-79.666	12.518
14253	1663.000	-0.957	-0.965	0.000	-77.274	-19.214
14269	1663.000	-0.968	-0.621	0.000	-78.626	16.558
14285	1663.000	-0.983	-0.876	0.000	-78.744	-8.812
14301	1663.000	-0.884	-0.812	0.000	-77.274	-3.902
14317	1663.000	-0.974	-0.831	0.000	-77.361	-5.765
14333	1663.000	-0.920	-0.648	0.000	-77.274	12.491
14349	1663.000	-0.957	-0.821	0.000	-78.284	-3.797
14365	1663.000	-0.973	-0.853	0.000	-77.293	-7.981
14381	1663.000	-0.771	-0.797	0.000	-77.306	-2.433
13	1664.000	-0.892	-0.649	0.000	-74.778	9.873
29	1664.000	-0.896	-0.597	0.000	-74.242	14.568
45	1664.000	-0.946	-0.939	0.000	-74.211	-19.724
61	1664.000	-0.921	-0.523	0.000	-73.647	21.340
77	1664.000	-0.919	-0.959	0.000	-73.615	-22.302
93	1664.000	-0.928	-0.674	0.000	-73.615	6.263
109	1664.000	-0.943	-0.518	0.000	-75.357	23.589
125	1664.000	-0.891	-0.590	0.000	-74.243	15.219
141	1664.000	0.781	4.405	0.000	-73.634	14.142
157	1664.000	-0.938	-0.830	0.000	-74.290	-8.692
173	1664.000	-0.933	-0.996	0.000	-75.308	-24.341
189	1664.000	-0.913	-0.651	0.000	-73.669	8.596
205	1664.000	-0.922	-0.668	0.000	-73.615	6.804
221	1664.000	-0.970	-0.760	0.000	-74.667	-1.382
237	1664.000	-0.919	-0.789	0.000	-73.622	-5.254
253	1664.000	-0.943	-0.649	0.000	-73.620	8.698
269	1664.000	-0.915	-0.840	0.000	-75.052	-8.979
285	1664.000	-0.923	-0.985	0.000	-73.615	-24.929
301	1664.000	-0.960	-0.906	0.000	-73.689	-16.875
317	1664.000	-0.845	-0.832	0.000	-73.663	-9.534
333	1664.000	-0.874	-0.645	0.000	-73.933	9.423
349	1664.000	-0.808	-0.497	0.000	-73.642	23.949
365	1664.000	-0.857	-0.565	0.000	-74.326	17.822
381	1664.000	-0.878	-0.593	0.000	-74.431	15.175
397	1664.000	-0.673	-0.536	0.000	-74.945	21.300
413	1664.000	-0.769	-0.636	0.000	-75.515	11.929
429	1664.000	-0.943	-0.527	0.000	-76.760	24.048
445	1664.000	-0.954	-0.643	0.000	-74.961	10.647
461	1664.000	-0.843	-0.592	0.000	-73.615	14.403
477	1664.000	-0.952	-0.762	0.000	-74.968	-1.260
493	1664.000	-0.868	-0.537	0.000	-76.953	23.238
509	1664.000	-0.907	-0.925	0.000	-73.632	-18.852
525	1664.000	-0.861	-0.858	0.000	-73.633	-12.167
541	1664.000	-0.906	-0.646	0.000	-76.303	11.742
557	1664.000	-0.874	-0.789	0.000	-73.892	-4.979
573	1664.000	-0.883	-0.728	0.000	-73.671	0.886
589	1664.000	-0.967	-0.650	0.000	-74.757	9.727
605	1664.000	-0.658	-0.730	0.000	-73.615	0.568
621	1664.000	-0.885	-0.706	0.000	-73.629	3.078
1261	1664.000	-0.268	-0.172	0.000	-23.076	5.925
1277	1664.000	-0.307	-0.393	0.000	-22.832	-16.470
1293	1664.000	-0.291	-0.129	0.000	-22.975	10.105
1309	1664.000	-0.266	-0.464	0.000	-22.725	-23.718
1325	1664.000	-0.283	-0.113	0.000	-22.936	11.618
1341	1664.000	-0.281	-0.239	0.000	-22.601	-1.285
1357	1664.000	-0.301	-0.122	0.000	-22.606	10.420
1373	1664.000	-0.309	-0.217	0.000	-22.964	1.226
1389	1664.000	-0.264	-0.049	0.000	-23.393	18.506
1405	1664.000	-0.246	-0.051	0.000	-22.663	17.599
1421	1664.000	-0.301	-0.384	0.000	-22.733	-15.704
1437	1664.000	-0.342	-0.233	0.000	-23.017	-0.273
1453	1664.000	-0.240	-0.060	0.000	-22.768	16.789
1469	1664.000	-0.268	-0.212	0.000	-22.660	1.443
1485	1664.000	-0.262	-0.086	0.000	-22.678	14.082
1501	1664.000	-0.281	-0.238	0.000	-22.868	-0.892
1517	1664.000	-0.245	-0.009	0.000	-22.769	21.880
1533	1664.000	-0.270	-0.345	0.000	-22.603	-11.920
1549	1664.000	-0.357	-0.401	0.000	-23.157	-16.933
1565	1664.000	-0.286	-0.273	0.000	-22.634	-4.668
1581	1664.000	-0.284	-0.332	0.000	-22.602	-10.555
1597	1664.000	-0.255	-0.164	0.000	-22.674	6.298
1613	1664.000	-0.286	-0.140	0.000	-23.800	9.801
1629	1664.000	-0.286	-0.392	0.000	-22.741	-16.436
1645	1664.000	-0.227	-0.115	0.000	-22.708	11.216
1661	1664.000	-0.300	-0.215	0.019	-23.073	-7.863
1677	1664.000	-0.322	-0.413	0.000	-22.776	-18.535
1693	1664.000	-0.252	-0.326	0.000	-22.767	-9.786
1709	1664.000	-0.275	-0.101	0.000	-22.890	12.826
1725	1664.000	-0.296	-0.142	0.047	-22.816	-14.768
1741	1664.000	-0.321	-0.271	0.000	-23.024	-4.072
1757	1664.000	-0.277	-0.376	0.000	-22.597	-15.051
1773	1664.000	-0.241	-0.342	0.000	-22.837	-11.384
1789	1664.000	-0.298	-0.060	0.000	-23.090	17.122
1805	1664.000	-0.309	-0.429	0.000	-22.599	-20.320
1821	1664.000	-0.313	-0.213	0.000	-22.769	1.477
1837	1664.000	-0.293	-0.239	0.000	-22.807	-1.100
1853	1664.000	-0.265	-0.032	0.000	-22.599	19.427
1869	1664.000	-0.298	-0.422	0.000	-23.103	-19.106
2509	1664.000	-0.378	-0.237	0.000	-30.586	6.868
2525	1664.000	-0.390	-0.512	0.000	-30.962	-20.217
2541	1664.000	-0.339	-0.289	0.000	-30.880	1.946
2557	1664.000	-0.373	-0.070	0.000	-30.324	23.364
2573	1664.000	-0.430	-0.496	0.000	-30.756	-18.873
2589	1664.000	-0.345	-0.076	0.000	-30.424	22.839
2605	1664.000	-0.368	-0.285	0.000	-30.923	2.397
2621	1664.000	-0.372	-0.227	0.000	-30.622	7.952
2637	1664.000	-0.400	-0.412	0.000	-30.353	-10.879
2653	1664.000	-0.354	-0.402	0.000	-30.870	-9.347
2669	1664.000	-0.400	-0.279	0.000	-30.771	2.904
2685	1664.000	-0.372	-0.259	0.000	-30.507	4.597
2701	1664.000	-0.403	-0.311	0.000	-30.405	-0.674
2717	1664.000	-0.346	-0.158	0.000	-30.438	14.647
2733	1664.000	-0.427	-0.329	0.000	-30.989	-1.924
2749	1664.000	-0.393	-0.190	0.000	-30.884	11.930
2765	1664.000	-0.413	-0.307	0.000	-30.414	-0.273
2781	1664.000	-0.382	-0.161	0.000	-30.392	14.324
2797	1664.000	-0.380	-0.554	0.000	-30.809	-24.611
2813	1664.000	-0.322	-0.348	0.000	-30.336	-4.465
2829	1664.000	-0.393	-0.166	0.000	-30.265	13.714
2845	1664.000	-0.417	-0.524	0.000	-30.799	-21.573
2861	1664.000	-0.428	-0.502	0.000	-30.539	-19.637
2877	1664.000	-0.356	-0.530	0.000	-30.262	-22.770
2893	1664.000	-0.358	-0.206	0.000	-30.404	9.824
2909	1664.000	-0.364	-0.535	0.000	-30.981	-22.535
2925	1664.000	-0.356	-0.316	0.000	-30.264	-1.338
2941	1664.000	-0.408	-0.120	0.000	-30.505	18.485
2957	1664.000	-0.366	-0.144	0.000	-30.408	15.989
2973	1664.000	-0.365	-0.059	0.000	-30.268	24.361
2989	1664.000	-0.402	-0.323	0.000	-30.782	-1.497
3005	1664.000	-0.354	-0.326	0.000	-30.412	-2.236
3021	1664.000	-0.327	-0.207	0.000	-30.416	9.742
3037	1664.000	-0.434	-0.545	0.000	-30.781	-23.729
3053	1664.000	-0.335	-0.124	0.000	-30.509	18.123
3069	1664.000	-0.360	-0.174	0.000	-30.513	13.162
3085	1664.000	-0.407	-0.345	0.000	-30.939	-3.609
3101	1664.000	-0.356	-0.410	0.000	-30.491	-10.547
3117	1664.000	-0.376	-0.546	0.000	-31.057	-23.502
3757	1664.000	-0.361	-0.161	0.000	-30.132	13.999
3773	1664.000	-0.403	-0.269	0.000	-29.973	3.090
3789	1664.000	-0.420	-0.212	0.000	-29.941	8.729
3805	1664.000	-0.404	-0.307	0.000	-30.060	-0.611
3821	1664.000	-0.346	-0.223	0.000	-30.028	7.760
3837	1664.000	-0.421	-0.434	0.000	-30.028	-13.421
3853	1664.000	-0.407	-0.513	0.000	-30.445	-20.884
3869	1664.000	-0.411	-0.313	0.000	-30.541	-0.793
3885	1664.000	-0.375	-0.265	0.000	-30.247	3.749
3901	1664.000	-0.350	-0.143	0.000	-30.026	15.776
3917	1664.000	-0.387	-0.371	0.000	-30.416	-6.722
3933	1664.000	-0.352	-0.335	0.000	-30.046	-3.492
3949	1664.000	-0.376	-0.174	0.000	-30.135	12.741
3965	1664.000	-0.427	-0.158	0.000	-30.784	14.995
3981	1664.000	-0.392	-0.491	0.000	-30.194	-18.944
3997	1664.000	-0.394	-0.319	0.000	-30.295	-1.563
4013	1664.000	-0.427	-0.481	0.000	-30.496	-17.625
4029	1664.000	-0.348	-0.273	0.000	-30.029	2.701
4045	1664.000	-0.405	-0.504	0.000	-30.780	-19.653
4061	1664.000	-0.369	-0.160	0.000	-30.230	14.270
4077	1664.000	-0.382	-0.239	0.000	-29.951	6.011
4093	1664.000	-0.368	-0.109	0.000	-30.560	19.677
4109	1664.000	-0.367	-0.062	0.000	-30.052	23.862
4125	1664.000	-0.366	-0.098	0.000	-30.268	20.492
4141	1664.000	-0.389	-0.098	0.000	-30.356	20.550
4157	1664.000	-0.380	-0.095	0.000	-30.043	20.575
4173	1664.000	-0.378	-0.059	0.000	-30.634	24.693
4189	1664.000	-0.373	-0.206	0.000	-30.334	9.768
4205	1664.000	-0.403	-0.503	0.000	-30.467	-19.869
4221	1664.000	-0.326	-0.198	0.000	-30.365	10.551
4237	1664.000	-0.410	-0.306	0.000	-29.869	-0.708
4253	1664.000	-0.405	-0.279	0.000	-30.236	2.335
4269	1664.000	-0.358	-0.074	0.000	-29.945	22.582
4285	1664.000	-0.386	-0.525	0.000	-30.089	-22.399
4301	1664.000	-0.300	-0.113	0.000	-30.061	18.761
4317	1664.000	-0.456	-0.407	0.000	-29.903	-10.838
4333	1664.000	-0.395	-0.097	0.000	-30.280	20.589
4349	1664.000	-0.380	-0.153	0.000	-29.937	14.635
4365	1664.000	-0.358	0.360	0.098	-29.901	16.919
5021	1664.000	-0.323	-0.071	0.000	-21.903	14.771
5037	1664.000	-0.254	-0.220	0.000	-21.558	-0.434
5053	1664.000	-0.227	-0.056	0.000	-21.564	15.955
5069	1664.000	-0.257	-0.128	0.000	-21.745	8.979
5085	1664.000	-0.296	-0.201	0.000	-21.661	1.590
5101	1664.000	-0.256	0.021	0.000	-21.633	23.703
5117	1664.000	-0.304	-0.442	0.000	-21.748	-22.495
5133	1664.000	-0.295	-0.176	0.000	-21.733	4.134
5149	1664.000	-0.222	-0.257	0.000	-21.750	-3.984
5165	1664.000	-0.244	-0.104	0.000	-22.004	11.649
5181	1664.000	-0.257	-0.169	0.000	-22.063	5.172
5197	1664.000	-0.304	-0.289	0.000	-21.869	-7.057
5213	1664.000	-0.200	-0.109	0.000	-22.323	11.409
5229	1664.000	-0.243	-0.406	0.000	-21.704	-18.896
5245	1664.000	-0.292	-0.304	0.000	-21.918	-8.529
5261	1664.000	-0.298	-0.009	0.000	-22.409	21.541
5277	1664.000	-0.260	-0.153	0.000	-21.719	6.386
5293	1664.000	-0.222	-0.082	0.000	-21.892	13.693
5309	1664.000	-0.293	-0.311	0.000	-21.594	-9.519
5325	1664.000	-0.253	-0.047	0.000	-22.208	17.546
5341	1664.000	-0.355	-0.405	0.000	-21.675	-18.834
5357	1664.000	-0.279	-0.277	0.000	-21.711	-5.974
5373	1664.000	-0.274	-0.138	0.000	-21.881	8.042
5389	1664.000	-0.307	-0.387	0.000	-21.773	-16.959
5405	1664.000	-0.312	-0.286	0.000	-22.241	-6.387
5421	1664.000	-0.260	-0.174	0.000	-21.623	4.256
5437	1664.000	-0.271	-0.337	0.000	-21.636	-12.059
5453	1664.000	-0.308	-0.241	0.000	-21.955	-2.165
5469	1664.000	-0.331	-0.412	0.000	-21.557	-19.618
5485	1664.000	-0.248	-0.057	0.018	-21.552	6.864
5501	1664.000	-0.365	-0.435	0.000	-21.815	-21.662
5517	1664.000	-0.250	-0.237	0.000	-21.629	-2.038
5533	1664.000	-0.271	-0.043	0.000	-21.627	17.323
5549	1664.000	-0.219	-0.214	0.000	-21.845	0.488
5565	1664.000	-0.271	-0.311	0.000	-21.759	-9.386
5581	1664.000	-0.325	-0.123	0.000	-21.784	9.466
5597	1664.000	-0.189	0.183	0.090	-21.780	-4.820
5613	1664.000	-0.253	-0.373	0.000	-21.558	-15.767
5629	1664.000	-0.279	-0.290	0.000	-21.553	-7.473
6269	1664.000	-0.970	-0.949	0.000	-76.873	-18.002
6285	1664.000	-0.934	-0.755	0.000	-76.156	0.613
6301	1664.000	-0.971	-0.740	0.000	-76.155	2.153
6317	1664.000	-0.982	-0.874	0.000	-76.456	-10.915
6333	1664.000	-0.893	-0.734	0.000	-76.451	3.003
6349	1664.000	0.702	4.113	0.000	-76.155	-12.564
6365	1664.000	-0.949	-0.719	0.000	-76.156	4.265
6381	1664.000	-0.932	-0.758	0.000	-77.836	1.996
6397	1664.000	-0.997	-0.899	0.000	-77.486	-12.425
6413	1664.000	-0.906	-0.823	0.000	-76.441	-5.816
6429	1664.000	-0.981	-0.589	0.000	-76.794	17.879
6445	1664.000	-0.881	-0.888	0.000	-78.138	-10.709
6461	1664.000	-0.965	-0.817	0.000	-78.252	-3.494
6477	1664.000	-0.904	-0.765	0.000	-76.198	-0.321
6493	1664.000	-0.692	-0.759	0.000	-78.210	2.356
6509	1664.000	-0.920	-0.695	0.000	-77.221	7.727
6525	1664.000	-0.944	-0.722	0.000	-77.836	5.686
6541	1664.000	-0.956	-0.665	0.000	-76.173	9.682
6557	1664.000	-0.738	-0.592	0.000	-78.109	18.879
6573	1664.000	-0.968	-0.752	0.000	-79.670	4.469
6589	1664.000	-1.003	-0.610	0.000	-77.467	16.421
6605	1664.000	-0.937	-0.804	0.000	-76.985	-3.408
6621	1664.000	-0.961	-0.648	0.000	-76.847	12.071
6637	1664.000	-0.941	-0.937	0.000	-76.184	-17.506
6653	1664.000	-0.951	-0.665	0.000	-77.614	11.147
6669	1664.000	-0.931	-0.597	0.000	-76.204	16.460
6685	1664.000	-1.015	-0.958	0.000	-77.864	-17.977
6701	1664.000	-1.001	-0.954	0.000	-77.859	-17.554
6717	1664.000	-0.933	-0.629	0.000	-76.155	13.270
6733	1664.000	-0.992	-0.956	0.000	-76.797	-18.803
6749	1664.000	-0.934	-0.787	0.000	-76.155	-2.564
6765	1664.000	-0.908	-0.586	0.000	-78.239	19.639
6781	1664.000	-0.941	-0.605	0.000	-78.078	17.574
6797	1664.000	-0.919	-0.593	0.000	-76.457	17.128
6813	1664.000	-0.905	-0.591	0.000	-76.155	17.022
6829	1664.000	-0.876	-0.586	0.000	-77.167	18.547
6845	1664.000	-0.835	-0.705	0.000	-77.087	6.556
6861	1664.000	-0.975	-0.916	0.000	-76.171	-15.403
6877	1664.000	-0.909	-0.908	0.000	-76.156	-14.647
7517	1664.000	-0.604	-0.755	0.000	-72.869	-2.660
7533	1664.000	-0.865	-0.868	0.000	-72.164	-14.684
7549	1664.000	-0.909	-0.804	0.000	-72.707	-7.688
7565	1664.000	0.706	4.249	0.000	-72.813	-2.320
7581	1664.000	-0.591	-0.727	0.000	-72.784	0.069
7597	1664.000	-0.612	-0.487	0.000	-72.473	23.762
7613	1664.000	-0.808	-0.882	0.000	-74.642	-13.552
7629	1664.000	-0.841	-0.507	0.000	-72.212	21.543
7645	1664.000	-0.931	-0.871	0.000	-74.365	-12.777
7661	1664.000	-0.871	-0.937	0.000	-72.925	-20.800
7677	1664.000	-0.915	-0.713	0.000	-72.202	0.903
7693	1664.000	-0.904	-0.705	0.000	-72.502	1.997
7709	1664.000	-0.951	-0.788	0.000	-72.164	-6.674
7725	1664.000	-0.861	-0.536	0.000	-72.827	19.181
7741	1664.000	-0.972	-0.949	0.000	-74.347	-20.509
7757	1664.000	-0.862	-0.578	0.000	-72.164	14.411
7773	1664.000	-0.875	-0.870	0.000	-72.164	-14.862
7789	1664.000	-0.958	-0.913	0.000	-72.980	-18.349
7805	1664.000	-0.952	-0.684	0.000	-73.857	5.478
7821	1664.000	-0.766	-0.767	0.000	-74.417	-2.262
7837	1664.000	-0.916	-0.592	0.000	-72.792	13.606
7853	1664.000	-0.980	-0.840	0.000	-72.792	-11.188
7869	1664.000	-0.966	-0.954	0.000	-74.588	-20.809
7885	1664.000	-0.902	-0.498	0.000	-74.493	24.704
7901	1664.000	-0.905	-0.500	0.000	-72.797	22.825
7917	1664.000	-0.890	-0.741	0.000	-72.164	-1.957
7933	1664.000	-0.924	-0.955	0.000	-72.477	-23.063
7949	1664.000	-0.972	-0.806	0.000	-73.881	-6.726
7965	1664.000	-0.873	-0.573	0.000	-72.178	14.903
7981	1664.000	-0.915	-0.861	0.000	-72.164	-13.967
7997	1664.000	-0.879	-0.722	0.000	-72.164	-0.003
8013	1664.000	-0.926	-0.970	0.000	-72.164	-24.831
8029	1664.000	-0.921	-0.761	0.000	-72.209	-3.871
8045	1664.000	-0.879	-0.574	0.000	-72.164	14.788
8061	1664.000	-0.873	-0.726	0.000	-72.171	-0.457
8077	1664.000	-0.969	-0.876	0.000	-72.192	-15.402
8093	1664.000	-0.953	-0.961	0.000	-73.610	-22.503
8109	1664.000	-0.908	-0.883	0.000	-72.164	-16.117
8125	1664.000	-0.951	-0.584	0.000	-72.784	14.387
8765	1664.000	-0.342	-0.067	0.000	-25.207	18.506
8781	1664.000	-0.318	-0.438	0.000	-25.277	-18.496
8797	1664.000	-0.365	-0.491	0.000	-25.232	-23.824
8813	1664.000	-0.300	-0.342	0.000	-25.010	-9.236
8829	1664.000	-0.310	-0.492	0.000	-25.033	-24.183
8845	1664.000	-0.346	-0.395	0.000	-25.043	-14.481
8861	1664.000	-0.404	-0.035	0.000	-25.232	21.699
8877	1664.000	-0.348	-0.010	0.000	-25.000	24.021
8893	1664.000	-0.379	-0.413	0.000	-25.076	-16.219
8909	1664.000	-0.346	-0.390	0.000	-25.494	-13.555
8925	1664.000	-0.331	-0.047	0.000	-25.085	20.430
8941	1664.000	-0.332	-0.476	0.000	-25.244	-22.383
8957	1664.000	-0.288	-0.065	0.000	-25.352	18.849
8973	1664.000	-0.349	-0.052	0.000	-26.133	20.912
8989	1664.000	-0.326	-0.172	0.000	-25.315	8.109
9005	1664.000	-0.320	-0.214	0.000	-25.370	3.984
9021	1664.000	-0.399	-0.499	0.000	-25.789	-24.138
9037	1664.000	-0.289	-0.238	0.000	-25.049	1.232
9053	1664.000	-0.269	-0.139	0.000	-25.094	11.233
9069	1664.000	-0.283	-0.362	0.000	-25.173	-11.043
9085	1664.000	-0.298	-0.383	0.000	-25.010	-13.314
9101	1664.000	-0.315	-0.189	0.000	-25.244	6.371
9117	1664.000	-0.252	-0.244	0.000	-25.261	0.850
9133	1664.000	-0.252	-0.338	0.000	-25.007	-8.822
9149	1664.000	-0.400	-0.453	0.000	-25.751	-19.506
9165	1664.000	-0.370	-0.363	0.000	-25.005	-11.281
9181	1664.000	-0.293	-0.383	0.000	-25.002	-13.317
9197	1664.000	-0.321	-0.373	0.000	-25.537	-11.785
9213	1664.000	-0.389	-0.471	0.000	-25.000	-22.070
9229	1664.000	-0.288	-0.166	0.000	-25.148	8.540
9245	1664.000	-0.303	-0.422	0.000	-25.466	-16.702
9261	1664.000	-0.257	-0.209	0.000	-25.107	4.206
9277	1664.000	-0.366	-0.396	0.000	-25.532	-14.050
9293	1664.000	-0.268	-0.165	0.000	-25.508	9.046
9309	1664.000	-0.330	-0.391	0.000	-25.321	-13.774
9325	1664.000	-0.316	-0.043	0.000	-25.143	20.811
9341	1664.000	-0.272	-0.085	0.000	-25.451	16.949
9357	1664.000	-0.303	-0.133	0.000	-25.439	12.176
9373	1664.000	-0.251	-0.024	0.000	-25.269	22.867
10013	1664.000	-0.376	-0.201	0.000	-30.083	9.988
10029	1664.000	-0.371	-0.218	0.000	-30.109	8.327
10045	1664.000	-0.341	-0.391	0.000	-30.073	-9.023
10061	1664.000	-0.367	-0.081	0.000	-30.299	22.215
10077	1664.000	-0.381	-0.495	0.000	-29.956	-19.555
10093	1664.000	-0.354	-0.311	0.000	-30.301	-0.780
10109	1664.000	-0.412	-0.431	0.000	-30.199	-12.940
10125	1664.000	-0.361	-0.104	0.000	-30.243	19.841
10141	1664.000	-0.363	-0.086	0.000	-30.241	21.679
10157	1664.000	-0.343	-0.072	0.000	-30.138	22.979
10173	1664.000	-0.415	-0.547	0.000	-30.206	-24.467
10189	1664.000	-0.349	-0.333	0.000	-30.345	-2.956
10205	1664.000	-0.363	-0.550	0.000	-30.154	-24.853
10221	1664.000	-0.389	-0.121	0.000	-30.264	18.130
10237	1664.000	-0.320	-0.139	0.000	-29.984	16.064
10253	1664.000	-0.368	-0.126	0.000	-31.052	18.449
10269	1664.000	-0.414	-0.495	0.000	-30.017	-19.448
10285	1664.000	-0.433	-0.383	0.000	-30.082	-8.256
10301	1664.000	-0.350	-0.064	0.000	-31.063	24.680
10317	1664.000	-0.457	-0.435	0.000	-30.360	-13.115
10333	1664.000	-0.379	-0.067	0.000	-30.975	24.310
10349	1664.000	-0.414	-0.521	0.000	-30.500	-21.560
10365	1664.000	-0.368	-0.322	0.000	-29.973	-2.179
10381	1664.000	-0.425	-0.420	0.000	-30.733	-11.260
10397	1664.000	-0.339	-0.173	0.000	-30.371	13.056
10413	1664.000	-0.431	-0.084	0.000	-30.093	21.728
10429	1664.000	-0.414	-0.323	0.000	-30.803	-1.537
10445	1664.000	-0.457	-0.535	0.000	-30.674	-22.829
10461	1664.000	-0.375	-0.506	0.000	-30.470	-20.114
10477	1664.000	-0.376	-0.312	0.000	-30.264	-0.947
10493	1664.000	-0.398	-0.345	0.000	-30.548	-4.000
10509	1664.000	-0.355	-0.126	0.000	-30.475	17.840
10525	1664.000	-0.368	-0.543	0.000	-29.953	-24.341
10541	1664.000	-0.369	-0.312	0.000	-30.049	-1.112
10557	1664.000	-0.359	-0.491	0.000	-30.118	-19.019
10573	1664.000	-0.354	-0.081	0.000	-30.168	22.033
10589	1664.000	-0.391	-0.368	0.000	-30.044	-6.745
10605	1664.000	-0.453	-0.315	0.000	-30.252	-1.242
10621	1664.000	-0.389	-0.277	0.000	-29.955	2.229
11277	1664.000	-0.363	-0.240	0.000	-30.453	6.432
11293	1664.000	-0.377	-0.161	0.000	-29.995	13.906
11309	1664.000	-0.367	-0.310	0.000	-29.273	-1.700
11325	1664.000	-0.371	-0.511	0.000	-29.701	-21.428
11341	1664.000	-0.363	-0.429	0.000	-29.582	-13.298
11357	1664.000	-0.409	-0.518	0.000	-29.273	-22.566
11373	1664.000	-0.397	-0.478	0.000	-29.939	-17.906
11389	1664.000	-0.392	-0.190	0.000	-29.555	10.604
11405	1664.000	-0.412	-0.401	0.000	-29.306	-10.797
11421	1664.000	-0.386	-0.104	0.000	-29.460	19.023
11437	1664.000	-0.402	-0.366	0.000	-29.551	-7.005
11453	1664.000	-0.318	-0.130	0.000	-29.738	16.728
11469	1664.000	-0.324	-0.237	0.000	-29.466	5.729
11485	1664.000	-0.387	-0.048	0.000	-29.482	24.664
11501	1664.000	-0.387	-0.329	0.000	-29.479	-3.424
11517	1664.000	-0.328	-0.177	0.000	-29.501	11.813
11533	1664.000	-0.379	-0.516	0.000	-29.462	-22.101
11549	1664.000	-0.351	-0.503	0.000	-30.040	-20.267
11565	1664.000	-0.356	-0.308	0.000	-29.548	-1.285
11581	1664.000	-0.374	-0.112	0.000	-29.284	18.046
11597	1664.000	-0.386	-0.268	0.000	-30.474	3.674
11613	1664.000	-0.379	-0.495	0.000	-29.281	-20.238
11629	1664.000	-0.400	-0.526	0.000	-29.477	-23.107
11645	1664.000	-0.398	-0.287	0.000	-29.475	0.814
11661	1664.000	-0.379	-0.214	0.000	-29.458	8.086
11677	1664.000	-0.372	-0.408	0.000	-29.892	-10.929
11693	1664.000	-0.375	-0.072	0.000	-29.432	22.244
11709	1664.000	-0.405	-0.329	0.000	-29.348	-3.527
11725	1664.000	-0.372	-0.441	0.000	-29.492	-14.562
11741	1664.000	-0.410	-0.216	0.000	-29.567	7.966
11757	1664.000	-0.373	-0.529	0.000	-29.327	-23.591
11773	1664.000	-0.337	-0.105	0.000	-29.289	18.811
11789	1664.000	-0.387	-0.288	0.000	-29.582	0.794
11805	1664.000	-0.328	-0.060	0.000	-29.437	23.442
11821	1664.000	-0.355	-0.265	0.000	-29.632	3.146
11837	1664.000	-0.383	-0.427	0.000	-29.465	-13.270
11853	1664.000	-0.350	-0.197	0.000	-29.958	10.266
11869	1664.000	-0.366	-0.390	0.000	-29.703	-9.253
11885	1664.000	-0.334	-0.360	0.000	-29.407	-6.630
12525	1664.000	-0.307	-0.445	0.000	-24.179	-20.281
12541	1664.000	-0.324	-0.451	0.000	-23.664	-21.460
12557	1664.000	-0.310	-0.459	0.000	-23.568	-22.314
12573	1664.000	-0.259	-0.270	0.000	-23.716	-3.292
12589	1664.000	-0.330	-0.284	0.000	-23.945	-4.413
12605	1664.000	-0.291	-0.246	0.000	-23.637	-0.919
12621	1664.000	-0.310	-0.417	0.000	-24.255	-17.403
12637	1664.000	-0.272	-0.246	0.000	-23.887	-0.675
12653	1664.000	-0.296	-0.399	0.000	-23.643	-16.284
12669	1664.000	-0.244	-0.133	0.000	-24.011	10.702
12685	1664.000	-0.261	-0.320	0.000	-23.500	-8.535
12701	1664.000	-0.292	-0.070	0.000	-23.500	16.486
12717	1664.000	-0.343	-0.346	0.000	-23.505	-11.089
12733	1664.000	-0.296	-0.369	0.000	-23.515	-13.369
12749	1664.000	-0.297	-0.056	0.000	-23.498	17.867
12765	1664.000	-0.322	-0.251	0.000	-23.500	-1.615
12781	1664.000	-0.275	-0.058	0.000	-23.643	17.864
12797	1664.000	-0.300	-0.066	0.000	-23.505	16.859
12813	1664.000	-0.328	-0.255	0.000	-24.039	-1.452
12829	1664.000	-0.273	-0.434	0.000	-23.631	-19.769
12845	1664.000	-0.278	-0.289	0.000	-23.498	-5.419
12861	1664.000	-0.289	-0.151	0.000	-23.631	8.558
12877	1664.000	-0.210	-0.068	0.000	-23.505	16.663
12893	1664.000	-0.298	-0.251	0.000	-23.500	-1.597
12909	1664.000	-0.315	-0.288	0.000	-23.499	-5.297
12925	1664.000	-0.267	0.004	0.000	-23.658	24.090
12941	1664.000	-0.292	-0.349	0.000	-24.062	-10.818
12957	1664.000	-0.268	-0.254	0.000	-23.498	-1.868
12973	1664.000	-0.277	-0.242	0.000	-23.836	-0.328
12989	1664.000	-0.388	-0.243	0.000	-23.924	-0.337
13005	1664.000	-0.300	-0.377	0.000	-23.911	-13.802
13021	1664.000	-0.311	-0.325	0.000	-23.612	-8.930
13037	1664.000	-0.281	-0.230	0.000	-23.509	0.547
13053	1664.000	-0.303	-0.242	0.000	-24.286	0.101
13069	1664.000	-0.288	-0.225	0.000	-24.113	1.589
13085	1664.000	-0.241	-0.222	0.000	-23.573	1.348
13101	1664.000	-0.356	-0.319	0.000	-24.400	-7.507
13117	1664.000	-0.286	-0.401	0.000	-23.673	-16.418
13133	1664.000	-0.334	-0.220	0.000	-23.589	1.604
13773	1664.000	-0.568	-0.641	0.000	-77.032	12.935
13789	1664.000	-0.934	-0.833	0.000	-74.120	-9.136
13805	1664.000	-0.944	-0.586	0.000	-74.150	15.563
13821	1664.000	-0.984	-0.764	0.000	-75.980	-0.392
13837	1664.000	-0.907	-0.521	0.000	-74.136	21.994
13853	1664.000	0.693	4.306	0.000	-74.824	5.421
13869	1664.000	-0.911	-0.660	0.000	-75.584	9.550
13885	1664.000	-0.882	-0.816	0.000	-74.120	-7.518
13901	1664.000	-0.978	-0.990	0.000	-74.721	-24.287
13917	1664.000	-0.531	-0.794	0.000	-74.663	-4.786
13933	1664.000	-0.953	-0.798	0.000	-74.740	-5.024
13949	1664.000	-0.918	-0.764	0.000	-74.120	-2.246
13965	1664.000	-0.956	-0.897	0.000	-74.120	-15.564
13981	1664.000	-0.981	-0.633	0.000	-77.266	13.991
13997	1664.000	-0.864	-0.542	0.000	-74.120	19.901
14013	1664.000	-1.021	-0.787	0.000	-76.059	-2.642
14029	1664.000	-0.896	-0.754	0.000	-75.277	-0.149
14045	1664.000	-0.944	-0.600	0.000	-75.612	15.590
14061	1664.000	-0.950	-0.510	0.000	-74.138	23.126
14077	1664.000	-0.939	-0.866	0.000	-74.149	-12.465
14093	1664.000	-0.955	-0.659	0.000	-74.788	8.866
14109	1664.000	-0.897	-0.730	0.000	-75.842	2.886
14125	1664.000	-0.921	-0.964	0.000	-74.149	-22.273
14141	1664.000	-0.956	-0.699	0.000	-75.809	5.946
14157	1664.000	-0.891	-0.665	0.000	-74.168	7.673
14173	1664.000	-0.918	-0.784	0.000	-74.134	-4.304
14189	1664.000	-0.882	-0.723	0.000	-75.719	3.386
14205	1664.000	-0.927	-0.661	0.000	-74.127	8.048
14221	1664.000	-0.970	-0.788	0.000	-74.846	-3.976
14237	1664.000	-0.999	-0.559	0.000	-76.285	20.390
14253	1664.000	-0.942	-0.945	0.000	-74.120	-20.399
14269	1664.000	-0.958	-0.952	0.000	-75.344	-19.829
14285	1664.000	-0.947	-0.718	0.000	-75.450	3.625
14301	1664.000	-0.867	-0.716	0.000	-74.120	2.484
14317	1664.000	-0.952	-0.936	0.000	-74.199	-19.373
14333	1664.000	-0.413	4.487	1.000	-74.120	22.843
14349	1664.000	-0.942	-0.775	0.000	-75.034	-2.433
14365	1664.000	-0.923	-0.589	0.000	-74.138	15.248
14381	1664.000	-0.775	-0.888	0.000	-74.150	-14.698
13	1665.000	-0.913	-1.170	0.000	-122.064	5.099
29	1665.000	-0.990	-1.551	0.000	-136.596	-18.493
45	1665.000	-0.956	-1.143	0.000	-121.551	7.255
61	1665.000	-0.929	-1.025	0.050	-121.041	-6.413
77	1665.000	-0.996	-1.552	0.000	-131.965	-23.211
93	1665.000	-0.956	-1.226	0.008	-122.942	-3.621
109	1665.000	-0.965	-1.174	0.000	-133.542	16.098
125	1665.000	-0.929	-1.368	0.000	-127.573	-9.256
141	1665.000	1.307	3.644	0.000	-135.066	-0.566
157	1665.000	-0.980	-1.218	0.000	-127.616	5.794
173	1665.000	-0.977	-1.131	0.000	-133.497	20.430
189	1665.000	-0.974	-1.373	0.000	-122.991	-14.341
205	1665.000	-0.965	-1.165	0.000	-121.011	4.464
221	1665.000	-0.982	-1.359	0.020	-126.026	-20.052
237	1665.000	-0.969	-1.193	0.000	-121.018	1.709
253	1665.000	-0.937	-1.195	0.047	-121.017	-22.179
269	1665.000	-0.894	-0.888	0.054	-127.518	11.533
285	1665.000	-0.971	-1.261	0.000	-133.622	7.569
301	1665.000	-0.977	-1.055	0.000	-121.079	15.565
317	1665.000	-0.888	-1.216	0.000	-126.261	4.665
333	1665.000	-0.911	-1.307	0.011	-136.316	0.027
349	1665.000	-0.867	-1.366	0.000	-125.099	-11.522
365	1665.000	-0.867	-1.093	0.016	-121.655	4.271
381	1665.000	-0.796	-0.507	0.122	-125.812	13.882
397	1665.000	-0.751	-1.266	0.000	-122.215	-4.374
413	1665.000	-0.826	-1.120	0.000	-133.685	21.642
429	1665.000	-1.001	-1.354	0.000	-138.873	3.503
445	1665.000	-0.982	-1.399	0.000	-122.230	-17.684
461	1665.000	-0.918	-1.354	0.000	-125.074	-10.300
477	1665.000	-0.912	-0.842	0.037	-122.236	19.756
493	1665.000	-0.947	-1.470	0.000	-129.238	-17.730
509	1665.000	-0.974	-1.355	0.000	-121.028	-14.469
525	1665.000	-0.914	-1.200	0.000	-121.028	1.054
541	1665.000	-0.951	-1.224	0.000	-128.650	6.212
557	1665.000	-0.850	-0.827	0.102	-121.263	-12.675
573	1665.000	-0.848	-0.667	0.093	-125.125	11.820
589	1665.000	-1.032	-1.528	0.000	-132.524	-20.260
605	1665.000	-0.749	-1.411	0.000	-126.217	-14.913
621	1665.000	-0.927	-1.385	0.000	-121.024	-17.474
1261	1665.000	-0.259	-0.309	0.000	-22.109	-8.766
1277	1665.000	-0.220	0.343	0.082	-21.888	15.336
1293	1665.000	-0.261	-0.144	0.063	-22.017	-23.691
1309	1665.000	-0.138	0.285	0.141	-21.790	-20.272
1325	1665.000	-0.301	-0.345	0.002	-21.981	-13.457
1341	1665.000	-0.270	-0.317	0.000	-21.678	-10.070
1357	1665.000	-0.203	0.130	0.069	-21.683	0.152
1373	1665.000	-0.269	-0.115	0.061	-22.007	-19.911
1389	1665.000	-0.262	-0.302	0.027	-22.395	-21.487
1405	1665.000	-0.203	0.103	0.065	-21.735	-0.371
1421	1665.000	-0.216	0.288	0.082	-21.798	9.559
1437	1665.000	-0.299	0.022	0.000	-22.055	24.274
1453	1665.000	-0.207	-0.094	0.000	-21.830	12.430
1469	1665.000	-0.174	0.242	0.081	-21.732	5.371
1485	1665.000	-0.280	-0.401	0.000	-21.748	-18.350
1501	1665.000	-0.233	-0.047	0.053	-21.920	-9.292
1517	1665.000	-0.151	0.277	0.079	-21.830	10.313
1533	1665.000	-0.223	-0.186	0.049	-21.680	-21.223
1549	1665.000	-0.203	0.321	0.155	-22.181	-23.008
1565	1665.000	-0.282	-0.174	0.000	-21.708	4.342
1581	1665.000	-0.136	0.499	0.138	-21.679	2.825
1597	1665.000	-0.272	-0.354	0.000	-21.745	-13.690
1613	1665.000	-0.238	0.154	0.044	-22.763	16.188
1629	1665.000	-0.270	-0.159	0.019	-21.805	-3.617
1645	1665.000	-0.215	-0.279	0.000	-21.775	-6.135
1661	1665.000	-0.256	-0.016	0.023	-22.105	8.926
1677	1665.000	-0.316	-0.298	0.000	-21.837	-7.968
1693	1665.000	-0.193	0.032	0.039	-21.829	5.270
1709	1665.000	-0.245	0.024	0.015	-21.940	17.006
1725	1665.000	-0.190	0.160	0.083	-21.873	-3.622
1741	1665.000	-0.322	-0.239	0.000	-22.061	-1.855
1757	1665.000	-0.294	-0.374	0.018	-21.675	-24.656
1773	1665.000	-0.212	-0.159	0.000	-21.892	5.946
1789	1665.000	-0.191	0.277	0.102	-22.121	-1.103
1805	1665.000	-0.294	-0.360	0.013	-21.677	-20.947
1821	1665.000	-0.300	-0.358	0.000	-21.831	-13.925
1837	1665.000	-0.063	1.124	0.237	-21.865	15.993
1853	1665.000	-0.252	-0.315	0.000	-21.677	-9.859
1869	1665.000	-0.089	0.798	0.236	-22.132	-15.895
2509	1665.000	-0.357	-0.381	0.013	-29.320	-15.180
2525	1665.000	-0.247	0.411	0.133	-29.660	4.277
2541	1665.000	-0.308	-0.155	0.000	-29.586	14.047
2557	1665.000	-0.371	-0.381	0.000	-29.083	-9.051
2573	1665.000	-0.385	-0.139	0.042	-29.474	-5.301
2589	1665.000	-0.344	-0.438	0.000	-29.174	-14.593
2605	1665.000	-0.322	-0.227	0.042	-29.625	-14.200
2621	1665.000	-0.341	-0.103	0.000	-29.353	19.096
2637	1665.000	-0.192	0.778	0.166	-29.109	24.045
2653	1665.000	-0.275	-0.041	0.085	-29.577	-17.298
2669	1665.000	-0.379	-0.365	0.034	-29.487	-23.790
2685	1665.000	-0.349	-0.108	0.016	-29.249	10.415
2701	1665.000	-0.316	0.023	0.057	-29.156	2.897
2717	1665.000	-0.349	-0.360	0.000	-29.186	-6.850
2733	1665.000	-0.394	-0.416	0.000	-29.684	-11.954
2749	1665.000	-0.372	-0.214	0.000	-29.589	8.159
2765	1665.000	-0.397	-0.433	0.019	-29.164	-23.899
2781	1665.000	-0.229	0.544	0.169	-29.145	-1.202
2797	1665.000	-0.300	0.215	0.075	-29.522	13.370
2813	1665.000	-0.335	-0.358	0.000	-29.094	-6.681
2829	1665.000	-0.382	-0.326	0.000	-29.029	-3.607
2845	1665.000	-0.312	0.143	0.126	-29.513	-19.133
2861	1665.000	-0.427	-0.351	0.000	-29.278	-5.871
2877	1665.000	-0.340	-0.045	0.000	-29.027	24.551
2893	1665.000	-0.227	0.320	0.100	-29.155	11.353
2909	1665.000	-0.380	-0.530	0.000	-29.677	-23.360
2925	1665.000	-0.332	-0.140	0.000	-29.029	15.060
2941	1665.000	-0.313	0.334	0.083	-29.247	21.105
2957	1665.000	-0.282	-0.054	0.090	-29.159	-21.182
2973	1665.000	-0.333	-0.081	0.000	-29.032	20.938
2989	1665.000	-0.383	-0.415	0.000	-29.497	-12.019
3005	1665.000	-0.317	-0.232	0.000	-29.162	5.990
3021	1665.000	-0.297	-0.069	0.000	-29.167	22.314
3037	1665.000	-0.342	0.043	0.034	-29.497	16.635
3053	1665.000	-0.345	-0.463	0.000	-29.250	-17.013
3069	1665.000	-0.260	0.259	0.079	-29.254	15.774
3085	1665.000	-0.233	0.385	0.177	-29.639	-20.150
3101	1665.000	-0.272	0.156	0.065	-29.234	12.180
3117	1665.000	-0.304	0.062	0.074	-29.746	-1.087
3757	1665.000	-0.371	-0.308	0.000	-28.887	-1.875
3773	1665.000	-0.388	-0.373	0.000	-28.744	-8.595
3789	1665.000	-0.281	0.366	0.089	-28.715	21.097
3805	1665.000	-0.291	0.139	0.086	-28.823	-0.070
3821	1665.000	-0.321	-0.336	0.000	-28.794	-4.828
3837	1665.000	-0.328	0.070	0.042	-28.794	14.747
3853	1665.000	-0.307	0.111	0.087	-29.171	-3.174
3869	1665.000	-0.396	-0.356	0.000	-29.258	-6.321
3885	1665.000	-0.352	-0.389	0.000	-28.992	-9.896
3901	1665.000	-0.340	-0.444	0.000	-28.792	-15.621
3917	1665.000	-0.281	0.015	0.094	-29.145	-16.424
3933	1665.000	-0.360	-0.465	0.000	-28.810	-17.656
3949	1665.000	-0.328	-0.233	0.042	-28.891	-15.195
3965	1665.000	-0.313	0.390	0.092	-29.478	22.430
3981	1665.000	-0.354	-0.183	0.010	-28.944	5.430
3997	1665.000	-0.201	0.650	0.162	-29.035	13.102
4013	1665.000	-0.400	-0.053	0.000	-29.217	23.939
4029	1665.000	-0.343	-0.317	0.000	-28.794	-2.908
4045	1665.000	-0.384	-0.162	0.016	-29.474	5.268
4061	1665.000	-0.266	0.275	0.065	-28.976	24.068
4077	1665.000	-0.270	0.258	0.087	-28.724	11.163
4093	1665.000	-0.318	-0.053	0.012	-29.275	18.194
4109	1665.000	-0.371	-0.326	0.000	-28.815	-3.780
4125	1665.000	-0.383	-0.538	0.000	-29.011	-24.818
4141	1665.000	-0.333	0.128	0.050	-29.090	17.106
4157	1665.000	-0.398	-0.436	0.000	-28.807	-14.810
4173	1665.000	-0.371	-0.374	0.000	-29.342	-8.104
4189	1665.000	-0.361	-0.232	0.000	-29.070	5.836
4205	1665.000	-0.410	-0.368	0.000	-29.191	-7.638
4221	1665.000	-0.318	-0.279	0.000	-29.099	1.194
4237	1665.000	-0.356	-0.015	0.021	-28.649	16.702
4253	1665.000	-0.400	-0.459	0.001	-28.982	-17.548
4269	1665.000	-0.259	0.220	0.059	-28.719	21.000
4285	1665.000	-0.363	-0.183	0.002	-28.849	9.688
4301	1665.000	-0.276	-0.248	0.012	-28.824	-2.017
4317	1665.000	-0.372	0.041	0.056	-28.680	4.799
4333	1665.000	-0.394	-0.252	0.000	-29.022	3.790
4349	1665.000	-0.276	0.182	0.073	-28.711	10.420
4365	1665.000	-0.254	0.442	0.098	-28.678	23.882
5021	1665.000	-0.299	-0.070	0.000	-20.990	13.957
5037	1665.000	-0.265	-0.291	0.000	-20.678	-8.425
5053	1665.000	-0.241	-0.221	0.000	-20.683	-1.444
5069	1665.000	-0.249	-0.101	0.000	-20.847	10.736
5085	1665.000	-0.266	-0.260	0.029	-20.771	-19.603
5101	1665.000	-0.184	0.098	0.084	-20.746	-11.270
5117	1665.000	-0.274	-0.195	0.000	-20.850	1.396
5133	1665.000	-0.281	-0.347	0.000	-20.836	-13.845
5149	1665.000	-0.230	-0.230	0.000	-20.852	-2.183
5165	1665.000	-0.244	-0.382	0.000	-21.081	-17.139
5181	1665.000	-0.184	0.248	0.080	-21.135	5.780
5197	1665.000	-0.078	0.819	0.242	-20.959	-18.248
5213	1665.000	-0.127	0.091	0.071	-21.370	-5.064
5229	1665.000	-0.233	-0.271	0.000	-20.810	-6.264
5245	1665.000	-0.236	-0.094	0.070	-21.004	-23.621
5261	1665.000	-0.314	-0.445	0.000	-21.448	-23.085
5277	1665.000	-0.103	0.552	0.190	-20.823	-18.822
5293	1665.000	-0.235	-0.338	0.000	-20.980	-12.827
5309	1665.000	-0.286	-0.159	0.000	-20.711	4.826
5325	1665.000	-0.180	0.288	0.062	-21.266	19.042
5341	1665.000	-0.335	-0.209	0.000	-20.784	-0.163
5357	1665.000	-0.174	0.300	0.062	-20.816	19.891
5373	1665.000	-0.234	-0.015	0.000	-20.970	19.472
5389	1665.000	-0.277	-0.239	0.043	-20.872	-24.468
5405	1665.000	-0.293	-0.106	0.000	-21.296	10.737
5421	1665.000	-0.253	-0.430	0.000	-20.737	-22.304
5437	1665.000	-0.246	-0.078	0.044	-20.748	-8.994
5453	1665.000	-0.325	-0.441	0.000	-21.037	-23.056
5469	1665.000	-0.253	-0.025	0.048	-20.677	-5.773
5485	1665.000	-0.188	0.236	0.070	-20.672	9.089
5501	1665.000	-0.318	-0.110	0.056	-20.911	-18.047
5517	1665.000	-0.229	0.071	0.011	-20.742	22.139
5533	1665.000	-0.216	0.086	0.079	-20.740	-10.259
5549	1665.000	-0.160	0.076	0.064	-20.938	-3.311
5565	1665.000	-0.229	-0.050	0.000	-20.860	15.848
5581	1665.000	-0.216	0.299	0.089	-20.882	6.429
5597	1665.000	-0.083	0.447	0.090	-20.878	20.636
5613	1665.000	-0.157	0.246	0.106	-20.678	-7.672
5629	1665.000	-0.099	0.747	0.159	-20.674	16.072
6269	1665.000	-1.011	-1.449	0.000	-122.786	-22.144
6285	1665.000	-0.948	-1.210	0.022	-126.199	-5.665
6301	1665.000	-1.007	-1.274	0.035	-124.066	-21.083
6317	1665.000	-1.022	-1.415	0.000	-122.408	-19.044
6333	1665.000	-0.810	-0.669	0.135	-124.334	-9.997
6349	1665.000	1.238	3.579	0.000	-148.783	6.725
6365	1665.000	-1.008	-1.319	0.000	-126.199	-5.659
6381	1665.000	-1.000	-1.409	0.000	-123.657	-17.288
6397	1665.000	-1.052	-1.555	0.000	-139.025	-16.438
6413	1665.000	-0.966	-1.364	0.000	-122.395	-14.006
6429	1665.000	-0.965	-1.008	0.000	-122.714	21.943
6445	1665.000	-0.909	-1.151	0.000	-129.136	14.009
6461	1665.000	-0.959	-1.027	0.000	-124.033	21.298
6477	1665.000	-0.971	-1.467	0.000	-130.722	-15.938
6493	1665.000	-0.770	-1.398	0.000	-129.201	-10.610
6509	1665.000	-0.978	-1.257	0.000	-123.100	-2.605
6525	1665.000	-0.971	-1.307	0.000	-123.657	-7.030
6541	1665.000	-0.983	-1.379	0.021	-127.357	-21.242
6557	1665.000	-0.748	-0.988	0.071	-123.904	-10.402
6573	1665.000	-1.024	-1.541	0.000	-129.697	-24.400
6589	1665.000	-0.992	-1.073	0.000	-123.323	16.072
6605	1665.000	-0.975	-1.207	0.000	-122.886	2.195
6621	1665.000	-0.981	-1.193	0.000	-122.762	3.483
6637	1665.000	-0.980	-1.144	0.000	-122.162	7.769
6653	1665.000	-0.989	-1.446	0.000	-123.455	-21.174
6669	1665.000	-0.986	-1.469	0.000	-122.180	-24.713
6685	1665.000	-1.036	-1.096	0.000	-123.682	14.095
6701	1665.000	-0.976	-0.845	0.030	-123.678	24.170
6717	1665.000	-0.956	-1.136	0.000	-124.066	10.419
6733	1665.000	-1.018	-1.411	0.000	-133.670	-7.479
6749	1665.000	-0.921	-0.929	0.078	-122.135	-9.605
6765	1665.000	-0.955	-1.185	0.000	-128.083	9.598
6781	1665.000	-0.968	-1.345	0.000	-133.144	-1.340
6797	1665.000	-0.978	-1.348	0.000	-122.409	-12.373
6813	1665.000	-0.867	-0.854	0.062	-127.342	11.010
6829	1665.000	-0.885	-1.004	0.044	-143.274	20.690
6845	1665.000	-0.858	-1.066	0.000	-127.042	20.491
6861	1665.000	-1.017	-1.472	0.000	-127.356	-19.794
6877	1665.000	-0.976	-1.271	0.000	-146.844	19.706
7517	1665.000	-0.710	-1.282	0.000	-122.189	-6.050
7533	1665.000	-0.935	-1.557	0.000	-132.505	-23.213
7549	1665.000	-0.992	-1.556	0.000	-133.866	-21.759
7565	1665.000	1.227	3.424	0.000	-134.244	-23.398
7581	1665.000	-0.713	-1.431	0.000	-124.244	-18.884
7597	1665.000	-0.689	-1.166	0.000	-125.106	8.518
7613	1665.000	-0.861	-1.075	0.000	-123.793	16.341
7629	1665.000	-0.859	-1.031	0.000	-119.663	16.534
7645	1665.000	-0.961	-1.156	0.000	-121.611	6.015
7661	1665.000	-0.946	-1.447	0.000	-120.308	-24.410
7677	1665.000	-0.908	-0.968	0.000	-119.654	22.885
7693	1665.000	-0.954	-1.273	0.000	-119.926	-7.366
7709	1665.000	-0.930	-1.094	0.047	-123.683	-9.285
7725	1665.000	-0.867	-0.959	0.000	-120.219	24.292
7741	1665.000	-1.061	-1.643	0.000	-145.433	-18.828
7757	1665.000	-0.873	-1.196	0.055	-139.843	-7.543
7773	1665.000	-0.918	-1.313	0.000	-119.620	-11.679
7789	1665.000	-0.991	-1.039	0.000	-128.484	24.600
7805	1665.000	-0.924	-0.930	0.059	-147.123	24.603
7821	1665.000	-0.788	-0.945	0.041	-121.659	6.613
7837	1665.000	-0.956	-1.399	0.000	-131.142	-8.786
7853	1665.000	-1.035	-1.408	0.000	-124.251	-16.500
7869	1665.000	-0.992	-1.180	0.000	-121.814	3.800
7885	1665.000	-0.903	-1.012	0.000	-125.790	24.627
7901	1665.000	-0.928	-1.361	0.032	-139.220	-12.858
7917	1665.000	-0.890	-1.038	0.000	-119.620	15.844
7933	1665.000	-0.943	-1.133	0.000	-119.903	6.649
7949	1665.000	-0.952	-0.943	0.039	-121.174	7.263
7965	1665.000	-0.932	-1.407	0.000	-119.633	-21.083
7981	1665.000	-0.971	-1.414	0.000	-119.620	-21.808
7997	1665.000	-0.912	-1.079	0.000	-130.574	22.629
8013	1665.000	-0.976	-1.343	0.000	-119.620	-14.637
8029	1665.000	-0.951	-1.245	0.000	-128.209	3.678
8045	1665.000	-0.895	-1.026	0.000	-123.683	21.104
8061	1665.000	-0.933	-1.348	0.000	-119.626	-15.127
8077	1665.000	-0.972	-1.081	0.030	-128.194	4.929
8093	1665.000	-0.996	-1.319	0.000	-120.929	-10.994
8109	1665.000	-0.913	-1.066	0.000	-123.683	17.107
8125	1665.000	-1.012	-1.451	0.000	-132.792	-12.331
8765	1665.000	-0.362	-0.481	0.000	-24.167	-23.983
8781	1665.000	-0.290	-0.140	0.053	-24.230	-16.059
8797	1665.000	-0.326	-0.133	0.000	-24.190	10.909
8813	1665.000	-0.252	-0.066	0.000	-23.989	17.415
8829	1665.000	-0.170	0.433	0.107	-24.010	14.022
8845	1665.000	-0.192	0.401	0.126	-24.019	0.967
8861	1665.000	-0.336	-0.023	0.031	-24.190	6.576
8877	1665.000	-0.325	-0.190	0.027	-23.980	-8.670
8893	1665.000	-0.293	0.126	0.024	-24.049	24.514
8909	1665.000	-0.290	-0.013	0.064	-24.427	-8.919
8925	1665.000	-0.339	-0.387	0.000	-24.057	-14.596
8941	1665.000	-0.231	0.256	0.060	-24.200	19.879
8957	1665.000	-0.279	-0.319	0.000	-24.298	-7.576
8973	1665.000	-0.217	0.455	0.116	-25.005	12.593
8989	1665.000	-0.222	0.053	0.107	-24.265	-24.086
9005	1665.000	-0.251	0.091	0.047	-24.314	9.911
9021	1665.000	-0.394	-0.403	0.011	-24.693	-20.967
9037	1665.000	-0.243	-0.098	0.053	-24.024	-12.075
9053	1665.000	-0.262	-0.441	0.000	-24.065	-20.017
9069	1665.000	-0.270	-0.360	0.021	-24.137	-22.481
9085	1665.000	-0.292	-0.255	0.000	-23.989	-1.535
9101	1665.000	-0.297	-0.170	0.013	-24.201	0.542
9117	1665.000	-0.233	-0.200	0.022	-24.216	-6.597
9133	1665.000	-0.208	-0.152	0.032	-23.986	-7.154
9149	1665.000	-0.383	-0.403	0.000	-24.659	-15.646
9165	1665.000	-0.380	-0.412	0.000	-23.984	-17.169
9181	1665.000	-0.274	-0.322	0.000	-23.982	-8.250
9197	1665.000	-0.140	0.724	0.156	-24.466	18.780
9213	1665.000	-0.266	0.292	0.061	-23.980	22.837
9229	1665.000	-0.259	-0.164	0.042	-24.114	-13.468
9245	1665.000	-0.288	-0.050	0.000	-24.401	19.436
9261	1665.000	-0.226	-0.018	0.000	-24.077	22.246
9277	1665.000	-0.328	-0.012	0.000	-24.461	23.251
9293	1665.000	-0.260	-0.220	0.041	-24.439	-17.984
9309	1665.000	-0.212	0.372	0.093	-24.270	15.105
9325	1665.000	-0.320	-0.295	0.000	-24.109	-5.406
9341	1665.000	-0.267	-0.069	0.000	-24.388	17.470
9357	1665.000	-0.300	-0.101	0.000	-24.377	14.325
9373	1665.000	-0.179	0.101	0.115	-24.223	-23.013
10013	1665.000	-0.362	-0.250	0.000	-28.848	3.808
10029	1665.000	-0.360	-0.443	0.000	-28.872	-15.399
10045	1665.000	-0.314	-0.111	0.000	-28.839	17.727
10061	1665.000	-0.338	-0.044	0.000	-29.043	24.615
10077	1665.000	-0.313	0.060	0.041	-28.734	14.311
10093	1665.000	-0.241	0.389	0.132	-29.046	2.143
10109	1665.000	-0.321	0.024	0.065	-28.953	-0.857
10125	1665.000	-0.356	-0.314	0.019	-28.993	-11.884
10141	1665.000	-0.292	0.055	0.071	-28.991	-0.872
10157	1665.000	-0.219	0.208	0.143	-28.898	-21.782
10173	1665.000	-0.320	0.163	0.062	-28.959	14.280
10189	1665.000	-0.282	0.175	0.060	-29.085	16.383
10205	1665.000	-0.325	-0.174	0.027	-28.912	-2.010
10221	1665.000	-0.255	0.386	0.097	-29.012	18.912
10237	1665.000	-0.279	-0.084	0.051	-28.758	-4.934
10253	1665.000	-0.340	-0.108	0.000	-29.725	18.944
10269	1665.000	-0.341	0.055	0.064	-28.788	2.395
10285	1665.000	-0.417	-0.520	0.000	-28.847	-23.201
10301	1665.000	-0.323	-0.367	0.011	-29.735	-12.368
10317	1665.000	-0.421	-0.458	0.012	-29.099	-22.561
10333	1665.000	-0.377	-0.244	0.000	-29.655	5.269
10349	1665.000	-0.242	0.461	0.134	-29.225	8.243
10365	1665.000	-0.341	-0.093	0.000	-28.749	19.486
10381	1665.000	-0.438	-0.510	0.000	-29.436	-21.577
10397	1665.000	-0.326	-0.228	0.000	-29.109	6.337
10413	1665.000	-0.258	0.559	0.183	-28.857	-6.667
10429	1665.000	-0.354	-0.158	0.075	-29.500	-23.739
10445	1665.000	-0.399	-0.127	0.000	-29.383	16.680
10461	1665.000	-0.341	-0.159	0.055	-29.198	-14.081
10477	1665.000	-0.021	1.519	0.369	-29.012	-3.432
10493	1665.000	-0.380	-0.088	0.000	-29.269	20.439
10509	1665.000	-0.322	-0.103	0.000	-29.202	18.906
10525	1665.000	-0.290	-0.157	0.073	-28.731	-23.256
10541	1665.000	-0.268	0.239	0.106	-28.818	-0.205
10557	1665.000	-0.327	-0.116	0.018	-28.879	8.095
10573	1665.000	-0.336	-0.263	0.050	-28.925	-22.568
10589	1665.000	-0.368	-0.361	0.000	-28.813	-7.256
10605	1665.000	-0.202	0.907	0.212	-29.001	13.885
10621	1665.000	-0.369	-0.181	0.000	-28.732	10.605
11277	1665.000	-0.325	-0.090	0.059	-29.146	-9.322
11293	1665.000	-0.363	-0.222	0.000	-28.731	6.564
11309	1665.000	-0.326	-0.234	0.035	-28.078	-12.638
11325	1665.000	-0.226	0.338	0.126	-28.465	-0.811
11341	1665.000	-0.379	-0.399	0.000	-28.358	-11.533
11357	1665.000	-0.404	-0.371	0.014	-28.078	-15.940
11373	1665.000	-0.347	-0.057	0.000	-28.681	22.993
11389	1665.000	-0.349	-0.297	0.034	-28.333	-18.216
11405	1665.000	-0.295	0.253	0.135	-28.108	-13.922
11421	1665.000	-0.358	-0.076	0.000	-28.247	20.606
11437	1665.000	-0.355	-0.179	0.000	-28.330	10.441
11453	1665.000	-0.087	0.863	0.220	-28.499	4.777
11469	1665.000	-0.290	-0.287	0.025	-28.253	-13.111
11485	1665.000	-0.306	-0.032	0.080	-28.267	-15.039
11501	1665.000	-0.359	-0.222	0.000	-28.264	6.038
11517	1665.000	-0.308	-0.241	0.013	-28.284	-2.429
11533	1665.000	-0.372	-0.523	0.000	-28.249	-24.018
11549	1665.000	-0.311	-0.281	0.040	-28.772	-19.269
11565	1665.000	-0.370	-0.408	0.000	-28.327	-12.458
11581	1665.000	-0.379	-0.297	0.000	-28.089	-1.626
11597	1665.000	-0.317	0.095	0.077	-29.165	0.317
11613	1665.000	-0.271	0.276	0.121	-28.086	-4.668
11629	1665.000	-0.113	1.032	0.301	-28.263	-19.197
11645	1665.000	-0.360	-0.147	0.056	-28.261	-14.479
11661	1665.000	-0.198	0.711	0.160	-28.246	19.302
11677	1665.000	-0.215	0.430	0.148	-28.638	-2.205
11693	1665.000	-0.269	0.033	0.103	-28.222	-20.074
11709	1665.000	-0.122	1.148	0.304	-28.146	-9.194
11725	1665.000	-0.333	-0.075	0.029	-28.276	6.186
11741	1665.000	-0.352	-0.063	0.000	-28.344	22.005
11757	1665.000	-0.328	-0.064	0.000	-28.127	21.769
11773	1665.000	-0.301	-0.166	0.000	-28.093	11.457
11789	1665.000	-0.277	0.162	0.081	-28.358	4.219
11805	1665.000	-0.189	0.458	0.134	-28.226	7.114
11821	1665.000	-0.363	-0.272	0.000	-28.403	1.174
11837	1665.000	-0.329	-0.237	0.027	-28.252	-8.778
11853	1665.000	-0.357	-0.381	0.018	-28.698	-18.231
11869	1665.000	-0.119	0.994	0.248	-28.468	3.899
11885	1665.000	-0.206	0.386	0.145	-28.200	-5.893
12525	1665.000	-0.302	-0.157	0.000	-23.156	7.442
12541	1665.000	-0.261	0.039	0.064	-22.689	-5.473
12557	1665.000	-0.275	-0.222	0.029	-22.603	-14.150
12573	1665.000	-0.130	0.503	0.096	-22.736	24.769
12589	1665.000	-0.326	-0.426	0.000	-22.943	-19.685
12605	1665.000	-0.307	-0.370	0.000	-22.665	-14.346
12621	1665.000	-0.275	-0.193	0.000	-23.224	3.914
12637	1665.000	-0.151	0.568	0.127	-22.891	16.290
12653	1665.000	-0.292	-0.333	0.000	-22.670	-10.662
12669	1665.000	-0.096	0.609	0.146	-23.003	10.987
12685	1665.000	-0.250	-0.052	0.000	-22.541	17.308
12701	1665.000	-0.257	-0.118	0.000	-22.541	10.740
12717	1665.000	-0.334	-0.246	0.000	-22.545	-2.090
12733	1665.000	-0.274	-0.257	0.000	-22.554	-3.133
12749	1665.000	-0.086	0.798	0.220	-22.539	-7.491
12765	1665.000	-0.228	0.077	0.093	-22.541	-16.153
12781	1665.000	-0.294	-0.305	0.000	-22.671	-7.874
12797	1665.000	-0.303	-0.222	0.000	-22.545	0.369
12813	1665.000	-0.314	-0.084	0.005	-23.028	12.380
12829	1665.000	-0.243	0.026	0.015	-22.659	17.700
12845	1665.000	-0.272	-0.382	0.000	-22.539	-15.662
12861	1665.000	-0.295	-0.328	0.013	-22.659	-16.498
12877	1665.000	-0.236	-0.473	0.000	-22.546	-24.754
12893	1665.000	-0.309	-0.395	0.000	-22.541	-16.941
12909	1665.000	-0.236	0.163	0.104	-22.540	-13.263
12925	1665.000	-0.067	0.610	0.213	-22.684	-23.075
12941	1665.000	-0.250	-0.061	0.000	-23.049	16.999
12957	1665.000	-0.176	0.174	0.079	-22.539	0.620
12973	1665.000	-0.247	-0.234	0.012	-22.845	-6.300
12989	1665.000	-0.362	-0.134	0.000	-22.925	9.504
13005	1665.000	-0.249	-0.077	0.070	-22.913	-19.896
13021	1665.000	-0.259	0.023	0.007	-22.642	21.405
13037	1665.000	-0.246	-0.101	0.000	-22.549	12.426
13053	1665.000	-0.189	0.277	0.096	-23.252	2.894
13069	1665.000	-0.260	-0.104	0.000	-23.096	12.684
13085	1665.000	-0.257	-0.387	0.000	-22.607	-16.109
13101	1665.000	-0.313	-0.031	0.000	-23.355	20.277
13117	1665.000	-0.246	-0.026	0.000	-22.697	20.072
13133	1665.000	-0.316	-0.429	0.000	-22.621	-20.284
13773	1665.000	-0.600	-0.757	0.066	-124.131	15.634
13789	1665.000	-0.964	-1.250	0.000	-121.496	-3.487
13805	1665.000	-0.962	-1.188	0.000	-132.002	13.159
13821	1665.000	-1.005	-1.389	0.000	-125.110	-13.792
13837	1665.000	-0.949	-1.434	0.000	-121.510	-21.886
13853	1665.000	1.331	4.074	0.098	-136.170	-5.259
13869	1665.000	-0.863	-0.816	0.060	-122.821	11.151
13885	1665.000	-0.895	-0.989	0.013	-121.496	16.080
13901	1665.000	-0.983	-1.005	0.000	-123.971	23.460
13917	1665.000	-0.658	-1.363	0.000	-121.987	-14.273
13933	1665.000	-0.972	-1.052	0.000	-122.057	16.898
13949	1665.000	-0.982	-1.471	0.000	-125.559	-21.515
13965	1665.000	-0.996	-1.381	0.000	-121.496	-16.624
13981	1665.000	-1.008	-1.143	0.000	-132.468	18.216
13997	1665.000	-0.851	-0.797	0.059	-130.044	20.777
14013	1665.000	-1.029	-1.071	0.000	-123.250	16.164
14029	1665.000	-0.958	-1.562	0.000	-144.451	-11.716
14045	1665.000	-0.957	-1.188	0.000	-135.457	16.646
14061	1665.000	-0.981	-1.158	0.000	-121.512	5.722
14077	1665.000	-0.987	-1.247	0.000	-126.728	2.020
14093	1665.000	-0.888	-0.592	0.092	-122.101	16.623
14109	1665.000	-0.934	-1.107	0.000	-123.054	12.389
14125	1665.000	-0.985	-1.571	0.000	-137.682	-19.373
14141	1665.000	-0.939	-1.104	0.049	-133.504	-1.259
14157	1665.000	-0.924	-1.143	0.000	-121.539	7.214
14173	1665.000	-0.976	-1.459	0.000	-125.571	-20.302
14189	1665.000	-0.905	-1.157	0.000	-137.959	22.299
14205	1665.000	-0.948	-0.992	0.000	-121.502	22.333
14221	1665.000	-0.945	-0.969	0.022	-122.153	14.291
14237	1665.000	-0.997	-1.134	0.000	-136.786	23.382
14253	1665.000	-0.973	-1.197	0.000	-121.496	1.799
14269	1665.000	-0.982	-1.221	0.000	-126.666	4.529
14285	1665.000	-0.988	-1.341	0.000	-127.906	-6.152
14301	1665.000	-0.887	-1.143	0.000	-123.427	9.119
14317	1665.000	-0.908	-0.726	0.048	-121.567	24.812
14333	1665.000	-0.533	-1.224	0.000	-130.044	7.654
14349	1665.000	-0.997	-1.327	0.000	-130.872	-1.814
14365	1665.000	-0.956	-1.099	0.000	-121.512	11.648
14381	1665.000	-0.860	-1.377	0.000	-127.516	-10.203
