# NEST version: 3.6.0-post0.dev0
# RecordingBackendASCII version: 2
sender	time_ms
506	175.482
6314	175.482
6602	175.482
7514	175.482
13834	175.482
506	175.966
6314	175.966
6602	175.966
7514	175.966
13834	175.966
506	176.450
6314	176.450
6602	176.450
7514	176.450
13834	176.450
506	176.934
6314	176.934
6602	176.934
7514	176.934
13834	176.934
506	177.419
6314	177.419
6602	177.419
7514	177.419
13834	177.419
506	177.904
5274	177.983
6314	177.904
6602	177.904
7514	177.904
13834	177.904
506	178.389
1802	178.481
5354	178.482
6314	178.389
6602	178.389
7514	178.389
13834	178.389
506	178.874
5274	178.967
6314	178.874
6602	178.874
7514	178.874
13834	178.874
506	179.360
1322	179.483
5354	179.466
6314	179.360
6602	179.360
7514	179.360
13834	179.360
506	179.845
6314	179.845
6602	179.845
7514	179.845
11450	179.982
13834	179.845
1802	180.466
5274	180.452
6602	180.331
7514	180.331
8842	180.483
11882	180.482
13050	180.482
2730	180.981
3882	180.981
3930	180.981
8890	180.982
10090	180.982
13834	180.834
3978	181.481
4298	181.482
2682	181.982
6314	181.839
11850	181.982
