# NEST version: 3.6.0-post0.dev0
# RecordingBackendASCII version: 2
sender	time_ms
6583	175.482
6743	175.482
7527	175.483
14231	175.482
14375	175.482
6583	175.966
6743	175.966
7527	175.966
14231	175.965
14375	175.965
6583	176.450
6743	176.450
7527	176.450
14231	176.450
14375	176.450
6583	176.934
6743	176.934
7527	176.935
14231	176.934
14375	176.934
6583	177.418
6743	177.419
7527	177.419
14231	177.418
14375	177.418
6583	177.903
6743	177.904
7527	177.904
14231	177.903
14375	177.903
1431	178.483
5463	178.483
6583	178.388
6743	178.389
7527	178.389
14231	178.388
14375	178.388
6583	178.874
6743	178.874
7527	178.874
12695	178.983
13127	178.983
14231	178.874
14375	178.874
1431	179.467
1479	179.482
1703	179.481
6583	179.359
6743	179.360
7527	179.360
11495	179.481
12647	179.483
14231	179.359
14375	179.359
5127	179.982
5271	179.982
5575	179.982
6583	179.845
6743	179.845
7527	179.846
13127	179.967
14231	179.845
14375	179.845
4215	180.482
5351	180.482
5463	180.467
8919	180.483
12695	180.467
14231	180.331
14375	180.331
2599	180.981
4039	180.981
4151	180.982
4295	180.982
6743	180.834
7527	180.834
12567	180.982
14231	180.817
14375	180.817
1447	181.483
6583	181.336
10567	181.482
11495	181.466
