# NEST version: 3.6.0-post0.dev0
# RecordingBackendASCII version: 2
sender	time_ms
14345	174.982
201	175.482
457	175.482
6345	175.482
7625	175.483
7737	175.482
14313	175.482
14345	175.466
201	175.966
457	175.966
6345	175.966
7625	175.966
7737	175.966
14313	175.965
14345	175.950
201	176.450
457	176.450
6345	176.450
7625	176.450
7737	176.450
14313	176.450
14345	176.434
201	176.934
457	176.934
6345	176.934
7625	176.935
7737	176.934
14313	176.934
14345	176.919
201	177.418
457	177.418
6345	177.419
7625	177.419
7737	177.418
14313	177.418
14345	177.404
201	177.903
457	177.903
6345	177.904
7625	177.904
7737	177.903
14313	177.903
14345	177.889
201	178.388
457	178.388
5273	178.482
5625	178.480
6345	178.389
7625	178.389
7737	178.388
14313	178.388
14345	178.374
201	178.874
457	178.874
6345	178.874
7625	178.874
7737	178.874
14313	178.874
14345	178.860
201	179.359
457	179.359
1657	179.481
1865	179.483
6345	179.360
7625	179.360
7737	179.359
11657	179.481
12921	179.482
14313	179.359
14345	179.345
201	179.845
457	179.845
1577	179.982
5017	179.983
5273	179.967
6345	179.845
7625	179.846
7737	179.845
8921	179.983
13033	179.983
14313	179.845
14345	179.831
201	180.331
5625	180.465
6345	180.331
7625	180.332
9033	180.481
9193	180.482
11369	180.482
12617	180.483
14345	180.318
1721	180.983
4041	180.981
6345	180.818
11657	180.966
11865	180.981
12761	180.982
457	181.336
14313	181.336
