# NEST version: 3.6.0-post0.dev0
# RecordingBackendASCII version: 2
sender	time_ms
7590	175.482
8118	175.482
14278	175.482
7590	175.966
8118	175.966
14278	175.966
7590	176.450
8118	176.450
14278	176.450
7590	176.934
8118	176.934
14278	176.934
7590	177.418
8118	177.418
14278	177.419
7590	177.903
8118	177.903
14278	177.904
1574	178.482
7590	178.388
8118	178.388
9110	178.483
14278	178.389
1350	178.983
7590	178.874
8118	178.874
8790	178.982
12982	178.983
14278	178.874
7590	179.359
8118	179.359
12726	179.482
14278	179.360
4182	179.981
7590	179.845
9110	179.967
14278	179.845
1574	180.467
5398	180.482
8966	180.482
10134	180.482
12982	180.468
13062	180.483
3894	180.981
14278	180.834
2662	181.481
3110	181.481
4150	181.481
8118	181.854
11446	181.981
