# NEST version: 3.6.0-post0.dev0
# RecordingBackendASCII version: 2
sender	time_ms
49	175.482
161	175.483
321	175.482
6289	175.482
6721	175.483
6849	175.483
13841	175.482
49	175.966
161	175.966
321	175.966
6289	175.966
6721	175.966
6849	175.966
13841	175.965
49	176.450
161	176.450
321	176.450
6289	176.450
6721	176.450
6849	176.450
13841	176.450
49	176.934
161	176.935
321	176.934
6289	176.934
6721	176.935
6849	176.935
13841	176.934
49	177.418
161	177.419
321	177.418
6289	177.418
6721	177.419
6849	177.419
13841	177.418
49	177.903
161	177.904
321	177.903
6289	177.903
6721	177.904
6849	177.904
13841	177.903
49	178.388
161	178.389
321	178.388
6289	178.388
6721	178.389
6849	178.389
13073	178.483
13841	178.388
49	178.874
161	178.874
321	178.874
5345	178.983
6289	178.874
6721	178.874
6849	178.874
13841	178.874
49	179.359
161	179.360
321	179.359
5041	179.483
6289	179.359
6721	179.360
6849	179.360
9345	179.482
13841	179.359
49	179.845
161	179.846
2769	179.982
2801	179.981
2897	179.981
6721	179.846
6849	179.846
12673	179.982
13073	179.967
49	180.331
161	180.332
321	180.347
2577	180.482
3057	180.482
4369	180.483
6289	180.347
6849	180.332
10177	180.481
13121	180.483
49	180.817
161	180.818
2769	180.966
11377	180.982
10209	181.481
11329	181.482
11617	181.481
161	181.807
49	182.310
13841	182.356
