# NEST version: 3.6.0-post0.dev0
# RecordingBackendASCII version: 2
sender	time_ms
460	175.482
7564	175.482
460	175.966
7564	175.966
460	176.450
7564	176.450
460	176.934
7564	176.934
460	177.419
7564	177.419
460	177.904
7564	177.904
460	178.389
7564	178.389
460	178.874
7564	178.874
460	179.360
7564	179.360
10364	179.481
12924	179.482
460	179.845
7564	179.845
10012	179.982
460	180.331
2828	180.481
2972	180.482
3820	180.483
7564	180.331
8908	180.482
460	180.818
1852	180.982
3020	180.981
4220	180.982
8844	180.982
10364	180.965
2828	181.465
4300	181.482
11724	181.482
2908	181.981
