# NEST version: 3.6.0-post0.dev0
# RecordingBackendASCII version: 2
sender	time_ms
69	175.482
565	175.482
6277	175.482
6773	175.482
7733	175.482
13973	175.481
14037	175.481
69	175.966
565	175.966
6277	175.966
6773	175.966
7733	175.966
13973	175.965
14037	175.965
69	176.450
565	176.450
6277	176.450
6773	176.450
7733	176.450
13973	176.449
14037	176.449
69	176.934
565	176.934
6277	176.934
6773	176.934
7733	176.934
13973	176.933
14037	176.933
69	177.419
565	177.419
6277	177.418
6773	177.419
7733	177.419
13973	177.418
14037	177.418
69	177.904
565	177.904
6277	177.903
6773	177.904
7733	177.904
13973	177.903
14037	177.903
69	178.389
565	178.389
1429	178.481
5429	178.481
6277	178.388
6773	178.389
7733	178.389
13973	178.388
14037	178.388
69	178.874
565	178.874
1397	178.983
6277	178.874
6773	178.874
7733	178.874
12885	178.982
13973	178.873
14037	178.873
69	179.360
565	179.360
1733	179.483
5429	179.465
6277	179.359
6773	179.360
7733	179.360
13973	179.359
14037	179.359
69	179.845
565	179.845
1429	179.965
1653	179.982
1669	179.982
3045	179.981
4021	179.982
6277	179.845
6773	179.845
7733	179.845
10069	179.981
13973	179.845
14037	179.845
69	180.331
565	180.331
3957	180.482
5429	180.449
6277	180.331
6773	180.331
8821	180.483
11541	180.481
12533	180.483
13045	180.483
13973	180.331
14037	180.331
10069	180.965
11701	180.981
7733	181.336
6773	182.326
13973	182.325
