# NEST version: 3.6.0-post0.dev0
# RecordingBackendASCII version: 2
sender	time_ms
6564	175.482
6676	175.482
7764	175.482
7796	175.482
6564	175.966
6676	175.966
7764	175.966
7796	175.966
6564	176.450
6676	176.450
7764	176.450
7796	176.450
6564	176.934
6676	176.934
7764	176.934
7796	176.934
6564	177.418
6676	177.419
7764	177.418
7796	177.419
6564	177.903
6676	177.904
7764	177.903
7796	177.904
6564	178.388
6676	178.389
7764	178.388
7796	178.389
8772	178.482
5332	178.982
6564	178.874
6660	178.982
6676	178.874
7764	178.874
7796	178.874
12980	178.982
4228	179.482
6564	179.359
6676	179.360
7764	179.359
7796	179.360
8772	179.466
10068	179.482
10308	179.480
1652	179.983
1796	179.983
6564	179.845
6676	179.845
7764	179.845
7796	179.845
1780	180.483
5252	180.483
6676	180.331
7764	180.331
10308	180.465
11668	180.981
2916	181.482
5476	181.482
5508	181.483
11828	181.482
12548	181.482
